Time,Open,High,Low,Close,Vol
20260105093000,241.110,241.110,241.110,241.110,7
20260105093100,241.110,243.710,241.060,243.030,102
20260105093200,242.290,243.710,242.280,242.960,140
20260105093300,242.960,243.300,242.290,242.400,117
20260105093400,243.250,243.250,241.000,241.000,140
20260105093500,240.830,240.830,239.150,239.440,184
20260105093600,239.410,240.520,239.050,240.000,78
20260105093700,240.080,241.800,240.080,241.800,62
20260105093800,240.680,241.820,240.680,241.680,82
20260105093900,241.500,242.380,241.500,241.820,64
20260105094000,241.920,241.950,241.570,241.570,20
20260105094100,241.080,244.360,241.000,244.020,232
20260105094200,244.020,244.440,244.020,244.360,71
20260105094300,244.190,244.660,244.000,244.240,37
20260105094400,244.660,245.860,244.660,245.010,90
20260105094500,245.740,245.740,244.760,245.010,47
20260105094600,245.130,245.780,245.070,245.780,70
20260105094700,245.700,245.790,245.530,245.770,54
20260105094800,245.360,245.570,245.260,245.260,24
20260105094900,246.020,246.300,245.980,245.980,100
20260105095000,246.300,246.900,246.200,246.880,110
20260105095100,246.900,246.900,245.670,245.680,40
20260105095200,245.670,246.710,245.670,246.190,69
20260105095300,246.700,246.700,245.720,245.720,59
20260105095400,246.210,246.250,245.820,246.250,82
20260105095500,246.690,246.690,245.960,245.960,84
20260105095600,246.000,246.390,246.000,246.390,35
20260105095700,246.620,246.700,246.160,246.160,47
20260105095800,246.780,247.500,246.780,247.400,174
20260105095900,247.410,247.410,246.570,246.580,29
20260105100000,246.790,247.400,246.790,246.960,39
20260105100100,247.000,247.500,247.000,247.500,25
20260105100200,247.090,247.620,247.090,247.230,40
20260105100300,246.970,247.070,246.600,247.070,105
20260105100400,247.590,247.600,247.030,247.030,23
20260105100500,247.580,247.580,246.660,246.750,105
20260105100600,246.990,246.990,246.500,246.500,38
20260105100700,246.850,246.850,246.310,246.400,9
20260105100800,246.330,246.660,246.310,246.310,34
20260105100900,246.390,246.790,246.330,246.790,25
20260105101000,246.780,246.790,246.270,246.410,36
20260105101100,246.820,247.220,246.820,247.170,41
20260105101200,246.580,247.160,246.580,247.160,7
20260105101300,246.620,247.260,246.580,247.260,31
20260105101400,247.240,247.240,246.720,246.940,8
20260105101500,246.930,247.210,246.300,246.720,38
20260105101600,246.300,247.220,246.300,246.710,44
20260105101700,246.620,247.100,246.620,247.100,48
20260105101800,247.100,247.190,246.560,247.190,22
20260105101900,247.130,247.130,247.130,247.130,2
20260105102000,247.140,247.620,246.740,246.740,266
20260105102100,247.650,247.680,247.590,247.590,15
20260105102200,247.410,247.650,247.410,247.610,25
20260105102300,247.610,247.610,247.180,247.180,10
20260105102400,247.600,247.780,247.600,247.780,39
20260105102500,247.780,247.900,247.780,247.900,44
20260105102600,247.850,247.880,247.300,247.880,24
20260105102700,247.840,247.850,247.300,247.640,94
20260105102800,247.800,248.000,247.540,247.610,48
20260105102900,247.850,247.910,247.610,247.610,14
20260105103000,247.900,247.990,247.900,247.990,18
20260105103100,247.990,248.000,247.680,248.000,54
20260105103200,247.910,248.460,247.910,248.460,47
20260105103300,248.500,248.780,248.430,248.490,14
20260105103400,247.950,248.460,247.950,248.460,12
20260105103500,248.460,248.840,248.460,248.840,35
20260105103600,248.840,248.840,248.360,248.520,31
20260105103700,248.150,248.780,248.110,248.780,13
20260105103800,248.120,248.800,248.120,248.790,83
20260105103900,248.240,248.500,248.110,248.500,23
20260105104000,248.630,248.820,248.610,248.820,36
20260105104100,249.100,249.380,248.940,249.080,112
20260105104200,248.850,249.390,248.850,249.390,52
20260105104300,249.270,250.000,248.870,250.000,139
20260105104400,250.000,250.000,249.630,250.000,22
20260105104500,250.000,250.250,249.500,249.500,32
20260105104600,249.980,250.490,249.180,249.760,37
20260105104700,249.560,249.930,249.490,249.890,21
20260105104800,249.900,250.500,249.620,249.900,116
20260105104900,250.190,250.780,250.190,250.780,16
20260105105000,250.220,250.220,249.880,249.960,38
20260105105100,249.990,250.210,249.490,249.950,34
20260105105200,249.710,249.950,249.710,249.950,24
20260105105300,249.950,250.220,249.940,250.220,25
20260105105400,250.250,250.440,249.700,249.700,22
20260105105500,250.250,250.500,249.800,250.400,35
20260105105600,250.380,250.380,250.380,250.380,4
20260105105700,250.430,250.450,249.750,250.440,21
20260105105800,250.440,251.660,250.420,250.820,182
20260105105900,250.770,251.380,250.550,251.380,32
20260105110000,251.380,251.380,250.500,251.340,44
20260105110100,250.740,251.240,250.740,251.150,11
20260105110200,251.200,251.300,250.800,251.220,31
20260105110300,250.800,251.280,250.800,251.280,33
20260105110400,250.820,251.670,250.810,251.380,132
20260105110500,251.410,251.660,251.410,251.660,25
20260105110600,251.660,251.700,251.660,251.700,29
20260105110700,251.480,251.680,251.480,251.680,15
20260105110800,251.800,252.000,251.690,251.690,119
20260105110900,251.700,251.720,251.390,251.390,10
20260105111000,251.680,251.930,251.680,251.930,24
20260105111100,252.000,252.400,251.920,251.920,68
20260105111200,251.880,252.050,251.470,251.470,16
20260105111300,251.770,251.780,251.240,251.240,22
20260105111400,251.270,251.760,251.270,251.760,26
20260105111500,251.780,251.940,251.630,251.940,58
20260105111600,251.700,251.780,251.500,251.500,23
20260105111700,251.730,251.990,251.550,251.990,25
20260105111800,251.830,252.460,251.830,252.400,109
20260105111900,252.450,253.000,252.250,253.000,145
20260105112000,253.000,253.660,253.000,253.660,136
20260105112100,253.630,253.630,253.140,253.520,29
20260105112200,253.520,254.540,253.490,254.540,186
20260105112300,254.700,254.760,254.160,254.160,75
20260105112400,254.190,256.380,254.190,255.860,290
20260105112500,255.530,255.850,254.270,254.600,32
20260105112600,254.600,255.460,254.280,254.600,142
20260105112700,254.600,255.330,254.600,255.330,17
20260105112800,255.260,255.260,254.600,254.970,11
20260105112900,254.890,254.990,254.890,254.990,12
20260105113000,255.000,255.260,254.320,255.260,20
20260105130100,255.250,255.250,254.550,255.000,61
20260105130200,255.000,255.000,254.550,254.550,7
20260105130300,254.270,254.270,253.110,254.270,59
20260105130400,253.450,253.450,253.080,253.340,23
20260105130500,253.000,253.000,252.400,252.420,159
20260105130600,252.420,253.300,252.420,253.300,17
20260105130700,253.010,253.010,252.870,252.870,32
20260105130800,252.940,253.300,252.940,253.300,41
20260105130900,253.290,253.300,253.000,253.000,19
20260105131000,253.070,253.070,252.910,252.910,19
20260105131100,253.340,254.270,253.000,253.360,66
20260105131200,253.480,254.430,253.480,254.260,13
20260105131300,254.370,254.370,253.510,253.510,4
20260105131400,254.190,254.300,254.190,254.200,18
20260105131500,254.300,254.420,254.300,254.420,34
20260105131600,253.660,255.000,253.660,255.000,31
20260105131700,254.940,255.260,254.360,255.260,29
20260105131800,254.380,255.000,254.380,255.000,24
20260105131900,255.300,255.330,254.890,254.990,60
20260105132000,255.310,255.330,254.660,255.000,51
20260105132100,254.600,255.300,254.410,255.300,56
20260105132200,255.300,255.330,254.790,255.320,23
20260105132300,255.000,255.000,254.910,255.000,16
20260105132400,255.070,255.300,255.000,255.300,12
20260105132500,255.060,255.060,254.180,254.180,31
20260105132600,254.830,255.050,254.830,254.870,10
20260105132700,255.280,255.280,255.270,255.280,22
20260105132800,255.180,255.280,255.000,255.000,17
20260105132900,255.040,255.040,254.950,255.010,12
20260105133000,255.010,255.100,254.950,254.980,22
20260105133100,255.020,255.260,255.020,255.260,7
20260105133200,255.280,255.280,254.280,254.930,65
20260105133300,254.970,255.280,254.670,254.670,15
20260105133400,255.190,255.190,254.480,254.480,17
20260105133500,254.480,254.480,254.010,254.020,20
20260105133600,254.020,254.850,254.020,254.690,14
20260105133700,254.080,254.720,254.080,254.150,18
20260105133800,254.630,254.850,254.580,254.850,10
20260105133900,254.590,255.140,254.210,255.010,80
20260105134000,255.020,255.020,254.350,255.000,6
20260105134100,254.420,254.990,254.420,254.500,19
20260105134200,254.500,254.990,254.500,254.530,22
20260105134300,255.000,255.000,255.000,255.000,10
20260105134400,255.000,255.000,255.000,255.000,4
20260105134500,255.000,255.120,254.540,255.110,27
20260105134600,254.560,254.600,254.560,254.600,7
20260105134700,254.560,255.020,254.540,254.540,9
20260105134800,255.070,255.070,255.070,255.070,8
20260105134900,255.070,255.500,255.070,255.500,74
20260105135000,255.780,255.820,255.620,255.820,67
20260105135100,255.850,255.980,255.850,255.980,36
20260105135200,255.970,255.970,255.140,255.210,100
20260105135300,255.640,255.640,255.140,255.140,18
20260105135400,255.360,255.580,254.500,255.580,38
20260105135500,255.580,255.600,255.150,255.420,21
20260105135600,255.420,255.600,255.420,255.420,26
20260105135700,255.900,255.950,255.900,255.950,33
20260105135800,255.810,256.000,255.580,256.000,90
20260105135900,256.000,256.000,255.990,256.000,38
20260105140000,256.500,256.500,255.800,255.800,44
20260105140100,255.870,256.270,255.870,256.030,35
20260105140200,255.790,255.790,254.800,255.290,88
20260105140300,255.470,255.530,255.450,255.450,17
20260105140400,255.460,255.600,255.460,255.600,8
20260105140500,255.600,255.720,255.390,255.390,12
20260105140600,255.560,255.610,255.560,255.610,9
20260105140700,255.660,255.790,255.660,255.660,13
20260105140800,255.950,255.950,255.610,255.610,20
20260105140900,255.950,255.950,255.620,255.950,36
20260105141000,255.950,255.950,255.700,255.700,10
20260105141100,255.890,255.930,255.710,255.710,19
20260105141200,255.560,255.950,255.560,255.940,16
20260105141300,255.560,255.900,255.560,255.560,14
20260105141400,255.900,255.910,255.900,255.910,10
20260105141500,255.910,255.970,255.770,255.970,17
20260105141600,255.590,255.590,255.200,255.200,58
20260105141700,255.380,255.380,254.990,254.990,28
20260105141800,255.030,255.030,254.990,254.990,5
20260105141900,255.380,255.380,255.290,255.300,16
20260105142000,255.300,255.510,254.840,254.940,23
20260105142100,255.370,255.590,255.360,255.590,18
20260105142200,255.370,255.450,255.370,255.440,10
20260105142300,255.450,255.600,255.280,255.280,25
20260105142400,255.420,255.790,255.250,255.790,16
20260105142500,255.750,255.760,255.750,255.760,5
20260105142600,255.230,255.800,255.230,255.310,14
20260105142700,255.760,255.760,255.750,255.750,6
20260105142800,255.800,255.800,255.340,255.370,30
20260105142900,255.410,255.800,255.370,255.370,17
20260105143000,255.660,255.720,255.660,255.720,10
20260105143100,255.350,255.790,255.350,255.790,17
20260105143200,255.780,255.780,255.370,255.370,6
20260105143300,255.780,255.860,255.780,255.860,6
20260105143400,255.890,255.920,255.600,255.600,15
20260105143500,255.920,255.920,255.700,255.920,10
20260105143600,255.930,255.940,255.640,255.880,32
20260105143700,255.640,255.880,255.640,255.810,20
20260105143800,255.950,256.300,255.950,256.280,170
20260105143900,256.300,256.370,256.000,256.000,28
20260105144000,256.000,256.190,256.000,256.180,25
20260105144100,256.180,256.210,255.870,256.190,25
20260105144200,256.100,256.110,255.870,256.110,32
20260105144300,256.110,256.120,255.880,255.890,25
20260105144400,256.210,256.260,255.460,255.460,53
20260105144500,255.880,256.280,255.460,256.200,28
20260105144600,256.200,256.200,255.600,255.600,27
20260105144700,256.280,256.280,255.570,256.100,26
20260105144800,256.100,256.100,255.480,255.480,14
20260105144900,255.480,256.090,255.480,255.630,21
20260105145000,256.090,256.090,255.660,256.090,26
20260105145100,255.460,256.070,255.310,255.330,32
20260105145200,256.070,256.080,255.320,256.080,58
20260105145300,255.350,256.160,255.350,255.350,61
20260105145400,255.350,256.230,255.350,256.230,53
20260105145500,255.560,256.270,255.560,255.800,31
20260105145600,256.260,256.260,255.560,255.620,48
20260105145700,255.560,256.360,255.560,256.360,43
20260105145800,256.360,256.360,256.360,256.360,0
20260105145900,256.360,256.360,256.360,256.360,0
20260105150000,256.290,256.290,256.290,256.290,46
20260106093000,256.350,256.350,256.350,256.350,31
20260106093100,256.350,258.780,253.000,258.780,261
20260106093200,258.780,259.980,258.480,259.520,194
20260106093300,259.520,259.930,258.820,259.720,221
20260106093400,258.850,258.850,256.580,256.580,154
20260106093500,257.250,258.730,256.640,258.730,177
20260106093600,258.880,259.800,258.610,259.800,136
20260106093700,259.720,259.890,259.450,259.850,116
20260106093800,259.850,261.520,259.830,261.520,354
20260106093900,261.520,261.850,260.660,261.610,232
20260106094000,261.510,261.800,260.340,261.480,209
20260106094100,261.800,262.660,261.470,262.590,267
20260106094200,262.620,262.900,261.970,262.620,184
20260106094300,262.110,262.110,260.950,261.830,129
20260106094400,262.070,262.100,260.620,262.080,122
20260106094500,262.300,262.300,260.650,260.880,74
20260106094600,260.920,261.450,260.020,260.030,89
20260106094700,260.000,260.890,259.050,260.090,141
20260106094800,260.600,260.870,260.040,260.870,97
20260106094900,261.000,261.000,259.190,260.480,82
20260106095000,260.010,260.860,260.010,260.860,52
20260106095100,260.860,261.000,260.010,260.280,110
20260106095200,260.280,261.760,260.010,261.760,80
20260106095300,261.980,262.480,261.310,261.380,117
20260106095400,262.010,262.050,261.340,261.930,86
20260106095500,261.930,262.480,261.430,262.480,87
20260106095600,262.480,262.490,261.090,261.110,56
20260106095700,261.110,262.320,261.110,261.790,85
20260106095800,261.790,261.790,261.180,261.230,35
20260106095900,261.230,261.770,261.130,261.390,45
20260106100000,261.670,262.450,261.670,262.370,232
20260106100100,262.580,263.900,262.500,263.780,340
20260106100200,263.790,264.640,263.500,264.490,194
20260106100300,264.400,264.690,263.980,264.400,108
20260106100400,264.300,264.590,263.710,264.550,31
20260106100500,264.070,264.240,263.630,264.230,56
20260106100600,264.100,264.440,264.010,264.430,69
20260106100700,264.440,264.440,263.160,263.160,44
20260106100800,263.790,263.790,262.800,262.800,46
20260106100900,262.810,262.810,262.000,262.800,76
20260106101000,262.160,262.750,262.000,262.200,34
20260106101100,262.800,262.800,262.200,262.490,67
20260106101200,262.230,262.570,262.010,262.200,42
20260106101300,262.000,262.340,262.000,262.000,143
20260106101400,261.940,261.940,261.580,261.580,79
20260106101500,261.590,261.850,261.580,261.800,34
20260106101600,261.990,262.500,261.990,262.500,41
20260106101700,262.760,262.760,261.810,261.850,51
20260106101800,261.850,262.280,261.820,262.280,44
20260106101900,262.210,262.740,262.210,262.620,39
20260106102000,262.600,263.250,262.260,262.260,30
20260106102100,262.260,262.910,262.260,262.680,36
20260106102200,262.680,263.340,262.680,263.310,50
20260106102300,262.690,263.290,262.690,262.830,42
20260106102400,262.830,263.200,262.830,262.860,41
20260106102500,262.860,262.890,262.280,262.290,30
20260106102600,262.280,262.480,262.280,262.480,29
20260106102700,262.300,262.300,262.190,262.190,31
20260106102800,262.000,262.000,261.010,261.570,138
20260106102900,261.990,261.990,261.140,261.860,41
20260106103000,261.860,261.860,261.330,261.330,28
20260106103100,261.830,261.830,261.160,261.160,31
20260106103200,261.160,261.500,260.700,260.700,54
20260106103300,260.700,261.500,260.530,261.500,300
20260106103400,261.490,261.490,260.880,261.160,22
20260106103500,260.880,261.490,260.880,261.260,21
20260106103600,261.270,261.270,260.700,260.700,39
20260106103700,261.450,261.500,260.070,261.500,220
20260106103800,261.210,261.500,261.120,261.500,22
20260106103900,261.850,261.990,261.240,261.240,33
20260106104000,261.000,261.210,261.000,261.000,67
20260106104100,260.860,261.500,260.860,261.450,28
20260106104200,260.790,261.380,260.790,261.370,20
20260106104300,260.810,261.380,260.810,260.810,38
20260106104400,260.930,261.760,260.860,261.000,21
20260106104500,261.000,261.000,260.980,260.980,19
20260106104600,261.420,261.490,260.830,260.920,46
20260106104700,260.920,260.920,260.130,260.880,45
20260106104800,260.800,260.800,260.260,260.690,21
20260106104900,260.700,260.700,260.190,260.200,34
20260106105000,260.180,260.670,260.120,260.670,19
20260106105100,260.150,261.490,260.150,261.460,60
20260106105200,261.460,261.510,260.810,261.510,30
20260106105300,261.860,261.860,261.400,261.400,12
20260106105400,261.400,261.830,260.790,260.790,49
20260106105500,260.910,261.690,260.910,260.930,18
20260106105600,261.050,261.850,261.050,261.130,20
20260106105700,261.850,261.850,261.200,261.750,52
20260106105800,261.760,261.770,261.220,261.770,19
20260106105900,261.240,261.250,260.810,261.250,48
20260106110000,260.830,261.810,260.830,261.800,93
20260106110100,261.260,261.260,261.250,261.250,18
20260106110200,261.250,261.250,260.830,261.160,21
20260106110300,260.840,261.650,260.840,261.650,27
20260106110400,261.100,261.100,260.820,260.820,21
20260106110500,260.820,260.860,260.760,260.760,11
20260106110600,260.760,261.320,260.730,260.730,30
20260106110700,260.300,260.500,260.180,260.500,25
20260106110800,260.490,260.500,260.050,260.500,15
20260106110900,260.490,260.680,260.490,260.680,23
20260106111000,260.500,261.230,260.500,261.230,22
20260106111100,261.230,261.230,260.360,260.380,28
20260106111200,260.390,261.690,260.390,261.690,76
20260106111300,260.890,261.630,260.890,260.890,17
20260106111400,260.900,261.610,260.900,261.550,19
20260106111500,261.610,262.500,261.600,262.400,152
20260106111600,262.000,262.400,262.000,262.010,17
20260106111700,262.010,262.400,262.010,262.010,13
20260106111800,261.980,262.470,261.980,262.470,19
20260106111900,261.840,262.470,261.770,261.770,29
20260106112000,261.030,261.850,261.030,261.820,30
20260106112100,261.180,261.980,261.170,261.970,17
20260106112200,261.950,261.950,261.250,261.810,39
20260106112300,261.970,261.970,261.200,261.970,31
20260106112400,261.980,262.020,261.900,262.020,44
20260106112500,262.020,262.220,262.020,262.220,16
20260106112600,262.220,262.220,262.020,262.020,12
20260106112700,261.440,262.020,261.440,261.580,19
20260106112800,261.650,262.000,261.650,261.650,14
20260106112900,261.660,262.000,261.660,262.000,17
20260106113000,261.650,261.650,261.020,261.440,78
20260106130100,261.420,261.980,261.420,261.980,33
20260106130200,261.980,261.980,261.010,261.500,22
20260106130300,261.010,261.480,261.010,261.050,21
20260106130400,261.050,261.190,260.700,260.980,144
20260106130500,260.890,260.890,260.010,260.010,30
20260106130600,260.020,260.700,260.020,260.700,52
20260106130700,260.700,260.700,260.120,260.160,17
20260106130800,260.170,260.190,260.170,260.190,9
20260106130900,260.180,260.520,260.170,260.520,26
20260106131000,260.510,260.510,260.160,260.160,22
20260106131100,260.160,260.500,260.160,260.490,22
20260106131200,260.170,260.170,260.150,260.150,12
20260106131300,260.110,260.110,260.010,260.010,42
20260106131400,260.010,260.490,260.010,260.020,15
20260106131500,260.020,260.360,260.000,260.000,22
20260106131600,260.000,260.320,260.000,260.260,55
20260106131700,260.260,260.360,260.010,260.360,36
20260106131800,260.010,260.350,260.010,260.350,21
20260106131900,260.230,260.360,260.190,260.360,16
20260106132000,260.190,261.000,260.190,260.420,19
20260106132100,260.370,260.400,260.130,260.170,28
20260106132200,260.150,260.400,260.120,260.120,15
20260106132300,260.000,260.400,259.800,260.000,146
20260106132400,260.000,260.730,260.000,260.730,25
20260106132500,260.740,260.740,260.090,260.090,27
20260106132600,260.090,260.650,260.090,260.650,14
20260106132700,260.120,260.120,260.060,260.060,12
20260106132800,260.070,260.070,260.060,260.070,18
20260106132900,260.060,260.060,259.990,259.990,17
20260106133000,259.990,260.060,259.810,260.060,43
20260106133100,260.730,260.730,260.060,260.530,26
20260106133200,260.070,261.070,260.060,260.930,41
20260106133300,260.080,260.810,260.080,260.110,17
20260106133400,260.160,260.780,260.160,260.220,20
20260106133500,260.620,261.500,260.250,261.460,142
20260106133600,261.430,261.440,260.720,260.860,23
20260106133700,260.910,261.100,260.910,261.100,8
20260106133800,261.100,261.490,260.870,261.460,10
20260106133900,261.100,261.500,261.040,261.490,19
20260106134000,261.040,261.500,261.040,261.170,21
20260106134100,261.140,261.500,261.140,261.180,19
20260106134200,261.190,261.560,261.190,261.560,29
20260106134300,261.210,261.500,261.210,261.500,25
20260106134400,261.500,261.500,260.940,260.940,53
20260106134500,260.950,261.100,260.800,261.100,22
20260106134600,261.090,261.190,260.590,260.590,14
20260106134700,260.890,261.130,260.590,261.130,34
20260106134800,261.100,261.140,261.100,261.140,12
20260106134900,261.140,261.190,261.080,261.190,13
20260106135000,261.100,261.650,261.100,261.650,52
20260106135100,261.640,261.640,261.470,261.470,6
20260106135200,261.500,261.500,261.500,261.500,4
20260106135300,261.500,261.500,261.230,261.230,55
20260106135400,261.230,261.230,261.190,261.190,5
20260106135500,261.100,261.100,261.100,261.100,5
20260106135600,261.100,261.290,261.100,261.290,29
20260106135700,261.290,261.290,261.290,261.290,4
20260106135800,261.110,261.130,261.100,261.130,16
20260106135900,261.130,261.130,261.100,261.100,13
20260106140000,261.100,261.300,261.060,261.130,31
20260106140100,261.300,261.500,260.980,260.980,67
20260106140200,261.020,261.350,261.020,261.110,29
20260106140300,261.120,261.120,260.960,261.050,14
20260106140400,261.060,261.100,261.060,261.100,10
20260106140500,260.960,261.150,260.960,261.050,13
20260106140600,261.050,261.050,261.050,261.050,3
20260106140700,261.000,261.000,260.970,260.970,7
20260106140800,260.900,261.100,260.900,261.100,11
20260106140900,261.290,261.590,261.230,261.590,23
20260106141000,261.160,261.580,261.120,261.120,49
20260106141100,261.570,261.590,261.120,261.120,30
20260106141200,261.110,261.590,261.100,261.480,25
20260106141300,261.480,261.500,261.150,261.500,11
20260106141400,261.500,261.500,261.130,261.500,26
20260106141500,261.140,261.560,261.130,261.440,83
20260106141600,261.440,261.800,261.440,261.800,41
20260106141700,261.780,261.800,261.270,261.300,16
20260106141800,261.790,261.800,261.790,261.800,10
20260106141900,261.880,261.880,261.320,261.840,11
20260106142000,261.840,261.840,261.800,261.800,9
20260106142100,261.800,261.800,261.410,261.410,19
20260106142200,261.500,261.900,261.500,261.900,92
20260106142300,261.820,261.900,261.820,261.900,22
20260106142400,261.850,261.920,261.850,261.920,26
20260106142500,261.930,262.220,261.930,262.220,114
20260106142600,262.300,262.310,261.860,262.130,57
20260106142700,261.850,262.180,261.850,261.870,12
20260106142800,261.760,262.000,261.760,262.000,131
20260106142900,262.000,262.000,261.500,262.000,23
20260106143000,262.000,262.000,261.510,262.000,28
20260106143100,262.070,262.310,262.070,262.310,126
20260106143200,262.400,262.400,262.110,262.400,86
20260106143300,262.400,262.500,262.120,262.120,61
20260106143400,262.360,262.400,262.130,262.140,26
20260106143500,262.150,262.400,261.990,261.990,24
20260106143600,261.990,262.340,261.560,262.340,16
20260106143700,262.100,262.290,261.700,261.700,30
20260106143800,262.270,262.300,261.720,262.300,37
20260106143900,262.300,262.300,261.770,261.800,15
20260106144000,262.170,262.280,262.170,262.280,36
20260106144100,261.900,261.960,261.840,261.960,24
20260106144200,262.000,262.000,261.770,261.770,34
20260106144300,261.780,261.960,261.290,261.290,44
20260106144400,261.290,261.960,261.290,261.960,20
20260106144500,261.420,261.900,261.300,261.300,30
20260106144600,261.900,261.900,261.270,261.300,53
20260106144700,261.870,261.870,261.010,261.010,24
20260106144800,261.010,261.260,261.010,261.100,21
20260106144900,261.100,261.100,260.680,261.100,39
20260106145000,260.680,261.100,260.680,261.100,24
20260106145100,260.650,261.100,260.650,261.100,36
20260106145200,260.600,261.100,260.600,260.610,65
20260106145300,261.090,261.100,260.620,260.620,8
20260106145400,260.650,261.090,260.630,261.080,19
20260106145500,261.040,261.090,260.670,261.090,20
20260106145600,260.660,261.100,260.600,261.100,32
20260106145700,261.100,261.100,260.630,260.640,29
20260106145800,260.640,260.640,260.640,260.640,0
20260106145900,260.640,260.640,260.640,260.640,0
20260106150000,261.100,261.100,261.100,261.100,87
20260107093000,258.990,258.990,258.990,258.990,44
20260107093100,259.990,259.990,256.660,258.700,311
20260107093200,256.800,258.500,256.170,257.280,108
20260107093300,257.250,258.570,257.190,258.080,98
20260107093400,258.000,259.000,257.800,259.000,45
20260107093500,258.600,259.600,258.600,259.600,33
20260107093600,259.020,259.450,258.650,259.450,41
20260107093700,259.450,259.660,259.320,259.660,39
20260107093800,260.910,260.910,260.110,260.280,36
20260107093900,260.190,260.950,260.190,260.950,20
20260107094000,260.960,261.580,260.690,260.970,33
20260107094100,260.970,262.000,260.380,260.380,133
20260107094200,260.920,260.920,260.440,260.770,13
20260107094300,260.760,260.760,260.110,260.110,21
20260107094400,260.110,260.280,260.010,260.020,30
20260107094500,259.500,259.890,258.980,258.980,28
20260107094600,258.810,259.660,258.810,258.990,32
20260107094700,259.000,259.660,259.000,259.550,15
20260107094800,259.640,259.670,259.000,259.000,22
20260107094900,259.010,259.330,258.840,259.000,49
20260107095000,259.330,259.330,258.840,258.840,10
20260107095100,258.850,259.330,258.850,259.330,20
20260107095200,259.320,259.330,258.970,258.970,8
20260107095300,258.820,259.200,258.820,258.970,41
20260107095400,258.930,259.620,258.900,259.390,26
20260107095500,258.910,260.260,258.750,259.990,67
20260107095600,260.100,260.280,259.750,260.270,28
20260107095700,260.000,260.960,260.000,260.960,46
20260107095800,260.980,260.980,260.180,260.180,21
20260107095900,260.160,260.160,260.160,260.160,82
20260107100000,261.000,261.000,260.460,261.000,47
20260107100100,261.000,261.000,260.290,260.330,25
20260107100200,260.340,260.900,259.820,260.020,274
20260107100300,260.870,260.870,259.020,259.920,175
20260107100400,258.760,260.100,258.760,259.040,106
20260107100500,259.990,259.990,259.840,259.840,9
20260107100600,259.120,259.980,259.120,259.700,58
20260107100700,259.890,259.990,259.270,259.270,20
20260107100800,259.260,259.980,259.260,259.980,8
20260107100900,259.290,260.000,258.000,260.000,306
20260107101000,260.000,260.210,259.920,259.920,8
20260107101100,259.990,261.000,259.990,261.000,18
20260107101200,261.200,263.000,259.700,262.030,170
20260107101300,262.050,263.570,262.000,263.250,133
20260107101400,263.270,263.850,262.380,263.850,258
20260107101500,263.190,263.980,262.680,263.960,205
20260107101600,263.960,264.000,262.820,263.710,143
20260107101700,262.700,263.780,262.700,263.660,46
20260107101800,262.500,263.350,261.460,261.460,43
20260107101900,261.460,262.260,261.030,261.030,16
20260107102000,261.120,261.120,260.020,261.030,16
20260107102100,261.030,261.030,260.000,261.000,15
20260107102200,260.000,261.000,260.000,260.980,38
20260107102300,260.980,260.980,260.300,260.300,7
20260107102400,260.190,260.910,260.190,260.900,28
20260107102500,260.900,260.900,260.500,260.810,15
20260107102600,260.810,262.660,260.700,262.660,131
20260107102700,262.140,262.140,261.300,261.300,59
20260107102800,261.980,261.980,261.300,261.980,10
20260107102900,261.980,262.110,261.310,262.110,12
20260107103000,262.500,262.500,261.310,262.270,32
20260107103100,262.360,262.560,261.240,261.340,37
20260107103200,262.440,262.480,261.380,262.290,52
20260107103300,262.200,262.200,261.330,261.330,11
20260107103400,262.110,262.540,261.330,262.540,156
20260107103500,261.560,262.650,261.560,262.650,30
20260107103600,262.660,262.990,261.640,262.970,29
20260107103700,262.850,262.850,262.850,262.850,2
20260107103800,261.000,262.680,261.000,262.680,158
20260107103900,262.440,262.440,261.870,261.870,3
20260107104000,262.430,262.670,262.430,262.670,7
20260107104100,262.680,262.680,261.980,261.980,13
20260107104200,262.570,262.570,262.570,262.570,5
20260107104300,262.570,262.570,262.570,262.570,0
20260107104400,261.930,262.540,261.930,262.030,108
20260107104500,262.420,263.640,262.180,263.640,153
20260107104600,263.610,263.610,262.980,262.980,8
20260107104700,263.580,263.580,263.580,263.580,4
20260107104800,263.200,263.570,263.200,263.570,13
20260107104900,263.570,263.570,262.530,262.530,103
20260107105000,261.980,262.860,261.250,261.250,20
20260107105100,261.630,261.630,261.630,261.630,2
20260107105200,261.660,262.220,261.510,261.510,26
20260107105300,261.260,261.260,261.260,261.260,2
20260107105400,261.900,261.900,261.900,261.900,2
20260107105500,261.850,261.850,260.800,260.800,15
20260107105600,260.310,260.500,260.190,260.190,10
20260107105700,260.650,260.670,260.550,260.600,17
20260107105800,260.660,260.660,260.280,260.570,24
20260107105900,260.940,260.940,260.330,260.330,8
20260107110000,260.330,260.330,260.330,260.330,0
20260107110100,260.330,261.660,260.330,260.830,50
20260107110200,261.540,261.540,261.540,261.540,2
20260107110300,260.830,260.830,260.830,260.830,10
20260107110400,260.830,260.830,260.500,260.500,12
20260107110500,260.910,260.910,260.210,260.210,47
20260107110600,260.920,261.340,260.920,261.340,45
20260107110700,260.380,260.390,260.110,260.390,33
20260107110800,260.990,260.990,260.990,260.990,2
20260107110900,260.210,260.210,260.210,260.210,2
20260107111000,260.210,260.210,260.210,260.210,4
20260107111100,260.210,260.670,259.880,259.880,58
20260107111200,260.670,260.670,259.720,259.880,12
20260107111300,259.880,259.880,259.880,259.880,0
20260107111400,260.560,260.560,259.290,259.290,48
20260107111500,259.970,260.100,259.970,260.100,13
20260107111600,260.370,260.370,259.380,259.380,10
20260107111700,260.340,260.340,259.540,260.210,14
20260107111800,260.310,260.330,260.000,260.000,18
20260107111900,260.280,260.300,260.000,260.000,8
20260107112000,260.000,260.000,259.420,259.420,14
20260107112100,259.430,259.900,259.430,259.900,4
20260107112200,259.950,260.000,259.880,259.880,8
20260107112300,259.000,259.000,259.000,259.000,112
20260107112400,259.140,259.730,259.140,259.500,8
20260107112500,259.590,259.590,259.590,259.590,5
20260107112600,259.380,259.380,259.380,259.380,4
20260107112700,259.020,259.700,259.000,259.060,19
20260107112800,259.700,259.700,259.700,259.700,2
20260107112900,259.700,259.700,259.700,259.700,0
20260107113000,259.880,259.880,259.880,259.880,2
20260107130100,259.710,259.980,259.200,259.200,31
20260107130200,258.750,258.950,258.460,258.460,72
20260107130300,258.470,258.820,258.320,258.520,13
20260107130400,258.340,258.340,258.200,258.270,18
20260107130500,258.310,258.950,258.310,258.320,14
20260107130600,258.310,258.310,258.210,258.210,26
20260107130700,258.870,258.900,258.210,258.210,25
20260107130800,258.900,258.900,258.240,258.240,67
20260107130900,258.240,258.240,258.240,258.240,0
20260107131000,258.510,259.030,258.510,259.030,25
20260107131100,258.870,258.870,258.870,258.870,2
20260107131200,259.730,259.740,259.040,259.040,22
20260107131300,259.310,259.310,258.430,258.430,14
20260107131400,259.380,259.410,259.380,259.410,4
20260107131500,259.410,259.410,259.410,259.410,2
20260107131600,259.410,259.410,258.550,259.340,18
20260107131700,258.570,259.000,258.570,259.000,12
20260107131800,259.000,259.000,259.000,259.000,0
20260107131900,258.990,258.990,258.990,258.990,2
20260107132000,258.980,258.980,258.980,258.980,8
20260107132100,258.940,258.940,258.220,258.220,73
20260107132200,258.230,258.230,258.040,258.040,25
20260107132300,258.180,258.210,258.180,258.210,10
20260107132400,258.280,258.830,258.280,258.830,4
20260107132500,258.290,258.860,258.290,258.300,9
20260107132600,258.300,258.300,258.300,258.300,0
20260107132700,258.830,258.850,258.330,258.330,10
20260107132800,258.330,258.790,257.680,257.680,119
20260107132900,257.610,257.990,257.610,257.990,6
20260107133000,257.990,257.990,257.410,257.420,16
20260107133100,257.980,258.350,257.810,258.350,26
20260107133200,258.350,258.420,257.840,257.840,8
20260107133300,258.500,258.500,258.500,258.500,2
20260107133400,257.860,258.480,257.860,258.480,4
20260107133500,258.490,258.490,257.850,257.850,8
20260107133600,258.490,258.500,257.600,257.600,13
20260107133700,258.250,258.310,258.250,258.310,6
20260107133800,258.380,258.390,258.380,258.390,5
20260107133900,258.390,258.390,258.390,258.390,0
20260107134000,257.730,258.340,257.730,258.330,13
20260107134100,257.610,258.280,257.610,258.280,4
20260107134200,258.270,258.270,257.700,257.700,6
20260107134300,257.600,257.600,256.330,256.330,290
20260107134400,256.970,256.970,256.340,256.970,8
20260107134500,256.970,257.880,256.390,257.880,26
20260107134600,257.600,257.600,257.030,257.030,21
20260107134700,257.600,257.600,256.610,256.620,12
20260107134800,257.490,257.490,256.620,257.450,15
20260107134900,257.420,257.450,257.420,257.450,17
20260107135000,256.710,257.150,256.710,256.730,13
20260107135100,257.110,257.110,256.710,256.710,12
20260107135200,256.710,257.330,256.710,257.180,21
20260107135300,257.320,257.540,257.320,257.520,71
20260107135400,257.510,257.510,257.510,257.510,2
20260107135500,257.510,257.510,257.510,257.510,0
20260107135600,257.400,257.400,257.330,257.330,10
20260107135700,257.090,257.390,257.090,257.390,7
20260107135800,257.520,258.480,257.520,258.480,18
20260107135900,258.500,258.600,258.500,258.600,20
20260107140000,257.770,257.770,257.770,257.770,4
20260107140100,257.770,257.770,257.710,257.730,11
20260107140200,257.730,258.090,257.730,258.090,11
20260107140300,257.730,258.430,257.720,257.720,16
20260107140400,257.730,258.390,257.730,257.830,8
20260107140500,257.830,258.500,257.830,257.890,52
20260107140600,257.860,258.530,257.860,258.530,6
20260107140700,258.550,260.000,258.320,259.480,169
20260107140800,259.460,259.460,259.430,259.460,6
20260107140900,259.460,260.000,258.940,259.940,82
20260107141000,259.940,260.260,258.680,260.260,65
20260107141100,260.260,260.260,258.970,259.000,30
20260107141200,258.960,258.960,258.780,258.780,8
20260107141300,258.430,258.430,258.010,258.010,6
20260107141400,258.550,258.550,258.550,258.550,7
20260107141500,258.010,258.510,258.010,258.510,6
20260107141600,258.610,258.610,258.610,258.610,8
20260107141700,258.930,258.930,258.580,258.580,4
20260107141800,258.580,258.580,258.020,258.020,20
20260107141900,258.030,258.030,258.030,258.030,2
20260107142000,258.780,258.780,258.040,258.070,11
20260107142100,258.080,258.080,258.050,258.050,8
20260107142200,258.330,258.330,258.010,258.010,4
20260107142300,258.280,258.290,258.280,258.290,6
20260107142400,258.020,258.020,258.010,258.010,4
20260107142500,258.320,258.360,258.010,258.010,20
20260107142600,258.350,258.360,258.350,258.360,4
20260107142700,258.030,258.360,258.030,258.360,10
20260107142800,258.030,258.030,258.000,258.000,22
20260107142900,258.350,258.350,258.000,258.000,6
20260107143000,258.000,258.350,257.500,258.350,57
20260107143100,258.350,258.360,257.610,258.140,28
20260107143200,258.140,258.140,257.720,258.040,12
20260107143300,258.010,259.960,257.980,259.960,56
20260107143400,258.110,258.290,257.930,258.290,20
20260107143500,258.410,258.410,257.730,257.730,16
20260107143600,257.760,257.970,257.760,257.970,17
20260107143700,257.950,258.350,257.950,258.350,29
20260107143800,258.300,258.370,258.020,258.020,9
20260107143900,258.370,258.370,258.050,258.050,6
20260107144000,258.430,258.500,258.430,258.500,13
20260107144100,258.110,258.640,258.110,258.330,11
20260107144200,258.650,258.650,258.350,258.350,9
20260107144300,258.350,258.350,258.010,258.320,23
20260107144400,258.290,258.350,258.090,258.350,16
20260107144500,258.130,259.180,258.130,258.640,25
20260107144600,258.190,258.600,258.090,258.180,28
20260107144700,258.580,258.580,258.200,258.200,6
20260107144800,258.640,259.610,258.320,258.570,38
20260107144900,258.660,258.830,258.660,258.830,10
20260107145000,258.830,259.500,258.640,258.780,48
20260107145100,258.790,259.490,258.340,259.480,74
20260107145200,259.460,259.490,258.340,258.450,65
20260107145300,258.460,259.560,258.460,259.540,71
20260107145400,258.540,259.520,258.170,258.170,61
20260107145500,258.130,259.370,258.120,258.130,55
20260107145600,258.150,259.220,258.000,258.000,50
20260107145700,258.040,259.080,257.600,257.980,50
20260107145800,257.980,257.980,257.980,257.980,0
20260107145900,257.980,257.980,257.980,257.980,0
20260107150000,257.650,257.650,257.650,257.650,82
20260108093000,257.590,257.590,257.590,257.590,11
20260108093100,257.850,258.340,255.970,257.280,115
20260108093200,257.280,257.650,255.730,256.160,206
20260108093300,256.150,256.150,255.650,255.660,158
20260108093400,255.660,256.450,255.080,256.450,273
20260108093500,256.350,256.880,256.350,256.360,79
20260108093600,255.730,256.030,255.660,255.710,106
20260108093700,255.600,255.890,255.520,255.890,47
20260108093800,256.100,256.700,256.100,256.700,34
20260108093900,256.500,256.760,256.480,256.760,22
20260108094000,256.750,256.750,256.400,256.400,48
20260108094100,256.300,256.300,255.690,255.710,66
20260108094200,255.700,256.130,255.700,256.130,45
20260108094300,255.930,256.030,255.680,255.680,106
20260108094400,255.680,256.450,255.680,256.000,61
20260108094500,256.360,256.900,256.360,256.470,80
20260108094600,256.500,256.850,256.490,256.630,9
20260108094700,257.010,257.650,257.010,257.090,26
20260108094800,257.100,257.100,256.570,256.570,132
20260108094900,256.680,257.550,256.680,257.550,10
20260108095000,257.090,258.190,257.090,258.170,49
20260108095100,258.170,258.170,257.210,257.550,59
20260108095200,257.260,258.020,257.260,258.020,20
20260108095300,258.200,258.880,257.970,258.740,117
20260108095400,258.750,259.000,258.230,258.770,23
20260108095500,259.000,259.000,258.330,258.340,30
20260108095600,258.740,258.830,258.340,258.430,74
20260108095700,258.340,258.760,258.180,258.310,43
20260108095800,258.190,259.040,257.720,259.040,82
20260108095900,258.830,259.680,258.610,258.610,49
20260108100000,258.780,259.100,258.100,258.420,142
20260108100100,258.120,259.070,258.120,259.070,22
20260108100200,259.000,259.450,258.910,259.450,93
20260108100300,259.450,259.680,259.220,259.220,35
20260108100400,259.590,259.600,258.950,258.960,106
20260108100500,259.500,259.500,258.760,259.370,24
20260108100600,259.290,259.370,258.800,258.840,32
20260108100700,258.850,258.850,258.000,258.000,112
20260108100800,257.850,257.850,257.550,257.550,30
20260108100900,258.000,258.000,258.000,258.000,16
20260108101000,258.000,258.000,257.660,258.000,36
20260108101100,258.730,259.120,257.960,259.120,96
20260108101200,258.370,259.180,258.370,259.180,40
20260108101300,259.370,259.370,258.690,259.300,22
20260108101400,259.310,259.350,258.660,259.330,38
20260108101500,259.340,259.390,258.700,258.700,26
20260108101600,259.340,259.390,258.720,259.390,26
20260108101700,258.690,259.380,258.690,259.290,20
20260108101800,259.350,259.500,259.350,259.490,18
20260108101900,258.880,259.500,258.880,259.480,34
20260108102000,259.070,259.820,259.070,259.820,50
20260108102100,259.300,259.820,259.300,259.810,10
20260108102200,259.810,259.810,259.250,259.810,30
20260108102300,259.860,259.900,259.810,259.810,53
20260108102400,259.900,259.980,259.430,259.860,49
20260108102500,259.960,259.990,259.860,259.990,48
20260108102600,259.960,259.990,259.370,259.990,61
20260108102700,259.990,261.080,259.990,260.490,291
20260108102800,260.040,260.750,260.000,260.750,102
20260108102900,259.970,259.970,259.970,259.970,2
20260108103000,259.990,261.580,259.990,261.580,141
20260108103100,261.570,261.570,261.540,261.540,18
20260108103200,261.550,261.550,261.500,261.540,56
20260108103300,261.520,261.520,260.900,260.900,15
20260108103400,260.570,260.890,260.170,260.170,22
20260108103500,260.870,260.870,259.800,259.800,19
20260108103600,259.690,259.750,259.690,259.750,16
20260108103700,260.050,260.050,260.050,260.050,3
20260108103800,260.180,260.210,260.180,260.210,27
20260108103900,260.500,260.500,259.560,259.560,16
20260108104000,259.280,259.910,259.280,259.910,9
20260108104100,259.280,259.280,259.000,259.000,12
20260108104200,258.920,258.920,258.920,258.920,2
20260108104300,258.920,258.920,258.920,258.920,0
20260108104400,259.310,259.730,259.040,259.730,12
20260108104500,259.730,259.730,259.730,259.730,2
20260108104600,259.540,259.540,259.350,259.350,6
20260108104700,259.540,259.860,259.200,259.860,10
20260108104800,259.810,260.310,259.810,260.310,14
20260108104900,259.920,259.920,259.810,259.810,6
20260108105000,259.750,259.750,259.750,259.750,2
20260108105100,260.020,260.030,258.900,258.900,147
20260108105200,258.800,258.800,258.800,258.800,11
20260108105300,258.390,259.000,258.390,259.000,6
20260108105400,258.990,258.990,258.150,258.150,5
20260108105500,258.110,258.110,258.110,258.110,4
20260108105600,258.650,258.650,258.000,258.000,21
20260108105700,258.000,258.900,258.000,258.900,120
20260108105800,258.850,258.850,258.210,258.210,4
20260108105900,258.440,258.440,258.440,258.440,1
20260108110000,258.850,258.850,258.270,258.270,5
20260108110100,258.850,258.850,258.850,258.850,6
20260108110200,258.540,258.900,258.540,258.900,6
20260108110300,258.780,258.780,258.780,258.780,5
20260108110400,259.480,259.480,259.480,259.480,2
20260108110500,259.130,259.130,258.750,258.750,6
20260108110600,258.570,258.580,258.560,258.560,6
20260108110700,259.100,259.120,258.580,258.580,15
20260108110800,259.110,259.130,259.110,259.120,8
20260108110900,259.480,259.480,258.650,258.650,17
20260108111000,259.320,259.760,259.320,259.760,17
20260108111100,259.760,259.760,259.760,259.760,0
20260108111200,259.660,259.660,259.660,259.660,4
20260108111300,259.590,259.590,258.900,258.900,4
20260108111400,259.000,259.480,259.000,259.480,4
20260108111500,259.530,259.530,259.530,259.530,4
20260108111600,259.000,259.530,259.000,259.530,11
20260108111700,259.510,259.610,259.330,259.610,16
20260108111800,259.660,259.660,259.660,259.660,4
20260108111900,259.890,259.890,259.890,259.890,4
20260108112000,259.890,260.310,259.790,259.940,68
20260108112100,260.240,260.240,259.890,259.890,14
20260108112200,259.690,259.880,259.540,259.880,10
20260108112300,259.540,259.550,259.500,259.500,65
20260108112400,259.310,259.310,259.300,259.300,8
20260108112500,259.310,259.310,258.900,258.900,31
20260108112600,258.970,259.110,258.970,259.110,19
20260108112700,259.000,259.000,258.980,258.980,6
20260108112800,258.880,258.880,258.790,258.790,21
20260108112900,258.570,258.570,258.200,258.200,10
20260108113000,258.190,258.190,258.130,258.130,11
20260108130100,258.670,258.670,258.010,258.010,24
20260108130200,258.060,258.060,257.550,257.600,21
20260108130300,257.600,257.930,257.540,257.930,13
20260108130400,257.550,257.900,257.540,257.900,9
20260108130500,257.540,257.540,257.100,257.100,13
20260108130600,257.100,257.200,257.080,257.080,14
20260108130700,257.510,257.510,257.210,257.210,4
20260108130800,257.520,257.520,257.110,257.110,12
20260108130900,257.110,257.490,257.110,257.490,9
20260108131000,257.120,257.500,257.080,257.080,12
20260108131100,257.080,257.080,257.080,257.080,8
20260108131200,257.460,257.480,257.020,257.020,26
20260108131300,257.020,257.480,257.020,257.480,9
20260108131400,257.470,257.480,257.170,257.170,11
20260108131500,257.170,257.480,257.000,257.000,22
20260108131600,257.480,257.480,257.480,257.480,6
20260108131700,257.480,257.580,257.120,257.120,24
20260108131800,257.390,257.390,257.390,257.390,2
20260108131900,257.490,257.760,257.110,257.760,12
20260108132000,257.750,257.770,257.750,257.770,9
20260108132100,257.760,257.760,257.130,257.140,7
20260108132200,257.130,257.200,257.130,257.130,10
20260108132300,257.650,257.650,257.100,257.100,16
20260108132400,257.020,257.020,256.430,256.440,85
20260108132500,257.140,257.140,256.510,256.510,4
20260108132600,256.520,257.000,256.460,256.460,9
20260108132700,256.480,256.780,256.430,256.430,8
20260108132800,256.440,256.790,256.430,256.790,11
20260108132900,256.430,256.430,256.350,256.360,14
20260108133000,256.370,256.370,256.350,256.350,4
20260108133100,256.350,256.350,256.030,256.030,25
20260108133200,256.340,256.350,256.020,256.040,23
20260108133300,256.040,256.060,255.700,255.920,73
20260108133400,255.920,256.330,255.780,255.780,10
20260108133500,255.780,256.330,255.780,256.330,19
20260108133600,256.280,256.280,255.810,256.280,11
20260108133700,256.330,256.350,255.880,256.350,17
20260108133800,256.020,256.020,256.010,256.010,4
20260108133900,256.800,256.800,256.640,256.650,24
20260108134000,256.640,256.640,256.640,256.640,2
20260108134100,256.990,256.990,256.020,256.020,21
20260108134200,256.020,256.310,256.010,256.010,12
20260108134300,256.020,256.540,256.010,256.010,6
20260108134400,256.010,256.540,255.970,255.980,20
20260108134500,255.970,256.460,255.940,255.940,27
20260108134600,256.380,256.380,255.900,255.900,22
20260108134700,255.900,256.250,255.680,255.950,24
20260108134800,255.700,255.700,255.700,255.700,1
20260108134900,255.720,255.720,255.720,255.720,8
20260108135000,256.140,256.140,255.700,256.120,18
20260108135100,255.710,255.720,255.700,255.720,6
20260108135200,255.700,256.140,255.680,256.130,23
20260108135300,255.690,255.690,255.600,255.620,11
20260108135400,256.090,256.120,256.090,256.120,4
20260108135500,256.130,256.130,255.710,256.130,14
20260108135600,256.190,256.190,255.800,256.140,23
20260108135700,255.780,256.440,255.780,256.330,19
20260108135800,256.310,256.320,256.310,256.320,4
20260108135900,255.850,255.850,255.840,255.840,4
20260108140000,256.290,256.290,255.820,255.820,10
20260108140100,255.800,256.230,255.700,255.700,10
20260108140200,255.690,255.690,255.690,255.690,4
20260108140300,255.700,256.080,255.680,255.680,8
20260108140400,256.080,256.080,255.610,255.610,12
20260108140500,256.060,256.120,255.620,256.120,10
20260108140600,255.990,256.160,255.760,255.760,11
20260108140700,255.760,256.190,255.760,256.190,24
20260108140800,256.180,256.180,255.780,255.780,12
20260108140900,256.160,256.170,255.750,255.750,27
20260108141000,255.770,255.840,255.500,255.500,31
20260108141100,255.860,255.860,255.390,255.390,21
20260108141200,255.880,255.880,255.870,255.870,14
20260108141300,255.300,255.810,255.290,255.290,8
20260108141400,255.300,255.300,255.300,255.300,2
20260108141500,255.290,255.290,255.280,255.290,38
20260108141600,255.290,255.730,255.290,255.730,20
20260108141700,255.850,256.100,255.310,255.570,29
20260108141800,255.300,255.310,255.300,255.310,11
20260108141900,255.300,255.870,255.300,255.870,22
20260108142000,255.900,255.920,255.490,255.890,28
20260108142100,255.890,255.890,255.450,255.450,16
20260108142200,255.450,255.890,255.450,255.490,17
20260108142300,255.750,255.750,255.440,255.600,15
20260108142400,255.390,255.790,255.390,255.390,18
20260108142500,255.400,255.780,255.390,255.390,12
20260108142600,255.400,255.400,255.300,255.300,25
20260108142700,255.320,255.470,255.300,255.470,27
20260108142800,255.470,255.470,254.690,254.690,162
20260108142900,254.910,255.300,254.780,255.300,46
20260108143000,255.300,255.870,255.300,255.870,56
20260108143100,255.820,255.820,255.500,255.810,12
20260108143200,255.810,255.810,255.810,255.810,2
20260108143300,255.320,255.320,255.320,255.320,2
20260108143400,255.820,255.820,255.330,255.330,20
20260108143500,255.570,255.570,255.330,255.330,9
20260108143600,255.330,255.800,255.320,255.800,15
20260108143700,255.310,255.550,255.310,255.550,6
20260108143800,255.540,255.630,254.900,255.630,12
20260108143900,255.630,255.630,255.000,255.260,19
20260108144000,255.260,255.420,254.980,255.410,28
20260108144100,255.410,255.410,255.090,255.090,4
20260108144200,255.220,255.600,255.030,255.400,24
20260108144300,255.400,255.500,254.900,254.900,37
20260108144400,254.890,254.910,254.830,254.910,13
20260108144500,254.850,254.880,254.720,254.720,42
20260108144600,254.820,255.120,254.600,254.600,62
20260108144700,254.600,255.080,254.600,254.600,11
20260108144800,254.430,254.990,254.280,254.290,64
20260108144900,254.300,254.900,254.300,254.900,33
20260108145000,254.310,254.900,254.310,254.400,62
20260108145100,254.890,255.000,254.360,255.000,54
20260108145200,254.380,254.930,254.380,254.890,50
20260108145300,254.390,254.940,254.390,254.390,96
20260108145400,254.380,254.960,254.380,254.390,73
20260108145500,254.430,255.110,254.420,255.110,48
20260108145600,254.600,255.110,254.430,255.110,83
20260108145700,255.110,255.140,254.430,254.430,34
20260108145800,255.140,255.140,255.140,255.140,2
20260108145900,255.140,255.140,255.140,255.140,0
20260108150000,254.420,254.420,254.420,254.420,117
20260109093000,257.390,257.390,257.390,257.390,10
20260109093100,255.400,255.610,254.420,255.580,30
20260109093200,255.580,257.000,254.120,256.570,106
20260109093300,256.540,257.000,255.950,257.000,40
20260109093400,257.230,257.370,256.870,257.370,39
20260109093500,257.300,258.150,256.630,257.990,151
20260109093600,258.190,258.330,257.570,257.570,69
20260109093700,257.850,259.170,257.850,259.170,130
20260109093800,258.580,259.010,258.280,259.010,36
20260109093900,258.990,258.990,258.320,258.360,45
20260109094000,258.350,258.770,257.720,258.170,28
20260109094100,257.800,258.000,257.520,257.950,34
20260109094200,257.720,258.910,257.720,258.370,69
20260109094300,258.420,258.710,257.970,258.680,58
20260109094400,259.200,259.590,258.850,259.580,116
20260109094500,259.150,261.000,259.150,260.500,230
20260109094600,260.500,261.240,260.500,261.200,45
20260109094700,261.200,261.200,261.000,261.150,12
20260109094800,261.150,261.240,261.150,261.200,40
20260109094900,261.200,261.800,261.200,261.500,74
20260109095000,261.810,261.890,261.210,261.810,50
20260109095100,261.820,262.600,261.800,262.450,118
20260109095200,262.350,262.360,262.350,262.360,7
20260109095300,261.930,261.950,261.880,261.910,15
20260109095400,262.380,262.520,261.910,262.200,38
20260109095500,262.540,262.560,262.230,262.550,22
20260109095600,262.540,262.820,262.250,262.700,28
20260109095700,262.820,262.860,260.260,260.580,367
20260109095800,259.930,260.720,259.930,260.400,114
20260109095900,260.000,260.890,259.980,260.380,87
20260109100000,260.370,260.850,259.460,260.850,88
20260109100100,260.870,260.870,260.030,260.030,53
20260109100200,260.040,260.570,259.890,259.890,153
20260109100300,260.000,260.540,259.940,260.540,76
20260109100400,260.580,261.550,260.580,261.540,101
20260109100500,261.580,261.980,260.650,261.450,70
20260109100600,261.440,261.570,261.090,261.530,69
20260109100700,261.550,261.550,260.790,261.440,69
20260109100800,260.370,261.110,259.640,260.420,122
20260109100900,260.390,260.640,260.370,260.640,25
20260109101000,260.640,260.640,259.390,259.400,27
20260109101100,259.500,259.970,259.440,259.660,54
20260109101200,259.190,259.660,258.820,259.540,80
20260109101300,259.520,259.540,258.880,259.540,14
20260109101400,259.540,260.200,259.540,260.060,41
20260109101500,260.170,260.900,260.170,260.880,55
20260109101600,260.800,260.870,259.880,259.880,43
20260109101700,260.040,260.700,259.540,259.940,33
20260109101800,260.680,260.690,260.680,260.680,21
20260109101900,260.700,260.880,260.700,260.870,53
20260109102000,260.900,261.200,260.530,261.200,62
20260109102100,261.250,261.570,261.030,261.570,51
20260109102200,261.570,261.580,261.080,261.580,22
20260109102300,261.600,261.600,261.030,261.280,31
20260109102400,261.280,261.500,261.030,261.500,57
20260109102500,260.950,261.590,260.950,261.580,38
20260109102600,261.570,261.570,260.110,260.980,67
20260109102700,260.980,261.590,260.980,261.550,48
20260109102800,261.550,261.770,261.550,261.760,65
20260109102900,261.760,261.960,261.220,261.960,36
20260109103000,261.980,262.300,261.130,261.130,256
20260109103100,261.520,261.570,261.190,261.190,34
20260109103200,261.190,261.530,260.550,261.530,35
20260109103300,261.470,261.480,261.470,261.480,5
20260109103400,261.480,261.510,260.560,260.940,37
20260109103500,261.360,261.360,260.490,260.490,45
20260109103600,260.410,260.900,260.410,260.900,32
20260109103700,260.650,261.270,260.650,261.270,18
20260109103800,261.270,261.310,261.270,261.310,13
20260109103900,261.320,261.320,260.750,261.310,50
20260109104000,261.300,261.310,260.610,260.610,35
20260109104100,260.610,261.000,260.320,260.320,12
20260109104200,260.960,260.960,260.380,260.380,8
20260109104300,260.600,260.620,260.600,260.620,38
20260109104400,260.660,260.680,260.210,260.680,19
20260109104500,260.230,261.330,260.230,261.300,24
20260109104600,261.260,261.260,261.060,261.110,32
20260109104700,261.110,261.340,261.110,261.340,14
20260109104800,261.050,261.980,261.050,261.980,32
20260109104900,261.920,261.920,261.920,261.920,2
20260109105000,261.890,261.890,261.880,261.880,5
20260109105100,261.880,261.880,261.350,261.870,53
20260109105200,261.870,261.880,261.870,261.880,4
20260109105300,261.880,261.920,261.730,261.750,43
20260109105400,261.750,261.750,261.750,261.750,6
20260109105500,261.360,261.730,260.300,260.600,119
20260109105600,260.600,261.440,260.600,261.440,12
20260109105700,261.410,261.420,260.650,261.360,35
20260109105800,261.440,261.540,261.440,261.540,23
20260109105900,261.540,261.600,261.540,261.600,10
20260109110000,261.600,261.980,261.600,261.980,30
20260109110100,261.760,261.760,261.620,261.740,21
20260109110200,261.740,261.740,261.740,261.740,0
20260109110300,261.110,261.410,260.820,261.030,35
20260109110400,261.030,261.030,260.420,260.420,36
20260109110500,260.180,260.930,260.080,260.930,31
20260109110600,260.990,260.990,260.930,260.930,9
20260109110700,260.920,260.920,260.210,260.210,6
20260109110800,260.210,260.930,260.180,260.190,69
20260109110900,260.900,260.900,260.230,260.390,57
20260109111000,260.390,260.910,260.390,260.910,6
20260109111100,260.190,260.910,260.190,260.190,18
20260109111200,260.910,260.960,260.230,260.960,19
20260109111300,260.930,260.930,260.920,260.920,6
20260109111400,260.920,260.920,260.920,260.920,0
20260109111500,260.850,260.850,260.220,260.220,8
20260109111600,260.140,260.860,260.140,260.540,13
20260109111700,260.120,260.120,260.120,260.120,8
20260109111800,260.530,260.530,260.530,260.530,3
20260109111900,260.010,260.120,259.610,259.610,32
20260109112000,260.030,260.030,259.610,259.610,22
20260109112100,259.610,260.520,259.610,260.520,6
20260109112200,260.520,260.520,260.520,260.520,4
20260109112300,260.520,260.520,259.630,260.500,14
20260109112400,259.610,260.350,258.840,260.350,121
20260109112500,260.020,260.020,259.060,260.000,8
20260109112600,259.950,260.060,259.950,260.060,8
20260109112700,260.050,260.050,260.030,260.050,6
20260109112800,260.040,260.040,259.440,260.000,10
20260109112900,259.440,259.980,259.350,259.980,17
20260109113000,259.960,259.960,259.360,259.360,6
20260109130100,259.370,259.890,259.350,259.350,92
20260109130200,259.350,259.350,258.800,258.800,22
20260109130300,259.090,259.100,259.090,259.100,4
20260109130400,258.730,258.730,258.200,258.200,24
20260109130500,258.210,258.500,258.080,258.080,30
20260109130600,258.390,259.050,258.380,259.050,27
20260109130700,258.920,258.980,258.800,258.940,12
20260109130800,258.930,258.930,258.600,258.600,16
20260109130900,258.500,259.660,258.250,259.660,38
20260109131000,259.670,259.730,259.170,259.730,8
20260109131100,259.700,259.720,259.610,259.610,6
20260109131200,259.160,259.520,259.060,259.060,20
20260109131300,259.070,259.110,259.060,259.060,11
20260109131400,258.980,258.980,258.900,258.900,9
20260109131500,259.520,259.520,259.510,259.510,34
20260109131600,259.530,259.880,259.520,259.850,26
20260109131700,259.850,259.880,259.630,259.630,12
20260109131800,259.860,261.260,259.760,261.240,49
20260109131900,261.200,261.200,260.000,261.200,13
20260109132000,261.190,261.190,260.650,260.650,9
20260109132100,261.160,261.160,260.220,260.240,12
20260109132200,261.120,261.120,260.240,260.250,18
20260109132300,260.710,260.710,260.260,260.260,22
20260109132400,260.760,260.770,260.760,260.770,10
20260109132500,260.770,260.770,260.640,260.680,12
20260109132600,260.260,260.720,260.260,260.720,19
20260109132700,260.700,260.770,260.500,260.770,43
20260109132800,260.770,261.000,260.770,260.990,17
20260109132900,261.000,261.060,260.550,260.950,36
20260109133000,260.950,260.950,260.750,260.750,21
20260109133100,260.810,260.810,260.250,260.540,20
20260109133200,260.540,261.980,260.400,261.980,189
20260109133300,261.980,262.000,261.510,261.820,45
20260109133400,261.800,261.800,261.410,261.410,19
20260109133500,261.410,261.690,260.720,261.690,31
20260109133600,261.690,261.690,261.630,261.630,11
20260109133700,261.610,261.620,261.610,261.610,8
20260109133800,261.610,261.650,261.140,261.140,12
20260109133900,261.600,261.700,261.120,261.610,34
20260109134000,261.700,261.700,261.200,261.650,16
20260109134100,261.660,261.710,261.450,261.670,25
20260109134200,261.460,261.720,261.460,261.720,23
20260109134300,261.720,263.370,261.720,263.370,322
20260109134400,263.140,263.570,262.920,263.320,53
20260109134500,262.950,263.340,262.950,263.300,96
20260109134600,263.010,263.320,263.010,263.320,25
20260109134700,263.300,263.300,262.590,262.980,32
20260109134800,262.820,263.330,262.820,263.330,71
20260109134900,263.450,263.600,263.450,263.600,63
20260109135000,263.560,266.000,263.490,265.780,444
20260109135100,265.780,265.780,265.110,265.350,43
20260109135200,264.580,264.950,264.200,264.200,85
20260109135300,264.650,265.200,264.650,265.190,11
20260109135400,265.260,265.310,264.550,265.310,37
20260109135500,265.300,265.300,264.630,265.270,14
20260109135600,265.280,265.280,264.300,264.900,125
20260109135700,264.900,264.900,264.280,264.640,31
20260109135800,264.650,264.990,264.500,264.500,32
20260109135900,264.500,265.350,264.500,265.350,70
20260109140000,265.130,265.340,264.610,264.620,29
20260109140100,265.340,265.420,265.340,265.410,43
20260109140200,265.410,265.410,265.390,265.390,6
20260109140300,265.400,265.410,264.840,265.000,23
20260109140400,264.890,265.000,264.490,264.500,29
20260109140500,265.000,265.050,264.990,265.010,18
20260109140600,265.010,265.010,264.520,264.760,17
20260109140700,264.680,264.800,264.670,264.800,23
20260109140800,264.780,264.800,264.770,264.800,19
20260109140900,264.790,264.800,264.710,264.710,23
20260109141000,264.680,264.710,264.520,264.710,18
20260109141100,264.630,264.640,264.630,264.640,6
20260109141200,264.630,264.630,264.120,264.630,48
20260109141300,264.040,264.690,264.040,264.110,23
20260109141400,264.070,265.950,264.070,265.420,139
20260109141500,265.690,265.690,265.690,265.690,2
20260109141600,265.430,265.680,265.000,265.500,34
20260109141700,265.320,265.650,265.000,265.640,124
20260109141800,265.600,265.600,264.380,265.110,31
20260109141900,265.100,265.110,265.000,265.000,64
20260109142000,265.000,265.110,265.000,265.000,70
20260109142100,265.110,265.110,265.050,265.050,5
20260109142200,265.050,265.060,265.040,265.060,10
20260109142300,265.070,265.070,265.070,265.070,6
20260109142400,265.080,265.580,265.070,265.580,71
20260109142500,265.580,265.580,265.180,265.180,16
20260109142600,265.360,265.550,265.090,265.550,57
20260109142700,265.540,265.640,265.540,265.640,66
20260109142800,265.600,265.680,265.600,265.680,52
20260109142900,265.660,265.690,265.560,265.560,30
20260109143000,265.600,265.610,265.600,265.610,5
20260109143100,265.460,265.650,265.440,265.650,55
20260109143200,265.270,265.520,265.260,265.520,25
20260109143300,265.530,265.530,265.000,265.500,55
20260109143400,265.880,265.990,265.880,265.990,111
20260109143500,265.540,265.930,265.540,265.740,22
20260109143600,265.660,265.980,265.660,265.980,37
20260109143700,265.550,265.950,265.390,265.900,22
20260109143800,265.890,265.900,265.080,265.350,35
20260109143900,265.130,265.900,265.130,265.320,18
20260109144000,265.330,265.990,265.330,265.970,80
20260109144100,265.960,266.660,265.960,266.170,302
20260109144200,266.600,266.800,266.300,266.650,45
20260109144300,266.680,266.710,266.600,266.610,57
20260109144400,266.680,266.680,266.500,266.500,6
20260109144500,266.440,266.540,265.820,265.900,43
20260109144600,266.540,266.540,266.080,266.490,23
20260109144700,266.490,266.490,266.080,266.180,44
20260109144800,266.080,266.110,265.960,266.110,27
20260109144900,266.000,266.180,266.000,266.180,51
20260109145000,266.260,266.260,265.500,266.200,40
20260109145100,265.330,266.180,265.090,265.090,138
20260109145200,264.950,266.460,264.950,266.460,192
20260109145300,266.520,267.570,266.000,267.570,379
20260109145400,267.040,267.360,266.590,266.790,178
20260109145500,266.600,266.790,266.590,266.790,28
20260109145600,266.790,266.800,266.300,266.300,70
20260109145700,266.300,267.000,266.300,266.990,212
20260109145800,266.990,266.990,266.990,266.990,0
20260109145900,266.990,266.990,266.990,266.990,0
20260109150000,265.660,265.660,265.660,265.660,127
20260112093000,265.660,265.660,265.660,265.660,9
20260112093100,265.860,268.000,265.660,267.920,155
20260112093200,268.030,268.480,266.970,266.970,148
20260112093300,266.970,267.770,265.860,265.860,291
20260112093400,266.930,266.930,265.860,265.860,277
20260112093500,265.660,265.660,263.200,263.260,85
20260112093600,263.250,263.250,262.160,262.850,56
20260112093700,262.160,263.860,262.160,262.940,102
20260112093800,262.930,263.120,262.030,262.480,408
20260112093900,262.530,262.850,262.130,262.130,88
20260112094000,262.140,262.140,260.310,260.460,471
20260112094100,260.360,262.050,260.360,262.000,230
20260112094200,262.600,263.780,262.600,263.780,38
20260112094300,263.080,264.000,262.260,262.310,158
20260112094400,262.400,264.180,262.400,262.870,43
20260112094500,262.580,263.700,262.080,263.700,203
20260112094600,263.700,264.180,263.020,263.050,34
20260112094700,264.050,264.220,263.230,264.220,44
20260112094800,264.160,264.160,263.520,263.530,25
20260112094900,264.140,265.690,264.140,265.690,37
20260112095000,264.650,265.630,264.650,265.520,10
20260112095100,264.660,265.460,264.550,264.590,40
20260112095200,264.660,264.660,264.070,264.650,63
20260112095300,264.060,264.140,264.060,264.140,14
20260112095400,264.500,264.660,264.110,264.660,27
20260112095500,264.600,264.600,263.570,264.460,38
20260112095600,264.350,264.350,263.590,263.660,21
20260112095700,264.190,264.190,263.000,263.010,43
20260112095800,262.880,263.010,262.880,263.000,14
20260112095900,263.010,263.010,262.630,262.630,22
20260112100000,262.630,262.960,262.210,262.960,20
20260112100100,262.660,262.660,262.000,262.030,117
20260112100200,262.570,262.610,262.030,262.530,32
20260112100300,262.530,262.530,262.090,262.090,24
20260112100400,262.490,262.500,262.060,262.500,29
20260112100500,262.090,262.490,262.090,262.350,18
20260112100600,262.100,262.100,262.100,262.100,49
20260112100700,262.500,262.890,262.500,262.870,23
20260112100800,262.880,263.940,262.500,262.500,82
20260112100900,262.500,262.840,262.500,262.500,25
20260112101000,262.840,262.840,262.500,262.500,28
20260112101100,262.840,263.690,262.840,262.990,85
20260112101200,263.560,263.560,263.150,263.160,18
20260112101300,263.120,263.410,263.110,263.400,24
20260112101400,263.400,263.400,263.400,263.400,8
20260112101500,263.160,263.400,263.160,263.180,10
20260112101600,263.400,263.720,263.230,263.720,26
20260112101700,263.940,264.100,263.940,264.100,35
20260112101800,264.100,264.190,264.100,264.190,16
20260112101900,264.210,264.210,264.210,264.210,4
20260112102000,264.210,264.320,264.210,264.320,27
20260112102100,264.290,264.550,264.290,264.550,6
20260112102200,264.570,264.660,263.240,263.240,137
20260112102300,263.210,263.930,263.210,263.930,13
20260112102400,263.930,263.930,263.310,263.310,19
20260112102500,262.840,262.950,262.160,262.950,79
20260112102600,262.340,262.920,262.340,262.920,10
20260112102700,262.350,262.350,261.290,261.480,172
20260112102800,262.090,262.410,261.460,262.350,22
20260112102900,262.350,262.350,261.730,261.770,12
20260112103000,262.350,262.350,261.450,262.270,55
20260112103100,261.500,262.070,261.250,261.490,43
20260112103200,261.470,261.470,261.190,261.450,28
20260112103300,261.210,261.440,261.210,261.440,18
20260112103400,261.430,261.510,261.310,261.430,57
20260112103500,261.430,261.560,261.430,261.480,27
20260112103600,261.440,261.440,260.700,260.720,135
20260112103700,260.990,261.100,260.990,261.100,26
20260112103800,261.130,261.180,261.120,261.170,14
20260112103900,261.130,261.230,260.720,261.230,159
20260112104000,261.200,261.350,261.000,261.000,26
20260112104100,261.000,261.000,260.750,260.970,14
20260112104200,260.500,260.500,260.050,260.090,232
20260112104300,260.140,260.960,260.140,260.960,45
20260112104400,260.930,260.930,260.600,260.730,27
20260112104500,260.710,260.710,260.400,260.660,20
20260112104600,260.660,260.670,260.290,260.670,45
20260112104700,260.620,260.620,260.260,260.430,8
20260112104800,260.210,260.220,260.030,260.200,59
20260112104900,260.040,260.410,260.040,260.200,40
20260112105000,260.420,260.430,260.260,260.260,7
20260112105100,260.420,260.420,260.400,260.400,6
20260112105200,260.380,260.510,260.270,260.270,38
20260112105300,260.200,260.250,260.080,260.250,50
20260112105400,260.140,260.140,259.500,259.520,283
20260112105500,259.860,260.030,259.860,260.030,15
20260112105600,260.030,260.030,259.890,259.970,18
20260112105700,260.010,260.240,260.010,260.040,9
20260112105800,260.050,260.630,260.050,260.630,21
20260112105900,260.070,260.610,260.070,260.430,20
20260112110000,260.060,260.060,259.570,259.880,124
20260112110100,259.880,259.880,259.850,259.850,11
20260112110200,259.650,259.830,259.590,259.590,24
20260112110300,259.590,259.820,259.590,259.720,18
20260112110400,260.050,260.050,259.820,259.820,94
20260112110500,259.820,259.820,259.590,259.590,18
20260112110600,259.590,259.590,259.590,259.590,4
20260112110700,259.660,259.660,259.590,259.590,8
20260112110800,259.570,259.670,259.510,259.670,75
20260112110900,259.670,259.670,259.530,259.530,6
20260112111000,259.520,259.630,259.500,259.520,44
20260112111100,259.560,259.560,259.410,259.410,25
20260112111200,259.410,259.410,259.410,259.410,0
20260112111300,259.440,259.560,259.440,259.560,35
20260112111400,259.630,259.850,259.630,259.840,12
20260112111500,259.740,259.740,259.560,259.560,12
20260112111600,259.560,259.560,259.400,259.470,50
20260112111700,259.460,259.460,259.380,259.380,14
20260112111800,259.380,259.400,259.300,259.390,22
20260112111900,259.230,259.560,259.130,259.560,82
20260112112000,259.640,259.670,259.300,259.370,21
20260112112100,259.500,259.730,259.500,259.730,12
20260112112200,259.730,259.740,259.540,259.540,14
20260112112300,259.600,260.410,259.600,260.410,71
20260112112400,260.400,260.400,260.170,260.170,10
20260112112500,260.200,260.360,260.200,260.210,8
20260112112600,260.220,260.380,260.220,260.380,6
20260112112700,260.330,260.330,260.330,260.330,6
20260112112800,260.270,260.270,260.220,260.250,26
20260112112900,260.220,260.330,260.220,260.330,13
20260112113000,260.330,260.450,260.250,260.450,71
20260112130100,260.460,260.970,260.460,260.710,97
20260112130200,260.940,261.700,260.940,261.090,80
20260112130300,261.060,261.570,261.060,261.490,26
20260112130400,261.080,261.110,260.720,260.810,51
20260112130500,260.630,260.690,260.630,260.690,13
20260112130600,261.000,261.470,260.830,260.830,32
20260112130700,260.800,261.260,260.800,261.260,19
20260112130800,260.840,260.840,260.460,260.460,22
20260112130900,260.830,260.830,260.510,260.510,5
20260112131000,260.880,261.330,260.880,261.330,43
20260112131100,261.300,261.360,261.300,261.360,30
20260112131200,261.360,261.360,260.900,261.360,51
20260112131300,261.360,261.360,260.500,260.500,50
20260112131400,260.500,260.940,260.500,260.940,55
20260112131500,260.510,260.510,260.400,260.400,80
20260112131600,260.350,260.410,259.430,259.980,113
20260112131700,259.980,260.830,259.980,260.830,27
20260112131800,259.980,259.980,259.980,259.980,2
20260112131900,260.200,260.690,260.200,260.200,22
20260112132000,260.140,260.730,260.140,260.710,34
20260112132100,260.780,260.940,260.780,260.940,54
20260112132200,260.190,260.200,260.190,260.200,8
20260112132300,260.200,260.200,260.200,260.200,2
20260112132400,260.200,260.860,260.190,260.850,16
20260112132500,260.210,260.240,260.210,260.240,10
20260112132600,260.220,260.670,260.190,260.190,41
20260112132700,260.200,260.610,260.060,260.130,40
20260112132800,260.120,260.120,260.060,260.060,10
20260112132900,260.140,260.320,260.060,260.100,50
20260112133000,260.100,260.100,260.100,260.100,0
20260112133100,260.110,260.110,259.690,259.690,55
20260112133200,259.700,259.700,259.340,259.340,10
20260112133300,259.580,259.580,259.430,259.430,6
20260112133400,259.380,259.460,259.380,259.430,22
20260112133500,259.500,259.690,259.500,259.690,64
20260112133600,259.680,259.830,259.680,259.830,14
20260112133700,259.500,259.500,259.430,259.440,41
20260112133800,259.480,259.730,259.440,259.560,36
20260112133900,259.560,259.560,259.500,259.560,15
20260112134000,259.550,259.550,259.450,259.450,10
20260112134100,259.440,259.610,259.290,259.610,182
20260112134200,259.580,259.580,259.580,259.580,4
20260112134300,259.590,259.590,259.360,259.360,52
20260112134400,259.350,259.790,259.350,259.790,113
20260112134500,259.790,259.900,259.790,259.900,22
20260112134600,259.920,260.370,259.920,260.360,44
20260112134700,260.360,260.360,260.330,260.330,8
20260112134800,260.390,260.390,260.090,260.090,15
20260112134900,260.070,260.070,259.680,259.680,17
20260112135000,259.650,259.890,259.430,259.450,20
20260112135100,259.440,259.880,259.440,259.510,19
20260112135200,260.020,260.270,260.020,260.140,69
20260112135300,260.210,260.210,260.090,260.170,24
20260112135400,260.040,260.360,259.870,260.360,62
20260112135500,260.430,260.490,260.430,260.460,38
20260112135600,260.620,261.000,260.620,260.990,66
20260112135700,260.930,260.930,260.580,260.580,13
20260112135800,260.400,260.540,260.220,260.540,26
20260112135900,260.510,260.560,260.220,260.220,102
20260112140000,260.260,260.900,259.990,260.900,13
20260112140100,260.900,260.910,260.250,260.270,58
20260112140200,260.280,260.640,260.260,260.260,14
20260112140300,260.640,260.650,260.230,260.230,11
20260112140400,260.670,260.700,260.230,260.700,13
20260112140500,260.690,260.720,260.310,260.720,25
20260112140600,260.300,260.400,260.210,260.370,30
20260112140700,260.210,260.210,260.000,260.000,90
20260112140800,259.590,260.090,259.590,260.090,23
20260112140900,260.090,260.190,260.070,260.190,45
20260112141000,260.170,260.170,259.620,259.620,18
20260112141100,260.080,260.130,259.990,259.990,14
20260112141200,260.110,260.120,259.880,259.880,19
20260112141300,259.880,260.670,259.720,260.640,100
20260112141400,260.640,260.640,260.080,260.620,21
20260112141500,260.060,260.570,259.690,260.000,43
20260112141600,260.460,260.460,260.100,260.100,9
20260112141700,260.100,260.100,260.090,260.090,21
20260112141800,260.320,260.330,260.000,260.000,41
20260112141900,259.900,260.060,259.720,260.060,31
20260112142000,260.060,260.080,259.730,260.080,30
20260112142100,260.080,260.140,260.000,260.140,19
20260112142200,260.140,260.170,260.010,260.170,28
20260112142300,260.170,260.180,260.000,260.030,55
20260112142400,260.010,260.010,259.900,259.910,25
20260112142500,259.940,259.940,259.730,259.730,55
20260112142600,259.860,260.260,259.860,260.200,67
20260112142700,260.200,260.200,260.150,260.150,16
20260112142800,260.140,260.170,259.860,260.170,26
20260112142900,260.180,260.190,259.800,259.990,27
20260112143000,259.810,260.230,259.810,259.910,29
20260112143100,260.210,260.290,260.010,260.290,38
20260112143200,260.320,260.760,260.310,260.760,112
20260112143300,260.330,260.680,260.330,260.660,10
20260112143400,260.390,260.390,260.000,260.280,24
20260112143500,260.200,260.200,259.880,259.880,24
20260112143600,259.920,259.920,259.700,259.700,34
20260112143700,259.790,260.290,259.700,260.290,30
20260112143800,260.000,260.230,259.960,260.230,28
20260112143900,260.200,260.200,260.180,260.200,16
20260112144000,259.840,259.950,259.840,259.950,19
20260112144100,259.830,259.930,259.830,259.920,9
20260112144200,259.830,259.870,259.650,259.650,60
20260112144300,259.650,259.720,259.610,259.660,37
20260112144400,259.650,259.670,259.600,259.630,36
20260112144500,259.630,259.720,259.630,259.720,74
20260112144600,259.690,259.920,259.690,259.920,21
20260112144700,259.950,259.950,259.800,259.830,41
20260112144800,259.830,259.860,259.800,259.840,22
20260112144900,259.710,259.850,259.700,259.700,27
20260112145000,259.700,259.990,259.520,259.990,109
20260112145100,259.770,260.460,259.770,259.780,26
20260112145200,259.930,260.400,259.740,260.220,26
20260112145300,260.150,260.150,259.750,260.140,49
20260112145400,259.740,259.850,259.740,259.810,38
20260112145500,259.800,260.450,259.800,260.450,36
20260112145600,260.190,260.550,259.830,260.060,64
20260112145700,260.550,260.670,260.550,260.660,47
20260112145800,260.660,260.660,260.660,260.660,0
20260112145900,260.660,260.660,260.660,260.660,0
20260112150000,260.670,260.670,260.670,260.670,115
20260113093000,262.000,262.000,262.000,262.000,36
20260113093100,262.000,263.100,260.690,262.950,132
20260113093200,263.220,263.650,261.240,261.240,140
20260113093300,262.040,262.690,261.420,262.480,62
20260113093400,262.040,262.440,261.410,261.410,160
20260113093500,262.030,262.030,260.900,261.410,59
20260113093600,261.480,261.480,260.770,261.330,91
20260113093700,261.920,262.720,260.940,262.000,98
20260113093800,262.220,263.870,261.940,263.870,239
20260113093900,262.710,264.500,262.710,264.500,164
20260113094000,263.260,263.400,262.590,262.590,95
20260113094100,262.600,262.700,260.680,262.700,121
20260113094200,262.350,264.010,262.350,264.010,125
20260113094300,263.970,263.970,262.670,262.670,117
20260113094400,262.890,262.890,261.900,261.910,44
20260113094500,262.040,262.040,261.010,261.010,38
20260113094600,261.030,261.140,260.700,260.960,44
20260113094700,261.300,261.300,260.780,260.780,40
20260113094800,260.700,261.250,260.700,260.920,42
20260113094900,260.910,260.910,260.260,260.260,93
20260113095000,260.250,260.270,260.210,260.230,28
20260113095100,260.200,260.200,259.800,259.800,189
20260113095200,259.800,259.980,259.100,259.420,156
20260113095300,259.600,259.600,259.420,259.500,40
20260113095400,259.430,259.490,259.130,259.130,40
20260113095500,259.100,259.440,259.100,259.380,52
20260113095600,259.720,260.270,259.710,259.900,49
20260113095700,260.310,260.310,259.740,259.740,20
20260113095800,259.900,260.800,259.900,260.800,36
20260113095900,260.480,260.480,259.500,260.160,30
20260113100000,260.390,260.490,260.390,260.490,9
20260113100100,260.240,260.470,260.150,260.190,27
20260113100200,260.200,260.580,260.000,260.580,51
20260113100300,260.580,260.820,260.560,260.560,21
20260113100400,260.890,261.150,260.520,260.520,55
20260113100500,260.890,260.900,260.660,260.900,28
20260113100600,261.000,261.000,260.000,260.000,61
20260113100700,260.470,260.470,260.470,260.470,2
20260113100800,260.440,260.440,260.000,260.150,25
20260113100900,260.480,260.670,260.200,260.670,66
20260113101000,260.690,261.220,260.690,261.220,15
20260113101100,260.670,261.230,260.670,261.230,39
20260113101200,261.230,261.230,260.470,260.480,33
20260113101300,260.360,261.040,260.270,260.270,31
20260113101400,260.000,260.900,260.000,260.380,31
20260113101500,260.500,260.500,259.910,259.910,57
20260113101600,259.620,260.430,259.620,260.420,25
20260113101700,260.420,260.560,260.310,260.310,7
20260113101800,260.010,260.360,259.700,260.360,41
20260113101900,260.340,260.370,260.050,260.050,36
20260113102000,260.050,260.360,259.690,259.990,25
20260113102100,260.000,262.530,260.000,261.730,223
20260113102200,261.680,262.580,261.680,261.810,99
20260113102300,261.780,261.880,261.050,261.880,55
20260113102400,261.880,262.520,261.400,262.520,86
20260113102500,262.530,262.530,262.010,262.450,49
20260113102600,262.510,262.510,262.180,262.470,38
20260113102700,262.440,263.600,262.430,263.100,150
20260113102800,263.800,263.960,263.120,263.930,71
20260113102900,263.930,263.930,263.330,263.360,73
20260113103000,263.430,263.910,263.430,263.910,66
20260113103100,263.910,263.950,263.650,263.650,64
20260113103200,263.670,264.600,262.830,262.830,369
20260113103300,263.380,263.540,263.190,263.300,71
20260113103400,263.210,263.300,263.120,263.120,26
20260113103500,263.220,263.220,263.000,263.000,59
20260113103600,263.000,264.000,263.000,264.000,34
20260113103700,263.870,263.970,263.140,263.250,78
20260113103800,263.250,263.350,263.070,263.070,38
20260113103900,263.070,263.220,263.050,263.140,18
20260113104000,263.140,263.620,263.130,263.140,51
20260113104100,263.630,263.720,263.120,263.710,56
20260113104200,263.710,263.730,263.710,263.730,27
20260113104300,263.810,263.910,263.790,263.910,46
20260113104400,263.910,264.010,263.470,264.010,86
20260113104500,264.010,264.490,263.650,263.850,46
20260113104600,263.810,264.100,263.200,263.200,50
20260113104700,263.680,264.230,263.200,264.220,45
20260113104800,264.180,264.280,263.900,264.270,27
20260113104900,264.270,264.280,263.620,263.620,48
20260113105000,263.630,264.260,263.630,264.240,49
20260113105100,264.200,264.500,263.830,264.500,163
20260113105200,264.390,264.400,264.150,264.150,24
20260113105300,264.150,264.250,264.150,264.220,29
20260113105400,264.120,264.250,263.710,263.710,37
20260113105500,263.940,263.940,263.230,263.520,34
20260113105600,263.520,263.780,263.520,263.530,27
20260113105700,263.810,263.870,263.660,263.870,27
20260113105800,263.540,263.830,263.540,263.830,12
20260113105900,263.180,263.650,263.100,263.100,21
20260113110000,262.950,263.790,262.570,263.790,103
20260113110100,263.810,263.910,262.900,263.210,18
20260113110200,263.210,263.700,263.210,263.630,25
20260113110300,263.620,263.800,263.620,263.800,22
20260113110400,263.250,263.670,263.250,263.670,9
20260113110500,263.480,263.480,263.460,263.460,10
20260113110600,263.650,263.650,262.900,263.470,20
20260113110700,263.140,264.900,263.140,264.900,170
20260113110800,264.890,265.850,264.890,265.230,270
20260113110900,265.130,265.450,265.020,265.390,29
20260113111000,265.220,265.440,265.000,265.010,45
20260113111100,265.010,265.450,265.010,265.060,39
20260113111200,265.070,265.450,265.070,265.450,24
20260113111300,265.450,265.450,264.200,264.200,76
20260113111400,264.200,265.440,264.200,265.400,30
20260113111500,265.040,265.780,265.040,265.270,93
20260113111600,265.800,265.800,265.280,265.800,32
20260113111700,265.280,265.800,265.280,265.790,41
20260113111800,265.290,265.330,264.750,265.330,76
20260113111900,265.050,265.310,264.500,264.500,14
20260113112000,264.540,264.980,264.530,264.530,22
20260113112100,264.970,264.970,264.500,264.700,20
20260113112200,264.620,264.620,264.270,264.440,51
20260113112300,264.280,264.280,264.270,264.270,19
20260113112400,264.270,264.530,263.750,264.200,226
20260113112500,264.520,264.970,264.210,264.970,58
20260113112600,264.970,264.970,264.580,264.580,18
20260113112700,264.800,265.000,264.800,265.000,8
20260113112800,265.000,265.000,265.000,265.000,4
20260113112900,265.000,265.700,265.000,265.160,63
20260113113000,265.790,265.790,265.160,265.160,113
20260113130100,265.180,265.620,264.330,265.210,61
20260113130200,264.870,265.450,264.600,264.680,15
20260113130300,264.680,264.680,264.450,264.450,21
20260113130400,264.230,264.230,264.170,264.180,10
20260113130500,264.000,264.150,263.190,263.420,34
20260113130600,263.190,263.870,263.190,263.670,19
20260113130700,263.380,263.540,263.190,263.540,48
20260113130800,263.380,263.380,262.800,262.800,152
20260113130900,262.960,262.960,262.430,262.430,27
20260113131000,262.660,262.660,262.280,262.280,29
20260113131100,262.600,263.000,262.580,263.000,54
20260113131200,263.000,263.000,262.700,262.900,42
20260113131300,263.180,263.790,263.180,263.790,34
20260113131400,263.780,263.890,263.780,263.890,5
20260113131500,263.550,263.790,262.900,262.900,39
20260113131600,262.920,263.480,262.920,263.480,6
20260113131700,263.490,264.140,263.460,264.140,40
20260113131800,264.100,264.100,263.000,264.100,58
20260113131900,264.070,264.180,263.690,264.180,12
20260113132000,263.700,264.180,263.700,264.180,32
20260113132100,264.160,264.500,263.770,264.500,24
20260113132200,264.500,264.520,263.780,263.780,22
20260113132300,263.810,263.850,263.680,263.680,16
20260113132400,263.840,263.910,263.690,263.910,19
20260113132500,263.480,263.900,263.470,263.470,10
20260113132600,263.190,263.200,262.900,262.900,31
20260113132700,263.200,263.470,262.900,263.470,27
20260113132800,262.900,263.450,262.780,262.780,45
20260113132900,263.460,263.460,263.370,263.430,20
20260113133000,263.430,263.530,263.430,263.490,32
20260113133100,263.480,263.890,263.120,263.580,50
20260113133200,263.890,263.890,263.170,263.830,20
20260113133300,263.180,263.560,262.020,262.050,140
20260113133400,262.700,262.740,262.090,262.740,17
20260113133500,262.730,262.740,262.720,262.740,7
20260113133600,262.760,262.770,262.760,262.770,8
20260113133700,262.400,262.780,262.400,262.780,4
20260113133800,262.760,262.770,262.340,262.350,26
20260113133900,262.760,262.760,262.010,262.130,51
20260113134000,262.120,262.610,262.010,262.500,38
20260113134100,262.740,262.880,262.010,262.880,32
20260113134200,263.250,263.300,262.860,263.300,28
20260113134300,263.200,263.200,262.200,262.260,20
20260113134400,262.680,262.680,262.360,262.360,6
20260113134500,263.020,263.020,262.000,262.000,42
20260113134600,262.340,262.620,262.040,262.050,9
20260113134700,262.000,262.000,261.520,261.940,25
20260113134800,261.980,261.980,261.940,261.940,8
20260113134900,261.840,261.900,261.600,261.900,26
20260113135000,261.920,262.180,261.600,262.180,41
20260113135100,262.180,262.180,262.180,262.180,0
20260113135200,262.180,262.390,262.180,262.390,42
20260113135300,262.300,262.600,262.200,262.200,34
20260113135400,262.410,262.410,262.400,262.400,8
20260113135500,262.480,262.480,262.220,262.220,4
20260113135600,262.490,262.490,262.490,262.490,12
20260113135700,262.490,262.490,262.490,262.490,0
20260113135800,262.300,262.470,262.300,262.470,10
20260113135900,262.490,262.490,262.320,262.480,14
20260113140000,262.350,262.350,261.550,261.550,48
20260113140100,261.550,261.820,261.500,261.510,32
20260113140200,261.800,261.840,261.500,261.500,29
20260113140300,261.500,261.500,261.020,261.050,37
20260113140400,261.030,261.030,261.000,261.000,10
20260113140500,261.210,261.230,261.000,261.230,29
20260113140600,261.420,261.420,261.420,261.420,2
20260113140700,261.060,261.070,260.500,260.500,32
20260113140800,260.980,260.980,260.850,260.850,10
20260113140900,260.770,260.870,260.510,260.770,53
20260113141000,260.900,260.900,260.900,260.900,2
20260113141100,260.760,260.780,260.150,260.780,40
20260113141200,260.760,261.150,260.760,261.150,80
20260113141300,261.150,261.200,260.800,261.190,31
20260113141400,261.210,261.210,261.110,261.130,14
20260113141500,261.130,261.290,261.130,261.290,20
20260113141600,261.310,261.420,261.310,261.420,22
20260113141700,261.480,261.500,261.340,261.350,14
20260113141800,261.500,261.620,261.300,261.520,32
20260113141900,261.340,261.340,260.820,261.310,35
20260113142000,261.330,261.340,261.120,261.340,11
20260113142100,261.350,261.830,261.350,261.830,49
20260113142200,261.840,261.930,261.500,261.510,32
20260113142300,261.510,261.670,261.510,261.670,40
20260113142400,261.570,261.630,261.350,261.530,26
20260113142500,261.250,261.360,261.170,261.170,12
20260113142600,261.260,261.260,261.120,261.120,16
20260113142700,260.490,261.260,260.400,260.860,83
20260113142800,260.460,260.860,260.080,260.690,67
20260113142900,260.400,260.710,260.220,260.710,13
20260113143000,260.710,260.710,260.050,260.250,52
20260113143100,260.420,260.980,260.250,260.810,49
20260113143200,260.810,261.340,260.810,261.000,43
20260113143300,260.570,261.000,260.570,260.980,23
20260113143400,260.740,260.790,260.010,260.790,77
20260113143500,260.780,260.790,260.150,260.150,60
20260113143600,260.340,260.530,260.000,260.390,50
20260113143700,260.400,260.510,260.310,260.510,36
20260113143800,260.520,261.010,260.520,260.970,64
20260113143900,260.980,261.000,260.980,261.000,113
20260113144000,260.500,261.010,260.500,260.620,17
20260113144100,261.010,261.010,260.630,260.970,29
20260113144200,260.640,260.970,260.600,260.600,70
20260113144300,260.610,260.710,260.000,260.000,117
20260113144400,260.640,261.000,260.040,261.000,26
20260113144500,261.020,261.020,260.410,260.420,31
20260113144600,260.420,260.870,260.100,260.580,43
20260113144700,260.100,260.560,260.100,260.150,21
20260113144800,260.170,260.500,260.170,260.490,10
20260113144900,260.180,260.880,260.180,260.500,73
20260113145000,260.860,261.000,260.120,261.000,102
20260113145100,261.100,261.160,260.350,261.160,32
20260113145200,261.160,261.160,260.580,260.580,15
20260113145300,260.740,261.300,260.520,261.300,49
20260113145400,261.300,261.590,261.300,261.590,46
20260113145500,261.550,261.570,261.000,261.010,30
20260113145600,261.530,262.240,261.530,262.220,70
20260113145700,262.220,262.230,261.920,261.920,81
20260113145800,261.920,261.920,261.920,261.920,0
20260113145900,261.920,261.920,261.920,261.920,0
20260113150000,261.720,261.720,261.720,261.720,79
20260114093000,259.580,259.580,259.580,259.580,55
20260114093100,259.580,262.930,259.580,259.850,86
20260114093200,260.230,261.270,260.230,261.070,69
20260114093300,261.030,261.500,260.650,261.500,92
20260114093400,261.530,263.030,261.530,262.790,101
20260114093500,263.630,263.990,262.830,263.600,109
20260114093600,264.000,264.010,263.210,264.010,102
20260114093700,263.860,265.680,263.850,264.980,206
20260114093800,265.190,265.190,263.640,263.740,127
20260114093900,263.180,264.700,262.020,264.700,75
20260114094000,264.690,264.980,263.880,264.810,93
20260114094100,264.330,264.950,264.330,264.760,34
20260114094200,264.860,264.860,263.880,263.880,51
20260114094300,262.570,264.050,262.570,263.920,25
20260114094400,264.050,264.540,262.880,262.880,49
20260114094500,263.780,263.780,263.210,263.240,31
20260114094600,263.050,264.030,262.880,262.910,111
20260114094700,263.320,263.320,262.060,262.830,102
20260114094800,262.840,263.190,262.240,263.190,86
20260114094900,263.750,263.750,262.380,263.360,40
20260114095000,263.300,263.300,262.560,262.560,4
20260114095100,263.040,263.350,262.990,263.350,43
20260114095200,263.300,263.890,263.240,263.890,108
20260114095300,263.890,264.390,263.820,263.820,33
20260114095400,263.820,264.310,263.820,264.270,18
20260114095500,264.360,264.360,263.660,264.350,15
20260114095600,264.160,264.160,263.490,264.080,67
20260114095700,263.680,264.190,263.680,263.710,53
20260114095800,264.190,264.190,263.730,263.950,24
20260114095900,263.990,264.050,263.770,263.770,16
20260114100000,264.030,264.730,263.780,264.700,61
20260114100100,264.820,265.660,264.820,265.280,244
20260114100200,265.270,265.380,264.720,264.720,24
20260114100300,265.200,265.640,264.780,265.640,73
20260114100400,265.640,266.470,265.640,265.900,171
20260114100500,266.300,266.300,265.230,265.970,21
20260114100600,265.850,265.850,265.250,265.850,53
20260114100700,266.000,266.090,265.990,266.090,28
20260114100800,266.080,266.300,266.000,266.290,78
20260114100900,266.310,266.550,265.910,266.370,46
20260114101000,265.910,266.330,265.910,266.010,31
20260114101100,266.000,266.360,265.910,265.920,68
20260114101200,265.920,266.690,265.920,266.640,213
20260114101300,266.000,266.500,266.000,266.050,47
20260114101400,266.060,266.490,265.920,265.920,57
20260114101500,266.490,266.490,266.400,266.490,21
20260114101600,266.460,266.860,265.960,266.860,119
20260114101700,266.860,266.860,266.530,266.850,36
20260114101800,266.860,266.890,266.830,266.880,54
20260114101900,266.900,266.900,266.590,266.670,76
20260114102000,266.760,266.760,266.210,266.730,37
20260114102100,266.520,267.580,266.210,267.360,192
20260114102200,267.360,267.930,267.360,267.860,80
20260114102300,267.930,268.520,267.580,267.780,305
20260114102400,267.880,268.350,267.770,268.350,59
20260114102500,268.450,268.490,267.520,268.270,92
20260114102600,268.270,268.270,268.000,268.100,57
20260114102700,268.100,268.630,268.100,268.490,70
20260114102800,268.600,268.870,268.600,268.870,76
20260114102900,268.880,268.880,268.500,268.500,96
20260114103000,268.480,268.940,268.400,268.940,82
20260114103100,268.930,268.980,268.300,268.300,67
20260114103200,268.020,268.030,267.790,268.020,33
20260114103300,268.130,268.130,267.660,267.960,38
20260114103400,267.960,268.850,267.960,268.840,99
20260114103500,268.840,269.390,268.840,269.350,127
20260114103600,269.100,269.470,269.100,269.470,49
20260114103700,269.360,269.470,269.200,269.350,44
20260114103800,269.090,269.680,269.090,269.500,117
20260114103900,269.500,269.500,269.190,269.360,71
20260114104000,269.040,269.630,269.040,269.320,52
20260114104100,269.590,269.640,269.500,269.600,24
20260114104200,269.260,269.260,268.980,269.150,84
20260114104300,269.150,269.570,269.090,269.090,31
20260114104400,269.090,269.490,268.670,269.490,86
20260114104500,269.490,269.560,268.810,269.260,68
20260114104600,268.980,268.980,267.390,267.410,62
20260114104700,267.410,267.590,267.250,267.320,13
20260114104800,267.170,267.170,266.020,266.660,45
20260114104900,267.130,267.130,266.570,266.570,57
20260114105000,266.700,266.700,266.620,266.700,10
20260114105100,266.750,267.140,266.750,266.930,45
20260114105200,266.940,267.120,266.940,267.120,40
20260114105300,267.320,267.320,266.700,266.870,142
20260114105400,267.040,267.320,266.880,267.320,18
20260114105500,267.250,267.350,267.250,267.350,31
20260114105600,267.550,267.790,267.450,267.560,49
20260114105700,267.660,267.830,267.500,267.830,22
20260114105800,267.860,268.270,267.500,268.270,22
20260114105900,268.210,268.240,268.170,268.170,22
20260114110000,268.160,268.160,266.930,267.930,28
20260114110100,268.020,268.210,267.360,268.200,15
20260114110200,268.210,268.210,268.110,268.110,8
20260114110300,268.180,268.270,268.180,268.270,24
20260114110400,268.270,268.320,268.270,268.300,18
20260114110500,268.300,268.380,268.290,268.380,21
20260114110600,267.840,268.370,267.840,268.370,12
20260114110700,268.370,268.370,267.780,268.050,25
20260114110800,267.690,268.000,267.230,267.880,26
20260114110900,267.460,267.830,267.460,267.830,4
20260114111000,267.300,267.330,266.930,266.930,42
20260114111100,266.930,266.940,266.860,266.910,14
20260114111200,266.580,266.580,266.200,266.200,37
20260114111300,266.540,266.540,266.210,266.210,5
20260114111400,266.200,266.200,265.210,266.120,195
20260114111500,265.410,266.040,265.410,265.440,24
20260114111600,265.440,265.980,265.440,265.930,15
20260114111700,266.000,266.110,266.000,266.100,13
20260114111800,266.110,266.110,265.890,265.890,17
20260114111900,265.950,266.050,265.500,265.500,9
20260114112000,266.020,266.020,265.520,265.520,6
20260114112100,266.010,266.030,265.560,265.560,20
20260114112200,266.000,266.000,265.460,265.460,27
20260114112300,265.470,265.570,265.400,265.570,14
20260114112400,265.470,265.570,265.460,265.570,6
20260114112500,265.430,265.430,264.780,265.180,65
20260114112600,265.180,265.180,264.800,264.820,13
20260114112700,264.880,264.880,264.210,264.210,30
20260114112800,264.210,264.660,264.210,264.660,14
20260114112900,264.650,264.670,264.650,264.670,4
20260114113000,264.400,264.400,264.280,264.280,22
20260114130100,264.280,264.280,263.000,263.000,281
20260114130200,263.000,263.000,261.100,261.100,280
20260114130300,261.460,262.280,261.080,262.280,121
20260114130400,262.230,262.280,261.620,261.620,87
20260114130500,261.590,262.270,261.590,262.230,29
20260114130600,262.110,262.560,261.660,261.680,90
20260114130700,261.760,261.760,261.500,261.720,81
20260114130800,261.730,262.020,261.100,261.100,89
20260114130900,261.100,261.100,260.190,260.400,356
20260114131000,260.330,260.810,260.210,260.810,32
20260114131100,260.450,261.370,260.410,260.840,37
20260114131200,260.980,262.000,260.840,262.000,25
20260114131300,261.300,261.300,260.540,261.130,69
20260114131400,260.420,261.100,260.420,260.450,42
20260114131500,260.800,260.800,260.000,260.000,277
20260114131600,260.010,260.390,259.000,259.090,325
20260114131700,259.000,259.830,259.000,259.250,53
20260114131800,259.720,259.720,259.050,259.090,42
20260114131900,259.500,259.790,259.120,259.790,27
20260114132000,259.700,259.900,259.390,259.900,42
20260114132100,259.900,260.230,259.500,259.530,48
20260114132200,260.200,260.270,259.900,260.030,35
20260114132300,259.500,259.960,259.060,259.490,49
20260114132400,259.510,259.870,259.100,259.770,41
20260114132500,259.340,260.000,259.340,259.620,29
20260114132600,260.280,260.280,259.560,259.560,54
20260114132700,259.540,260.200,259.250,260.200,150
20260114132800,260.210,260.220,259.450,260.220,15
20260114132900,260.310,260.310,259.640,259.750,16
20260114133000,260.300,260.300,259.640,259.810,50
20260114133100,259.820,260.920,259.820,260.920,31
20260114133200,260.480,261.250,260.470,260.470,46
20260114133300,260.000,260.390,259.680,260.390,26
20260114133400,259.900,260.650,259.900,259.910,13
20260114133500,259.920,260.390,259.920,260.350,17
20260114133600,260.370,260.470,260.370,260.390,26
20260114133700,260.470,261.100,260.470,261.100,29
20260114133800,261.080,261.150,260.490,260.880,28
20260114133900,260.360,260.990,260.360,260.990,12
20260114134000,260.500,260.980,260.500,260.870,27
20260114134100,260.360,260.780,260.000,260.000,49
20260114134200,260.360,260.680,260.000,260.560,26
20260114134300,260.520,260.530,260.080,260.080,13
20260114134400,260.060,260.530,260.010,260.490,29
20260114134500,260.200,260.590,260.200,260.590,27
20260114134600,260.580,260.640,260.570,260.640,21
20260114134700,260.230,260.720,260.210,260.720,15
20260114134800,260.740,260.740,260.720,260.740,11
20260114134900,260.210,260.840,260.210,260.750,26
20260114135000,260.500,260.790,260.200,260.790,44
20260114135100,260.290,260.290,260.290,260.290,3
20260114135200,260.790,260.790,260.370,260.370,4
20260114135300,260.780,260.840,260.020,260.650,48
20260114135400,260.020,260.070,260.020,260.030,23
20260114135500,260.440,260.750,260.040,260.750,27
20260114135600,260.750,260.780,260.040,260.780,36
20260114135700,260.780,260.780,260.710,260.710,10
20260114135800,260.080,260.090,259.910,259.910,60
20260114135900,259.700,259.910,259.500,259.910,56
20260114140000,259.520,259.520,259.430,259.430,49
20260114140100,259.450,259.450,258.350,258.360,378
20260114140200,258.380,259.900,258.370,259.080,38
20260114140300,259.060,259.920,258.850,259.920,33
20260114140400,259.790,259.790,259.780,259.780,4
20260114140500,259.190,259.870,259.190,259.870,12
20260114140600,259.200,259.210,258.410,259.000,46
20260114140700,258.510,258.940,258.510,258.510,16
20260114140800,258.510,258.510,258.150,258.470,78
20260114140900,258.470,258.840,258.470,258.840,53
20260114141000,258.840,259.560,258.840,258.840,61
20260114141100,259.440,259.440,258.840,258.880,29
20260114141200,258.900,260.350,258.900,260.340,46
20260114141300,260.280,260.280,259.550,260.260,18
20260114141400,259.560,261.500,259.560,261.160,115
20260114141500,261.160,261.160,261.030,261.030,14
20260114141600,261.030,261.030,260.290,261.020,17
20260114141700,260.990,261.020,260.250,260.270,17
20260114141800,261.030,261.110,260.380,260.380,22
20260114141900,260.370,261.140,260.370,261.140,28
20260114142000,260.420,261.140,260.350,261.140,16
20260114142100,260.500,261.610,260.500,261.610,32
20260114142200,261.480,261.480,261.390,261.390,31
20260114142300,261.280,261.280,261.280,261.280,2
20260114142400,261.300,261.390,261.300,261.370,17
20260114142500,261.360,261.500,261.360,261.500,39
20260114142600,261.560,261.880,261.560,261.880,20
20260114142700,261.880,261.880,261.270,261.290,38
20260114142800,261.620,261.620,261.320,261.560,7
20260114142900,261.560,261.570,261.560,261.570,4
20260114143000,261.310,261.650,261.310,261.330,12
20260114143100,261.650,261.650,261.230,261.630,25
20260114143200,261.020,261.020,260.760,260.760,17
20260114143300,260.290,261.150,260.290,260.330,34
20260114143400,260.650,261.230,260.650,261.230,11
20260114143500,261.270,261.350,260.690,260.690,8
20260114143600,261.340,261.340,260.690,260.690,22
20260114143700,260.640,260.640,260.490,260.490,23
20260114143800,260.270,260.270,260.200,260.200,6
20260114143900,259.440,260.160,259.010,260.130,46
20260114144000,260.100,260.600,260.100,260.600,27
20260114144100,260.580,260.580,260.170,260.170,4
20260114144200,260.610,260.610,260.610,260.610,8
20260114144300,260.610,260.610,260.010,260.010,4
20260114144400,260.590,260.600,259.770,260.010,49
20260114144500,260.050,260.540,259.790,260.010,26
20260114144600,260.530,260.530,260.530,260.530,14
20260114144700,260.530,260.530,259.350,259.350,55
20260114144800,259.330,260.180,259.200,260.140,23
20260114144900,260.050,260.060,259.200,259.200,33
20260114145000,259.720,260.010,259.250,259.260,59
20260114145100,259.270,260.050,259.270,260.040,21
20260114145200,259.500,260.050,259.500,260.040,15
20260114145300,259.540,260.160,259.540,260.160,24
20260114145400,259.580,261.010,259.560,259.610,25
20260114145500,259.620,260.870,259.610,260.870,29
20260114145600,259.660,260.860,259.620,260.610,69
20260114145700,259.660,260.630,259.620,259.620,38
20260114145800,259.620,259.620,259.620,259.620,0
20260114145900,259.620,259.620,259.620,259.620,0
20260114150000,259.750,259.750,259.750,259.750,69
20260115093000,259.000,259.000,259.000,259.000,10
20260115093100,259.700,260.380,259.000,259.690,94
20260115093200,259.690,261.000,258.080,258.910,169
20260115093300,258.910,260.460,258.780,260.460,74
20260115093400,259.440,259.480,258.220,258.220,115
20260115093500,259.290,259.990,259.290,259.990,27
20260115093600,259.920,260.250,259.420,260.250,135
20260115093700,260.300,260.310,259.830,260.300,24
20260115093800,260.270,260.390,259.890,259.890,29
20260115093900,260.390,260.390,259.640,259.640,112
20260115094000,259.970,260.990,259.970,260.990,64
20260115094100,260.990,261.770,260.990,261.500,46
20260115094200,261.510,261.590,261.500,261.500,22
20260115094300,261.270,261.580,260.610,260.980,142
20260115094400,260.620,261.050,260.550,260.550,49
20260115094500,260.560,260.990,260.180,260.230,18
20260115094600,260.230,260.670,259.990,260.460,49
20260115094700,260.120,260.990,259.650,260.160,89
20260115094800,260.120,260.750,260.120,260.630,25
20260115094900,260.210,260.910,260.210,260.510,31
20260115095000,260.910,260.910,260.260,260.820,14
20260115095100,260.230,260.740,260.230,260.660,30
20260115095200,260.650,260.720,260.160,260.720,18
20260115095300,260.740,261.920,260.700,261.920,90
20260115095400,261.900,261.970,261.700,261.700,63
20260115095500,261.950,261.970,261.300,261.840,46
20260115095600,261.790,261.790,261.090,261.730,18
20260115095700,261.790,261.900,261.300,261.880,20
20260115095800,261.890,261.900,261.330,261.330,35
20260115095900,261.320,261.810,260.770,261.680,55
20260115100000,261.160,261.350,260.530,260.530,25
20260115100100,260.530,261.320,260.440,261.320,75
20260115100200,261.320,261.520,260.800,261.420,60
20260115100300,261.630,261.670,260.840,261.240,34
20260115100400,260.300,261.000,260.000,260.550,43
20260115100500,260.510,260.610,259.780,260.500,55
20260115100600,259.870,260.250,259.760,260.150,26
20260115100700,260.180,260.880,259.640,260.170,63
20260115100800,259.590,260.580,259.500,260.000,41
20260115100900,260.370,260.510,259.770,260.470,52
20260115101000,259.880,260.220,259.610,259.610,45
20260115101100,259.700,259.980,259.600,259.620,45
20260115101200,259.910,260.030,259.510,259.890,67
20260115101300,259.500,260.470,259.500,259.580,54
20260115101400,259.940,260.360,259.500,259.810,56
20260115101500,260.360,260.360,259.500,259.990,55
20260115101600,259.890,260.170,259.370,259.370,83
20260115101700,259.260,259.950,259.010,259.760,100
20260115101800,259.080,259.720,259.030,259.160,90
20260115101900,259.090,259.720,259.000,259.690,80
20260115102000,259.040,259.510,258.060,258.110,552
20260115102100,258.020,258.020,257.200,257.300,394
20260115102200,257.280,257.450,257.020,257.020,99
20260115102300,257.020,257.290,257.000,257.100,129
20260115102400,257.130,257.860,257.130,257.270,26
20260115102500,257.270,257.270,257.050,257.060,38
20260115102600,257.060,257.060,256.300,256.300,319
20260115102700,256.230,256.720,256.150,256.250,65
20260115102800,256.230,256.780,256.200,256.200,65
20260115102900,256.490,256.720,256.160,256.160,37
20260115103000,256.150,256.200,255.520,255.520,149
20260115103100,255.940,255.940,255.300,255.330,91
20260115103200,255.470,255.880,255.130,255.750,107
20260115103300,255.300,255.690,255.300,255.350,45
20260115103400,255.350,255.690,255.350,255.690,54
20260115103500,255.850,256.500,255.810,255.940,23
20260115103600,255.930,256.340,255.670,256.310,25
20260115103700,256.300,256.300,256.140,256.150,16
20260115103800,256.100,256.100,256.040,256.070,19
20260115103900,256.110,256.770,256.040,256.770,35
20260115104000,256.740,256.950,256.740,256.800,17
20260115104100,256.910,256.950,256.880,256.880,18
20260115104200,256.700,256.700,256.350,256.350,8
20260115104300,256.670,256.820,256.080,256.760,48
20260115104400,256.710,256.710,256.040,256.070,36
20260115104500,256.580,256.580,256.050,256.050,14
20260115104600,256.050,256.420,256.050,256.060,32
20260115104700,256.340,256.380,256.050,256.280,32
20260115104800,256.050,257.010,256.050,257.010,42
20260115104900,257.420,258.000,257.410,258.000,24
20260115105000,257.940,257.950,257.400,257.400,46
20260115105100,257.440,258.450,257.280,257.330,28
20260115105200,258.060,258.060,257.360,257.360,21
20260115105300,257.720,258.350,257.220,258.280,40
20260115105400,258.160,258.380,258.130,258.130,16
20260115105500,257.870,258.160,257.870,258.050,27
20260115105600,257.990,258.470,257.990,258.020,28
20260115105700,258.020,258.470,258.020,258.440,12
20260115105800,258.000,258.440,258.000,258.370,35
20260115105900,258.440,258.470,258.390,258.400,15
20260115110000,258.460,258.460,258.000,258.000,7
20260115110100,258.000,258.180,257.880,258.000,24
20260115110200,258.090,258.390,257.560,258.190,34
20260115110300,257.600,257.900,257.440,257.900,12
20260115110400,257.840,258.200,257.810,257.840,17
20260115110500,257.810,258.460,257.470,258.420,39
20260115110600,257.750,258.500,257.750,258.040,47
20260115110700,258.070,258.420,258.000,258.000,16
20260115110800,258.000,258.490,257.690,257.690,37
20260115110900,257.690,257.690,257.000,257.690,18
20260115111000,257.620,257.850,257.490,257.850,37
20260115111100,257.850,258.180,256.890,257.320,39
20260115111200,257.390,257.390,256.920,256.930,12
20260115111300,257.000,257.000,257.000,257.000,3
20260115111400,256.980,257.560,256.930,257.560,31
20260115111500,256.820,256.820,256.820,256.820,2
20260115111600,256.990,256.990,256.990,256.990,2
20260115111700,257.100,257.100,257.070,257.070,4
20260115111800,257.070,257.070,257.070,257.070,0
20260115111900,257.230,257.280,256.520,257.170,15
20260115112000,257.000,257.000,257.000,257.000,2
20260115112100,256.880,257.270,256.550,256.550,9
20260115112200,256.960,257.200,256.900,257.200,8
20260115112300,256.730,257.270,256.730,256.770,24
20260115112400,257.030,257.230,257.030,257.120,23
20260115112500,256.850,256.850,256.540,256.540,22
20260115112600,257.170,257.170,256.410,256.560,27
20260115112700,256.560,256.560,256.560,256.560,0
20260115112800,256.830,257.240,256.830,257.240,4
20260115112900,257.210,257.210,256.570,256.930,18
20260115113000,256.900,256.900,256.580,256.900,8
20260115130100,256.960,256.960,256.660,256.750,18
20260115130200,256.880,256.880,256.880,256.880,3
20260115130300,256.810,257.950,256.810,257.950,58
20260115130400,258.180,258.400,257.600,258.320,42
20260115130500,258.320,258.330,257.600,258.260,19
20260115130600,258.170,258.180,258.170,258.180,4
20260115130700,258.600,259.000,258.600,258.890,136
20260115130800,258.610,258.850,258.610,258.850,6
20260115130900,258.560,258.710,258.230,258.230,13
20260115131000,258.700,258.700,258.230,258.300,12
20260115131100,258.310,258.600,258.300,258.600,14
20260115131200,258.410,258.480,258.380,258.380,6
20260115131300,257.790,258.270,257.660,258.270,8
20260115131400,258.210,258.530,257.750,257.750,27
20260115131500,257.750,258.580,257.750,258.580,21
20260115131600,258.500,258.550,258.500,258.530,16
20260115131700,258.430,258.790,258.430,258.590,23
20260115131800,258.750,258.790,258.750,258.780,12
20260115131900,258.680,258.680,258.520,258.530,21
20260115132000,258.530,258.790,258.270,258.270,21
20260115132100,258.780,258.790,258.280,258.280,7
20260115132200,258.300,258.650,258.300,258.650,4
20260115132300,258.520,258.520,258.300,258.300,4
20260115132400,258.280,258.710,258.090,258.560,28
20260115132500,258.560,258.560,258.560,258.560,4
20260115132600,258.300,258.510,258.050,258.470,28
20260115132700,258.480,258.480,258.100,258.430,16
20260115132800,258.450,258.520,258.100,258.520,48
20260115132900,258.160,258.560,257.530,257.650,64
20260115133000,257.620,258.200,257.540,257.560,25
20260115133100,257.890,258.490,257.520,258.320,50
20260115133200,257.600,258.100,256.700,256.900,48
20260115133300,257.180,257.180,256.920,256.920,19
20260115133400,256.950,257.680,256.950,257.560,16
20260115133500,257.640,258.330,257.640,258.330,14
20260115133600,258.250,258.250,257.320,257.710,9
20260115133700,257.360,257.980,257.320,257.320,41
20260115133800,257.890,257.930,257.820,257.820,9
20260115133900,257.850,257.930,257.370,257.370,10
20260115134000,257.380,257.830,257.380,257.830,8
20260115134100,257.770,257.770,257.390,257.500,12
20260115134200,257.500,257.680,257.390,257.630,22
20260115134300,257.650,258.110,257.390,257.390,45
20260115134400,257.400,258.010,257.400,257.940,24
20260115134500,257.400,257.660,257.400,257.480,20
20260115134600,257.480,257.820,257.400,257.550,34
20260115134700,257.880,257.920,257.420,257.820,38
20260115134800,257.880,258.480,257.820,258.310,155
20260115134900,257.950,257.990,257.690,257.690,41
20260115135000,257.700,257.890,257.510,257.600,51
20260115135100,257.900,257.900,257.500,257.730,21
20260115135200,257.710,258.280,257.290,257.490,48
20260115135300,257.320,257.880,256.730,256.750,65
20260115135400,256.730,257.400,256.730,257.400,40
20260115135500,256.810,257.230,256.310,256.310,44
20260115135600,256.310,256.870,256.070,256.070,85
20260115135700,256.070,256.990,256.070,256.100,63
20260115135800,256.100,256.430,256.070,256.170,72
20260115135900,256.210,256.720,256.070,256.070,78
20260115140000,256.070,256.540,255.300,255.300,285
20260115140100,255.310,255.930,255.200,255.500,64
20260115140200,255.430,255.780,255.200,255.200,117
20260115140300,255.200,255.530,254.700,254.700,303
20260115140400,254.580,255.760,254.510,255.760,62
20260115140500,255.760,255.810,255.200,255.810,26
20260115140600,255.790,255.790,255.280,255.300,5
20260115140700,255.600,256.000,255.310,256.000,173
20260115140800,256.070,256.070,255.470,255.480,47
20260115140900,255.470,256.060,254.700,254.870,87
20260115141000,254.710,255.060,254.700,254.820,69
20260115141100,254.700,255.200,254.700,254.700,72
20260115141200,254.700,254.950,254.700,254.950,76
20260115141300,254.700,254.700,254.440,254.440,139
20260115141400,254.440,254.620,254.130,254.130,80
20260115141500,254.120,254.420,254.120,254.400,20
20260115141600,254.450,254.630,254.420,254.630,32
20260115141700,254.950,255.730,254.910,255.000,22
20260115141800,255.020,255.640,255.020,255.060,6
20260115141900,255.480,255.480,255.480,255.480,2
20260115142000,255.350,255.350,254.660,254.660,107
20260115142100,254.980,255.730,254.980,255.230,26
20260115142200,255.230,255.230,255.230,255.230,0
20260115142300,255.320,255.550,255.320,255.550,6
20260115142400,255.700,256.300,255.700,256.250,92
20260115142500,256.450,256.850,256.450,256.600,54
20260115142600,256.750,257.200,256.500,256.500,114
20260115142700,256.490,256.490,255.700,255.700,93
20260115142800,255.700,255.700,255.470,255.500,98
20260115142900,255.470,255.590,255.230,255.590,88
20260115143000,255.060,255.440,255.020,255.020,56
20260115143100,255.020,255.630,254.980,254.980,84
20260115143200,255.000,255.030,254.640,254.640,72
20260115143300,254.640,254.840,254.220,254.840,110
20260115143400,254.260,256.000,254.260,255.770,19
20260115143500,255.740,255.740,255.320,255.710,10
20260115143600,255.700,255.700,255.430,255.700,20
20260115143700,255.860,255.860,255.510,255.510,12
20260115143800,255.800,255.960,255.800,255.960,15
20260115143900,255.970,256.000,255.670,256.000,31
20260115144000,256.290,256.290,255.720,255.730,26
20260115144100,255.750,256.230,255.750,255.750,62
20260115144200,256.100,256.250,255.750,256.250,96
20260115144300,255.740,256.120,255.000,255.010,148
20260115144400,255.020,255.340,254.450,254.840,201
20260115144500,254.850,255.380,254.850,254.870,112
20260115144600,254.830,254.840,254.390,254.450,140
20260115144700,254.670,254.780,254.390,254.770,93
20260115144800,254.470,255.160,254.400,255.150,59
20260115144900,255.380,255.400,254.660,255.000,18
20260115145000,255.410,255.770,254.990,255.100,107
20260115145100,255.760,255.860,254.960,254.960,88
20260115145200,254.670,255.660,254.670,255.470,72
20260115145300,255.460,255.600,254.670,254.720,103
20260115145400,254.720,255.510,254.620,254.690,101
20260115145500,254.690,255.510,254.630,254.630,60
20260115145600,255.350,255.510,254.550,255.510,87
20260115145700,255.510,255.580,254.620,255.140,30
20260115145800,255.140,255.140,255.140,255.140,0
20260115145900,255.140,255.140,255.140,255.140,0
20260115150000,255.910,255.910,255.910,255.910,77
20260116093000,256.500,256.500,256.500,256.500,4
20260116093100,256.500,256.990,255.010,256.990,102
20260116093200,257.000,257.860,256.950,257.370,93
20260116093300,257.380,257.380,255.970,256.760,49
20260116093400,256.530,256.950,256.360,256.950,29
20260116093500,256.950,257.380,256.500,257.380,47
20260116093600,257.850,257.870,257.000,257.410,125
20260116093700,257.390,257.390,256.500,256.840,112
20260116093800,256.850,256.850,256.010,256.700,28
20260116093900,256.810,257.380,256.630,256.630,57
20260116094000,256.530,256.790,256.530,256.540,12
20260116094100,256.560,256.780,256.160,256.610,38
20260116094200,256.550,256.550,255.550,255.670,109
20260116094300,256.500,256.550,255.790,256.540,60
20260116094400,255.960,256.410,255.890,256.380,27
20260116094500,255.890,256.340,255.880,256.320,55
20260116094600,257.090,257.390,256.850,257.200,83
20260116094700,257.520,257.520,256.590,256.700,51
20260116094800,256.700,257.390,256.010,256.400,48
20260116094900,255.940,256.600,255.850,256.490,61
20260116095000,256.500,256.500,255.860,255.890,51
20260116095100,256.400,257.190,255.880,257.190,157
20260116095200,257.120,257.390,256.520,256.540,162
20260116095300,257.170,257.360,256.590,257.290,109
20260116095400,257.190,257.190,256.680,257.190,77
20260116095500,257.190,257.190,255.910,256.910,135
20260116095600,256.170,256.840,255.230,255.390,53
20260116095700,255.400,255.530,255.200,255.530,60
20260116095800,255.200,255.210,255.050,255.060,52
20260116095900,255.050,255.240,254.120,255.240,131
20260116100000,254.370,255.220,254.210,254.210,50
20260116100100,254.920,255.050,254.250,255.050,66
20260116100200,254.990,254.990,254.460,254.670,10
20260116100300,254.460,254.460,254.120,254.120,66
20260116100400,254.120,254.420,253.430,253.800,154
20260116100500,253.330,253.490,253.060,253.070,87
20260116100600,253.140,253.590,253.060,253.200,63
20260116100700,253.780,253.780,253.180,253.300,27
20260116100800,253.540,253.650,253.300,253.300,15
20260116100900,253.650,253.800,253.370,253.370,41
20260116101000,253.360,253.790,253.350,253.780,29
20260116101100,253.770,253.770,253.350,253.350,20
20260116101200,253.690,253.690,253.320,253.330,23
20260116101300,253.300,253.450,253.070,253.450,52
20260116101400,253.490,253.950,253.050,253.950,42
20260116101500,253.620,253.950,253.550,253.550,15
20260116101600,253.550,254.680,253.200,254.680,69
20260116101700,254.750,254.750,254.690,254.690,11
20260116101800,254.210,254.720,253.960,253.970,37
20260116101900,254.030,254.490,253.850,253.860,36
20260116102000,253.860,254.320,253.820,254.320,16
20260116102100,254.200,254.970,253.610,254.970,34
20260116102200,254.470,254.910,254.200,254.820,15
20260116102300,254.190,254.600,254.180,254.590,12
20260116102400,254.170,254.500,253.580,253.870,48
20260116102500,253.880,254.320,253.730,253.730,29
20260116102600,253.610,254.130,253.610,253.970,25
20260116102700,253.630,254.490,253.630,254.480,30
20260116102800,254.490,254.920,254.030,254.500,27
20260116102900,254.020,254.340,253.650,253.700,16
20260116103000,254.340,254.850,253.910,254.820,17
20260116103100,254.830,254.860,254.820,254.860,16
20260116103200,254.830,254.830,254.130,254.470,18
20260116103300,254.040,254.750,254.040,254.690,14
20260116103400,254.080,254.340,253.680,253.680,31
20260116103500,253.680,254.080,253.680,254.000,10
20260116103600,253.880,254.800,253.880,253.890,19
20260116103700,253.890,254.500,253.890,254.500,47
20260116103800,254.430,254.580,254.310,254.580,6
20260116103900,254.460,254.460,254.260,254.260,6
20260116104000,254.730,254.780,254.280,254.280,22
20260116104100,254.690,254.690,254.280,254.280,11
20260116104200,254.280,254.860,254.280,254.860,32
20260116104300,254.860,254.860,254.310,254.400,42
20260116104400,254.870,254.870,254.410,254.810,14
20260116104500,254.680,254.680,254.500,254.500,4
20260116104600,254.670,255.000,254.670,255.000,15
20260116104700,255.240,255.500,255.000,255.000,29
20260116104800,254.840,254.840,254.500,254.820,24
20260116104900,254.800,255.000,254.800,255.000,6
20260116105000,255.370,255.370,255.370,255.370,2
20260116105100,255.500,256.420,254.810,256.420,236
20260116105200,256.370,256.800,256.040,256.320,54
20260116105300,256.060,256.740,256.030,256.700,28
20260116105400,256.070,256.490,256.010,256.010,18
20260116105500,256.320,256.450,255.830,256.450,18
20260116105600,256.130,256.440,256.130,256.440,4
20260116105700,256.440,256.720,256.430,256.720,45
20260116105800,256.700,256.700,256.320,256.700,57
20260116105900,256.450,256.450,256.350,256.350,30
20260116110000,256.440,256.980,256.440,256.980,81
20260116110100,257.160,257.450,256.680,257.450,109
20260116110200,257.400,257.500,257.080,257.470,166
20260116110300,257.450,257.490,257.010,257.010,42
20260116110400,257.100,257.110,255.870,255.880,48
20260116110500,255.860,255.860,255.740,255.740,32
20260116110600,255.670,256.220,255.210,255.830,42
20260116110700,255.080,255.660,254.940,254.940,34
20260116110800,254.950,256.100,254.920,256.100,49
20260116110900,255.600,255.960,255.030,255.030,26
20260116111000,255.020,255.540,254.730,254.930,52
20260116111100,254.940,255.220,254.650,255.160,40
20260116111200,254.920,255.070,254.730,255.030,18
20260116111300,254.960,256.000,254.670,254.690,59
20260116111400,254.830,255.080,254.610,254.610,39
20260116111500,254.610,254.850,254.110,254.230,47
20260116111600,254.120,254.610,254.050,254.050,59
20260116111700,254.050,254.400,254.030,254.180,43
20260116111800,254.190,254.960,254.190,254.530,10
20260116111900,254.510,254.530,254.180,254.180,26
20260116112000,254.690,255.440,254.690,255.440,20
20260116112100,255.330,255.330,254.260,254.900,17
20260116112200,254.290,254.910,254.290,254.290,8
20260116112300,254.400,254.940,254.400,254.690,10
20260116112400,255.350,255.870,255.220,255.220,25
20260116112500,255.290,255.310,255.290,255.310,4
20260116112600,255.310,255.310,255.220,255.260,10
20260116112700,255.270,255.270,254.680,254.680,75
20260116112800,254.580,254.810,254.020,254.050,57
20260116112900,254.150,254.610,254.140,254.360,14
20260116113000,254.060,254.200,254.000,254.000,38
20260116130100,254.000,255.000,254.000,254.230,38
20260116130200,254.220,254.500,254.000,254.000,34
20260116130300,254.010,254.010,253.500,253.500,74
20260116130400,253.500,253.780,252.580,252.920,190
20260116130500,252.830,253.290,252.580,252.620,37
20260116130600,252.570,252.910,252.400,252.500,48
20260116130700,252.500,252.880,252.230,252.310,79
20260116130800,252.310,252.610,252.230,252.230,32
20260116130900,253.150,253.760,253.150,253.750,24
20260116131000,253.210,253.600,252.660,253.200,52
20260116131100,252.680,253.030,252.350,252.940,77
20260116131200,252.940,252.950,252.350,252.350,50
20260116131300,252.350,252.670,252.230,252.620,73
20260116131400,252.620,252.620,251.220,251.220,205
20260116131500,251.500,252.150,251.160,251.300,97
20260116131600,251.330,251.880,251.300,251.420,69
20260116131700,251.430,252.030,251.430,251.940,42
20260116131800,252.240,252.240,251.870,251.870,27
20260116131900,251.530,251.990,251.510,251.980,21
20260116132000,252.360,252.490,251.550,251.700,49
20260116132100,252.110,252.110,251.460,251.460,83
20260116132200,251.460,251.950,251.460,251.930,29
20260116132300,251.920,252.000,251.900,252.000,36
20260116132400,251.990,252.410,251.990,252.410,8
20260116132500,252.430,252.780,252.210,252.240,32
20260116132600,252.690,252.690,252.690,252.690,10
20260116132700,252.330,252.640,252.330,252.640,14
20260116132800,252.640,253.460,252.640,252.900,45
20260116132900,252.810,252.810,252.550,252.580,20
20260116133000,252.750,252.820,252.240,252.240,28
20260116133100,252.250,252.640,252.250,252.640,27
20260116133200,252.580,253.160,252.580,253.080,70
20260116133300,252.890,253.050,252.890,253.030,7
20260116133400,253.000,253.060,252.250,253.060,48
20260116133500,252.970,253.160,252.970,253.070,17
20260116133600,253.070,253.070,252.570,252.570,41
20260116133700,252.460,252.460,252.270,252.270,22
20260116133800,252.510,252.750,252.300,252.380,29
20260116133900,252.580,252.580,252.360,252.580,15
20260116134000,252.360,252.750,252.360,252.750,13
20260116134100,252.750,253.130,252.380,252.380,16
20260116134200,252.360,252.360,252.360,252.360,5
20260116134300,252.350,252.910,252.290,252.910,49
20260116134400,252.880,253.040,252.700,252.700,22
20260116134500,252.700,252.890,252.700,252.890,22
20260116134600,252.690,252.990,252.620,252.990,15
20260116134700,253.010,253.130,252.770,252.770,18
20260116134800,253.150,253.200,252.790,253.200,26
20260116134900,253.210,253.400,253.210,253.340,46
20260116135000,253.340,253.340,252.800,252.800,38
20260116135100,252.800,252.880,252.420,252.420,83
20260116135200,252.440,252.590,252.000,252.000,72
20260116135300,252.000,252.190,251.920,251.920,40
20260116135400,252.230,252.280,251.480,251.560,87
20260116135500,251.490,251.920,251.320,251.370,95
20260116135600,251.370,251.660,251.300,251.420,93
20260116135700,251.450,251.650,251.300,251.300,92
20260116135800,251.300,251.530,250.600,250.900,304
20260116135900,250.890,251.590,250.640,251.560,87
20260116140000,251.220,251.850,251.220,251.450,32
20260116140100,251.220,251.790,250.680,250.680,93
20260116140200,250.680,250.790,250.360,250.500,160
20260116140300,250.300,250.700,250.080,250.700,103
20260116140400,250.240,250.940,250.010,250.010,127
20260116140500,250.340,250.340,249.880,249.880,176
20260116140600,249.890,250.010,249.280,249.530,148
20260116140700,249.540,249.810,249.020,249.400,238
20260116140800,249.090,250.800,249.090,250.540,47
20260116140900,250.540,250.540,250.240,250.240,15
20260116141000,250.240,250.800,250.240,250.500,30
20260116141100,250.730,251.000,250.600,250.630,32
20260116141200,251.350,251.350,250.820,250.820,12
20260116141300,251.270,251.300,250.750,250.760,36
20260116141400,251.020,251.230,250.810,250.820,15
20260116141500,251.230,251.230,250.800,251.030,22
20260116141600,251.230,251.250,250.800,251.250,29
20260116141700,251.260,251.300,251.260,251.290,19
20260116141800,251.290,251.290,251.290,251.290,0
20260116141900,250.860,251.280,250.860,250.890,18
20260116142000,251.170,251.230,250.940,250.940,12
20260116142100,250.940,251.120,250.940,251.120,6
20260116142200,251.310,251.860,250.950,251.100,68
20260116142300,251.800,251.800,251.150,251.740,20
20260116142400,251.150,251.800,251.150,251.800,18
20260116142500,251.360,251.360,251.350,251.350,8
20260116142600,251.360,251.800,251.360,251.800,23
20260116142700,251.830,251.850,251.490,251.850,79
20260116142800,251.850,251.980,251.850,251.980,22
20260116142900,251.980,252.310,251.980,252.310,66
20260116143000,252.340,252.340,251.990,251.990,15
20260116143100,252.000,252.150,251.190,252.020,42
20260116143200,251.640,252.340,251.640,252.200,52
20260116143300,252.300,252.330,252.200,252.200,10
20260116143400,252.200,252.200,252.200,252.200,2
20260116143500,252.320,252.550,252.320,252.530,83
20260116143600,252.320,252.550,251.850,251.860,57
20260116143700,251.850,252.410,251.000,251.000,117
20260116143800,251.000,252.450,250.880,251.100,114
20260116143900,250.990,251.180,250.000,250.010,103
20260116144000,250.000,251.230,250.000,250.190,130
20260116144100,250.190,250.440,249.710,249.880,87
20260116144200,250.220,250.570,249.870,249.900,79
20260116144300,250.280,250.290,249.880,250.120,82
20260116144400,249.880,250.160,249.870,250.150,52
20260116144500,250.440,251.170,250.440,251.170,31
20260116144600,251.190,251.450,251.150,251.450,93
20260116144700,251.660,251.660,251.210,251.360,29
20260116144800,251.580,251.630,251.230,251.500,55
20260116144900,251.650,251.720,251.500,251.670,36
20260116145000,251.690,251.700,251.280,251.700,35
20260116145100,251.590,251.700,251.210,251.700,49
20260116145200,251.850,251.850,251.540,251.540,8
20260116145300,251.590,251.590,251.050,251.180,46
20260116145400,251.000,251.790,250.710,250.710,86
20260116145500,251.710,251.800,250.980,250.980,20
20260116145600,250.980,251.780,250.720,250.780,36
20260116145700,250.780,251.500,250.780,251.500,27
20260116145800,250.900,250.900,250.900,250.900,2
20260116145900,250.900,250.900,250.900,250.900,0
20260116150000,251.790,251.790,251.790,251.790,93
20260119093000,251.640,251.640,251.640,251.640,18
20260119093100,251.780,253.500,251.610,253.380,167
20260119093200,253.380,254.660,253.070,254.620,194
20260119093300,254.540,254.590,253.760,254.590,143
20260119093400,254.590,254.830,253.880,254.180,243
20260119093500,254.200,256.000,254.200,255.200,184
20260119093600,255.220,256.790,255.220,256.400,253
20260119093700,256.160,256.500,255.580,256.340,360
20260119093800,256.400,256.600,255.210,255.230,297
20260119093900,254.660,254.980,253.910,254.750,40
20260119094000,255.030,255.190,254.760,255.000,20
20260119094100,255.000,255.000,254.050,254.070,47
20260119094200,254.500,254.500,253.210,253.630,127
20260119094300,254.320,254.330,253.570,254.280,38
20260119094400,254.220,254.220,253.230,253.230,107
20260119094500,253.560,253.750,253.130,253.750,73
20260119094600,253.750,254.040,253.400,254.040,36
20260119094700,253.590,254.420,253.590,253.850,63
20260119094800,253.850,254.310,253.850,253.870,21
20260119094900,254.310,254.440,253.870,254.240,73
20260119095000,254.570,254.670,254.000,254.480,76
20260119095100,254.480,254.600,253.940,254.510,38
20260119095200,254.490,254.490,254.000,254.000,18
20260119095300,254.430,254.990,254.430,254.480,92
20260119095400,254.890,254.890,253.860,253.880,73
20260119095500,253.880,254.880,253.750,254.880,57
20260119095600,254.870,254.870,254.170,254.170,56
20260119095700,254.740,254.740,254.160,254.590,66
20260119095800,254.180,254.480,254.060,254.060,27
20260119095900,254.600,255.260,254.600,254.830,177
20260119100000,255.480,255.680,254.920,255.670,87
20260119100100,255.680,255.680,255.090,255.090,26
20260119100200,255.650,255.660,255.120,255.660,24
20260119100300,255.650,255.990,255.650,255.860,99
20260119100400,255.690,256.180,255.590,256.070,45
20260119100500,256.130,256.200,255.490,256.010,31
20260119100600,255.230,255.870,255.180,255.180,42
20260119100700,255.120,255.830,255.120,255.800,44
20260119100800,255.200,255.830,255.130,255.810,27
20260119100900,255.820,256.100,255.820,256.100,51
20260119101000,255.830,256.270,255.820,256.270,40
20260119101100,256.100,256.500,256.100,256.500,51
20260119101200,256.000,256.390,255.860,256.330,22
20260119101300,255.870,256.390,255.870,255.870,28
20260119101400,255.870,256.290,255.820,256.290,21
20260119101500,255.820,256.140,255.240,255.950,32
20260119101600,255.450,256.000,255.450,255.540,69
20260119101700,255.530,255.770,254.590,254.710,118
20260119101800,254.660,254.800,254.300,254.660,34
20260119101900,254.290,254.700,254.290,254.640,41
20260119102000,254.630,254.960,254.300,254.950,21
20260119102100,254.340,254.920,254.340,254.910,26
20260119102200,254.440,254.900,254.000,254.820,97
20260119102300,254.100,254.690,253.990,254.580,28
20260119102400,253.910,254.570,253.900,253.900,28
20260119102500,254.490,254.490,253.880,254.470,14
20260119102600,253.980,254.490,253.890,254.490,41
20260119102700,254.480,254.480,253.460,253.460,46
20260119102800,253.460,253.900,253.280,253.400,52
20260119102900,253.890,253.900,253.320,253.320,38
20260119103000,253.320,253.450,252.600,252.780,42
20260119103100,252.770,253.320,252.760,253.190,47
20260119103200,252.770,254.000,252.750,253.890,67
20260119103300,253.320,253.900,252.600,252.770,34
20260119103400,252.770,253.350,252.120,253.070,40
20260119103500,253.070,253.070,252.440,252.460,83
20260119103600,252.460,253.120,252.460,252.850,42
20260119103700,252.790,252.790,252.270,252.270,43
20260119103800,252.250,253.220,252.250,252.360,36
20260119103900,252.390,253.120,252.250,252.250,40
20260119104000,252.250,252.930,252.020,252.020,33
20260119104100,252.580,252.710,252.050,252.380,70
20260119104200,252.000,252.380,251.820,251.820,139
20260119104300,251.800,252.030,251.280,251.980,68
20260119104400,252.180,252.980,251.810,252.450,27
20260119104500,252.580,252.620,251.870,252.610,26
20260119104600,252.980,253.140,252.630,252.640,54
20260119104700,252.630,253.290,252.630,253.290,18
20260119104800,253.290,253.290,252.620,253.160,29
20260119104900,252.630,252.630,252.620,252.620,10
20260119105000,253.160,253.230,252.650,252.650,12
20260119105100,252.630,253.170,252.630,252.710,15
20260119105200,252.700,253.210,252.700,252.710,26
20260119105300,252.710,253.170,252.710,253.170,21
20260119105400,253.170,253.230,252.700,253.220,17
20260119105500,252.730,253.220,252.730,253.210,35
20260119105600,252.750,253.220,252.750,253.220,7
20260119105700,252.770,252.770,252.770,252.770,4
20260119105800,252.810,253.230,252.810,252.820,11
20260119105900,252.810,253.200,252.760,252.760,14
20260119110000,252.740,253.230,252.730,253.230,16
20260119110100,253.590,253.590,252.880,253.430,25
20260119110200,252.900,253.530,252.890,252.930,22
20260119110300,252.970,253.450,252.970,252.970,9
20260119110400,252.900,252.900,252.880,252.880,4
20260119110500,253.000,253.000,252.880,252.880,8
20260119110600,252.730,252.730,252.510,252.510,52
20260119110700,253.060,253.070,252.600,252.600,9
20260119110800,252.580,252.580,252.580,252.580,4
20260119110900,252.580,252.780,252.110,252.750,20
20260119111000,252.460,252.990,252.270,252.340,135
20260119111100,252.340,252.990,252.340,252.350,30
20260119111200,252.250,252.350,252.250,252.350,5
20260119111300,252.250,252.890,252.250,252.280,19
20260119111400,252.300,252.980,252.290,252.410,16
20260119111500,253.130,253.130,252.380,252.400,22
20260119111600,252.410,252.410,252.400,252.400,6
20260119111700,252.400,252.870,252.310,252.870,13
20260119111800,252.290,252.860,252.290,252.850,12
20260119111900,252.870,252.980,252.350,252.350,18
20260119112000,252.980,252.980,252.300,252.420,16
20260119112100,252.430,252.990,252.420,252.430,11
20260119112200,252.420,252.420,251.600,251.600,102
20260119112300,251.600,251.730,250.920,250.920,85
20260119112400,250.530,251.090,250.500,251.090,75
20260119112500,251.080,251.240,250.560,250.610,38
20260119112600,250.650,250.820,250.500,250.500,64
20260119112700,250.500,250.910,250.430,250.430,31
20260119112800,250.900,250.900,250.400,250.890,45
20260119112900,250.890,250.890,250.400,250.650,42
20260119113000,250.650,250.830,250.410,250.500,23
20260119130100,251.000,251.780,250.500,251.690,57
20260119130200,251.020,251.440,250.660,250.660,28
20260119130300,250.660,250.690,250.520,250.690,24
20260119130400,250.520,250.880,250.510,250.510,26
20260119130500,250.510,250.700,250.510,250.530,25
20260119130600,250.690,250.690,249.840,250.070,199
20260119130700,250.080,250.080,250.010,250.010,23
20260119130800,250.020,250.580,250.010,250.100,22
20260119130900,250.020,250.580,250.000,250.050,87
20260119131000,250.050,250.850,250.050,250.550,60
20260119131100,250.550,250.550,250.550,250.550,29
20260119131200,250.450,250.450,250.000,250.000,48
20260119131300,250.010,250.200,250.000,250.000,34
20260119131400,250.010,250.580,250.010,250.580,23
20260119131500,250.140,250.660,250.060,250.650,40
20260119131600,250.050,250.050,250.010,250.020,40
20260119131700,250.010,250.010,250.010,250.010,4
20260119131800,250.040,250.600,250.040,250.600,9
20260119131900,250.600,251.140,250.140,250.340,93
20260119132000,250.340,251.220,250.340,251.220,15
20260119132100,251.270,251.280,250.520,251.220,20
20260119132200,251.000,251.000,250.580,250.580,20
20260119132300,250.570,251.170,250.480,251.120,17
20260119132400,251.140,251.140,250.510,250.520,10
20260119132500,250.480,251.100,250.480,251.100,20
20260119132600,250.580,251.100,250.570,251.090,11
20260119132700,250.590,250.590,250.570,250.570,8
20260119132800,251.010,251.010,250.290,250.340,14
20260119132900,250.350,250.870,250.340,250.360,17
20260119133000,250.360,250.400,250.340,250.340,13
20260119133100,250.860,251.140,250.340,251.140,36
20260119133200,251.140,251.190,251.140,251.170,12
20260119133300,251.170,251.260,250.810,251.260,36
20260119133400,251.200,251.550,250.830,250.830,54
20260119133500,250.810,250.810,250.510,250.510,23
20260119133600,250.610,251.110,250.110,250.500,94
20260119133700,250.120,250.640,250.120,250.640,27
20260119133800,251.090,251.090,250.120,250.120,27
20260119133900,250.380,250.440,250.120,250.120,12
20260119134000,250.120,250.120,250.110,250.110,24
20260119134100,250.110,250.410,250.110,250.350,48
20260119134200,250.090,250.390,250.090,250.090,17
20260119134300,250.100,252.000,250.100,251.870,393
20260119134400,251.980,252.400,251.750,252.000,55
20260119134500,252.010,252.530,252.000,252.000,113
20260119134600,252.000,252.000,251.750,251.770,78
20260119134700,251.670,251.670,250.770,250.770,172
20260119134800,250.850,251.490,250.500,250.510,65
20260119134900,250.180,251.380,250.180,251.010,94
20260119135000,250.230,251.010,250.210,250.290,44
20260119135100,250.280,250.940,250.210,250.210,57
20260119135200,250.200,250.700,249.800,250.000,124
20260119135300,249.930,250.040,249.100,249.100,126
20260119135400,249.520,249.520,249.040,249.130,41
20260119135500,249.510,249.820,249.140,249.820,38
20260119135600,249.560,249.920,249.520,249.520,15
20260119135700,249.900,249.900,249.070,249.070,52
20260119135800,249.060,250.400,249.060,250.210,32
20260119135900,250.110,250.110,249.280,250.090,39
20260119140000,249.300,250.250,249.300,249.940,43
20260119140100,249.380,250.300,249.350,250.300,26
20260119140200,249.390,250.360,249.390,249.810,73
20260119140300,250.280,250.280,249.630,249.630,32
20260119140400,250.000,250.280,249.630,250.280,35
20260119140500,250.010,250.330,250.010,250.330,29
20260119140600,250.770,250.770,250.330,250.690,24
20260119140700,250.330,250.780,250.260,250.730,21
20260119140800,250.930,251.380,250.930,251.310,49
20260119140900,250.830,251.310,250.830,251.290,29
20260119141000,251.340,251.340,251.340,251.340,7
20260119141100,251.330,251.350,250.830,251.350,16
20260119141200,251.350,251.360,250.190,250.520,25
20260119141300,250.840,250.840,250.310,250.550,18
20260119141400,250.610,251.290,250.610,251.120,25
20260119141500,250.620,251.130,250.620,251.120,8
20260119141600,250.610,251.170,250.610,250.620,15
20260119141700,250.950,250.950,250.940,250.940,14
20260119141800,250.940,250.990,250.630,250.630,19
20260119141900,250.610,250.610,250.010,250.010,22
20260119142000,250.000,250.640,250.000,250.640,17
20260119142100,250.640,250.640,250.050,250.050,10
20260119142200,250.080,250.650,250.080,250.650,4
20260119142300,250.640,250.780,250.420,250.780,25
20260119142400,250.730,250.740,250.730,250.740,12
20260119142500,250.750,250.960,250.750,250.960,12
20260119142600,250.480,250.510,250.480,250.510,6
20260119142700,250.510,250.510,250.510,250.510,0
20260119142800,250.960,250.960,250.480,250.480,34
20260119142900,250.490,250.530,250.350,250.350,34
20260119143000,250.350,250.540,250.350,250.540,16
20260119143100,250.570,250.930,250.540,250.540,6
20260119143200,250.910,250.910,250.160,250.270,40
20260119143300,250.260,250.860,250.260,250.860,20
20260119143400,250.410,250.870,250.400,250.870,6
20260119143500,250.870,250.870,250.870,250.870,2
20260119143600,250.390,250.590,250.060,250.060,71
20260119143700,250.040,250.900,250.020,250.730,31
20260119143800,250.760,251.260,250.760,251.260,68
20260119143900,251.170,251.170,250.910,251.160,14
20260119144000,250.910,251.160,250.380,250.460,27
20260119144100,251.260,251.460,251.260,251.460,21
20260119144200,251.450,251.480,251.450,251.450,20
20260119144300,251.430,251.480,251.430,251.480,17
20260119144400,251.170,251.380,250.880,251.340,12
20260119144500,251.340,251.370,250.580,250.630,23
20260119144600,251.400,251.400,251.400,251.400,2
20260119144700,251.400,251.400,251.400,251.400,2
20260119144800,251.390,251.390,250.710,250.830,8
20260119144900,251.400,251.470,251.400,251.470,11
20260119145000,251.470,251.470,250.810,251.400,30
20260119145100,251.240,251.480,250.850,251.410,25
20260119145200,250.870,251.440,250.870,251.430,33
20260119145300,250.870,251.420,250.860,251.420,16
20260119145400,251.410,251.650,250.880,251.020,62
20260119145500,251.430,251.440,250.870,250.880,52
20260119145600,250.870,251.450,250.860,250.870,43
20260119145700,251.390,251.390,250.800,251.370,31
20260119145800,251.370,251.370,251.370,251.370,0
20260119145900,251.370,251.370,251.370,251.370,0
20260119150000,250.460,250.460,250.460,250.460,105
20260120093000,250.460,250.460,250.460,250.460,9
20260120093100,250.460,253.220,250.460,252.250,62
20260120093200,251.960,251.960,250.600,250.780,75
20260120093300,251.200,251.200,249.100,249.330,109
20260120093400,249.040,249.930,249.040,249.930,117
20260120093500,249.940,250.320,249.210,250.070,125
20260120093600,250.320,250.340,249.430,249.550,164
20260120093700,249.650,250.600,249.100,250.490,148
20260120093800,250.900,251.090,250.100,250.850,119
20260120093900,251.030,251.490,249.820,249.850,140
20260120094000,250.220,250.820,249.200,249.220,92
20260120094100,249.220,249.310,249.050,249.060,70
20260120094200,249.130,249.140,248.480,248.750,113
20260120094300,248.740,248.880,248.190,248.190,77
20260120094400,248.310,248.310,248.130,248.140,58
20260120094500,248.130,248.280,247.810,248.120,156
20260120094600,248.100,248.270,247.650,247.700,66
20260120094700,248.170,248.240,247.110,247.150,144
20260120094800,247.030,247.070,246.360,246.740,100
20260120094900,246.740,247.340,246.730,247.110,103
20260120095000,246.910,247.020,246.580,246.610,65
20260120095100,246.610,246.690,246.520,246.690,72
20260120095200,246.840,247.030,246.600,246.600,114
20260120095300,246.890,247.030,246.650,247.030,38
20260120095400,247.240,247.240,246.500,246.500,112
20260120095500,246.500,246.900,246.460,246.460,157
20260120095600,246.450,246.560,246.420,246.560,28
20260120095700,246.890,246.890,246.040,246.130,112
20260120095800,246.160,246.780,246.160,246.780,40
20260120095900,246.780,246.870,246.490,246.870,21
20260120100000,246.870,247.210,246.610,247.050,153
20260120100100,247.050,247.070,247.050,247.070,17
20260120100200,246.970,246.970,246.490,246.500,68
20260120100300,246.640,246.740,246.500,246.500,67
20260120100400,246.500,246.830,246.200,246.200,24
20260120100500,246.830,247.860,246.830,246.980,91
20260120100600,247.550,247.790,246.990,247.790,18
20260120100700,247.690,247.690,246.500,246.500,22
20260120100800,246.850,246.850,246.850,246.850,6
20260120100900,246.840,246.840,246.400,246.400,25
20260120101000,246.420,247.070,246.420,247.070,19
20260120101100,247.060,247.130,246.370,247.100,21
20260120101200,247.120,247.140,246.660,246.660,10
20260120101300,247.090,247.090,246.700,246.700,9
20260120101400,246.770,246.770,246.700,246.700,6
20260120101500,246.930,246.930,246.380,246.860,27
20260120101600,246.480,246.500,246.310,246.370,44
20260120101700,246.320,246.860,246.280,246.860,18
20260120101800,246.870,246.870,246.140,246.140,52
20260120101900,246.140,246.750,246.020,246.080,86
20260120102000,246.070,246.650,246.070,246.130,12
20260120102100,246.100,246.510,246.100,246.510,4
20260120102200,246.480,246.480,246.040,246.460,34
20260120102300,246.430,246.430,246.420,246.420,8
20260120102400,246.410,246.410,246.400,246.410,26
20260120102500,246.390,246.510,246.200,246.510,45
20260120102600,246.460,246.460,246.040,246.060,93
20260120102700,246.180,246.250,245.630,245.630,171
20260120102800,245.880,246.160,245.050,245.620,120
20260120102900,245.040,245.620,244.620,244.620,141
20260120103000,244.980,245.470,244.630,244.700,47
20260120103100,244.690,245.070,244.240,244.300,113
20260120103200,245.070,245.580,244.910,245.030,23
20260120103300,245.010,245.200,245.000,245.020,29
20260120103400,245.000,245.580,245.000,245.120,41
20260120103500,245.930,245.930,245.220,245.800,98
20260120103600,245.330,245.900,245.330,245.810,21
20260120103700,245.900,246.320,245.630,245.630,20
20260120103800,245.510,246.000,245.510,245.990,11
20260120103900,245.510,245.990,245.510,245.980,12
20260120104000,245.600,246.080,245.520,245.860,23
20260120104100,246.100,246.100,245.860,245.860,33
20260120104200,245.900,245.900,245.010,245.010,33
20260120104300,245.010,245.440,245.010,245.440,10
20260120104400,245.140,245.500,245.000,245.060,50
20260120104500,245.060,245.060,245.060,245.060,10
20260120104600,245.420,245.420,245.060,245.060,22
20260120104700,245.000,245.030,244.690,244.710,48
20260120104800,245.000,245.450,245.000,245.450,26
20260120104900,245.460,245.470,245.040,245.040,6
20260120105000,245.030,245.060,245.030,245.060,17
20260120105100,245.060,245.500,245.060,245.210,31
20260120105200,245.510,245.770,245.240,245.700,19
20260120105300,245.780,245.780,245.290,245.320,10
20260120105400,245.320,245.420,245.040,245.420,57
20260120105500,245.410,245.840,245.410,245.840,18
20260120105600,245.720,245.720,245.490,245.490,17
20260120105700,245.500,245.500,245.070,245.070,27
20260120105800,245.560,245.560,245.130,245.130,14
20260120105900,245.130,245.570,245.110,245.110,19
20260120110000,245.110,245.580,245.110,245.580,6
20260120110100,245.670,245.900,245.670,245.710,32
20260120110200,246.050,246.050,245.770,245.770,8
20260120110300,245.790,246.150,245.790,246.150,12
20260120110400,246.320,246.610,246.140,246.610,26
20260120110500,246.190,246.190,246.140,246.140,6
20260120110600,246.140,246.230,245.730,246.210,40
20260120110700,245.730,246.230,245.730,245.760,7
20260120110800,246.240,246.240,246.240,246.240,6
20260120110900,246.320,246.320,245.980,245.980,30
20260120111000,245.760,245.760,245.360,245.380,12
20260120111100,245.580,245.810,245.580,245.810,14
20260120111200,245.940,246.540,245.940,246.540,19
20260120111300,246.530,246.540,246.530,246.540,9
20260120111400,246.130,246.540,246.000,246.000,84
20260120111500,246.000,246.000,245.870,245.870,10
20260120111600,246.080,246.380,246.080,246.380,30
20260120111700,246.390,246.390,246.390,246.390,2
20260120111800,246.860,246.870,246.570,246.860,16
20260120111900,246.760,246.760,246.760,246.760,2
20260120112000,246.390,246.390,246.380,246.380,7
20260120112100,246.760,246.760,246.080,246.250,45
20260120112200,246.240,246.370,246.240,246.320,86
20260120112300,246.000,246.000,245.180,245.310,52
20260120112400,245.310,245.310,245.000,245.000,66
20260120112500,245.000,245.420,244.720,245.310,77
20260120112600,245.620,245.630,245.620,245.630,4
20260120112700,245.630,245.630,245.380,245.380,26
20260120112800,245.000,245.000,245.000,245.000,7
20260120112900,245.000,245.340,244.730,245.340,28
20260120113000,244.730,244.820,244.600,244.600,31
20260120130100,244.530,245.910,244.530,245.270,38
20260120130200,245.270,245.270,245.270,245.270,2
20260120130300,245.270,245.300,245.160,245.160,68
20260120130400,245.720,245.730,245.700,245.730,45
20260120130500,245.780,245.870,245.770,245.870,12
20260120130600,245.870,245.870,245.390,245.390,51
20260120130700,245.390,245.770,245.390,245.410,13
20260120130800,245.770,245.870,245.770,245.870,12
20260120130900,245.870,246.280,245.870,245.910,17
20260120131000,245.920,246.320,245.920,246.100,11
20260120131100,246.420,246.420,246.420,246.420,2
20260120131200,246.420,246.430,246.420,246.430,23
20260120131300,246.530,246.800,246.530,246.800,38
20260120131400,246.800,246.800,246.550,246.550,41
20260120131500,246.550,246.550,246.200,246.520,29
20260120131600,246.030,246.030,246.020,246.020,4
20260120131700,246.000,246.000,245.800,246.000,59
20260120131800,246.380,246.960,246.380,246.960,21
20260120131900,246.600,246.950,246.600,246.950,55
20260120132000,246.940,246.960,246.790,246.960,8
20260120132100,246.650,246.950,246.650,246.950,4
20260120132200,246.640,246.640,246.640,246.640,2
20260120132300,246.660,247.460,246.660,247.050,70
20260120132400,247.000,247.160,247.000,247.000,14
20260120132500,247.400,247.400,247.040,247.040,8
20260120132600,247.080,247.080,247.080,247.080,2
20260120132700,247.110,247.240,247.110,247.240,4
20260120132800,247.300,247.390,247.220,247.220,22
20260120132900,247.200,247.200,247.090,247.090,13
20260120133000,247.300,247.300,246.390,246.480,155
20260120133100,246.580,246.760,246.470,246.640,46
20260120133200,246.620,246.620,246.620,246.620,10
20260120133300,246.920,246.920,246.470,246.470,24
20260120133400,246.260,246.630,246.050,246.300,17
20260120133500,246.080,246.190,246.050,246.050,25
20260120133600,246.050,246.280,245.410,245.910,91
20260120133700,246.030,246.030,245.560,245.560,24
20260120133800,245.560,245.710,245.440,245.440,28
20260120133900,245.680,245.930,245.590,245.930,16
20260120134000,245.470,245.600,245.390,245.580,142
20260120134100,245.640,245.800,245.640,245.800,10
20260120134200,245.810,245.840,245.690,245.690,36
20260120134300,245.820,245.820,245.430,245.430,56
20260120134400,245.300,245.380,245.240,245.240,22
20260120134500,245.520,245.520,245.250,245.250,49
20260120134600,245.440,245.470,245.330,245.470,14
20260120134700,245.350,245.520,245.330,245.330,14
20260120134800,245.290,245.480,245.290,245.480,28
20260120134900,245.520,245.520,245.240,245.240,32
20260120135000,245.250,245.480,245.250,245.480,28
20260120135100,245.470,245.570,245.450,245.520,36
20260120135200,245.510,245.580,245.250,245.250,55
20260120135300,245.270,245.270,245.150,245.180,97
20260120135400,245.390,245.910,245.180,245.180,33
20260120135500,245.180,245.600,245.180,245.240,19
20260120135600,245.240,245.510,245.180,245.180,20
20260120135700,245.180,245.190,245.000,245.170,48
20260120135800,245.010,245.180,244.900,244.900,46
20260120135900,244.900,244.990,244.700,244.710,107
20260120140000,244.710,244.940,244.700,244.700,73
20260120140100,244.990,244.990,244.290,244.290,178
20260120140200,244.290,244.810,244.290,244.710,55
20260120140300,244.500,244.910,244.500,244.500,29
20260120140400,244.500,244.880,244.500,244.510,20
20260120140500,244.510,244.900,244.500,244.500,35
20260120140600,244.310,244.560,244.290,244.560,49
20260120140700,244.980,245.500,244.720,245.380,25
20260120140800,244.970,245.010,244.870,244.970,33
20260120140900,244.970,245.000,244.870,244.870,17
20260120141000,244.880,245.490,244.880,244.880,18
20260120141100,245.090,245.470,245.030,245.460,23
20260120141200,245.090,245.480,245.090,245.130,11
20260120141300,245.090,245.480,245.000,245.020,28
20260120141400,245.240,245.310,244.960,245.040,35
20260120141500,244.960,245.340,244.750,245.060,46
20260120141600,244.820,245.350,244.820,244.880,70
20260120141700,244.920,244.970,244.760,244.770,20
20260120141800,244.760,244.760,244.600,244.710,37
20260120141900,244.400,244.600,244.250,244.350,56
20260120142000,244.350,244.830,244.350,244.830,48
20260120142100,244.970,245.060,244.970,245.060,18
20260120142200,245.100,245.340,245.100,245.340,21
20260120142300,245.390,245.390,244.820,245.390,40
20260120142400,245.100,245.500,244.720,245.410,61
20260120142500,245.210,245.440,245.210,245.430,69
20260120142600,245.500,245.500,244.940,244.940,29
20260120142700,245.390,245.450,245.390,245.450,16
20260120142800,245.150,245.440,245.050,245.200,29
20260120142900,245.060,245.230,245.000,245.000,77
20260120143000,245.000,245.340,244.300,245.340,166
20260120143100,245.290,245.400,244.850,245.160,123
20260120143200,245.150,245.190,244.870,244.870,31
20260120143300,244.850,245.100,244.850,244.850,34
20260120143400,244.850,245.040,244.520,245.040,35
20260120143500,244.540,244.650,244.540,244.590,31
20260120143600,244.590,245.140,244.560,244.590,52
20260120143700,244.600,245.140,244.600,245.130,68
20260120143800,245.140,245.140,244.800,244.800,12
20260120143900,245.170,245.170,244.500,244.650,65
20260120144000,244.650,244.890,244.420,244.640,47
20260120144100,244.460,244.960,244.460,244.950,57
20260120144200,244.930,244.990,244.600,244.980,46
20260120144300,244.980,245.010,244.610,244.620,43
20260120144400,244.860,244.860,244.620,244.620,71
20260120144500,244.710,245.050,244.600,244.640,89
20260120144600,244.640,245.180,244.600,245.050,110
20260120144700,245.390,245.390,244.730,244.800,70
20260120144800,245.250,245.260,244.720,244.720,44
20260120144900,244.990,244.990,244.630,244.760,32
20260120145000,244.760,244.760,244.630,244.650,31
20260120145100,244.990,245.000,244.640,244.690,40
20260120145200,244.670,244.690,244.610,244.640,110
20260120145300,244.640,244.640,244.630,244.640,55
20260120145400,244.630,245.000,244.630,244.640,73
20260120145500,244.640,244.650,244.620,244.640,32
20260120145600,244.640,245.000,244.620,245.000,55
20260120145700,244.980,245.000,244.630,244.990,27
20260120145800,244.990,244.990,244.990,244.990,0
20260120145900,244.990,244.990,244.990,244.990,0
20260120150000,244.640,244.640,244.640,244.640,36
20260121093000,246.000,246.000,246.000,246.000,4
20260121093100,245.220,245.310,244.700,245.310,102
20260121093200,244.660,244.660,243.050,243.380,153
20260121093300,242.800,243.850,242.500,242.640,185
20260121093400,243.620,243.620,242.100,242.190,197
20260121093500,242.320,242.700,241.050,241.180,174
20260121093600,240.990,241.000,240.100,240.600,153
20260121093700,240.620,240.620,240.180,240.300,142
20260121093800,240.620,240.800,240.520,240.580,69
20260121093900,240.600,241.200,239.700,240.460,535
20260121094000,240.460,242.310,240.460,241.350,105
20260121094100,241.950,242.070,240.510,240.510,92
20260121094200,241.120,241.130,240.530,241.020,126
20260121094300,241.090,241.690,240.390,241.690,268
20260121094400,241.690,241.950,240.460,240.460,84
20260121094500,241.120,241.120,239.790,239.790,297
20260121094600,239.700,240.220,239.470,240.140,182
20260121094700,240.210,241.500,240.210,241.100,76
20260121094800,241.030,242.130,241.030,242.060,93
20260121094900,241.640,241.860,241.280,241.860,31
20260121095000,241.860,241.870,240.430,241.850,65
20260121095100,241.550,242.000,241.360,241.360,26
20260121095200,241.400,242.070,241.400,242.070,42
20260121095300,242.080,242.080,241.800,241.800,18
20260121095400,241.800,242.120,241.620,241.620,32
20260121095500,242.050,242.070,241.490,241.490,18
20260121095600,241.490,241.820,240.850,241.460,25
20260121095700,241.770,241.770,241.080,241.510,16
20260121095800,241.410,242.410,241.410,242.410,54
20260121095900,242.410,242.410,241.800,241.800,21
20260121100000,241.990,242.260,241.990,242.130,17
20260121100100,242.130,242.130,241.210,241.210,44
20260121100200,241.670,242.250,241.670,242.240,19
20260121100300,241.500,242.100,241.500,241.500,34
20260121100400,241.830,242.230,241.590,241.590,39
20260121100500,241.650,242.250,241.650,242.250,37
20260121100600,242.350,242.980,242.100,242.100,59
20260121100700,242.130,242.300,241.660,241.660,49
20260121100800,241.980,242.300,241.950,242.280,38
20260121100900,242.290,242.310,241.630,242.310,20
20260121101000,242.310,242.410,242.300,242.310,18
20260121101100,242.460,242.460,242.300,242.410,54
20260121101200,242.310,242.670,242.300,242.300,53
20260121101300,242.080,242.260,241.680,241.680,26
20260121101400,241.680,242.090,241.630,242.050,49
20260121101500,242.190,242.270,241.750,242.270,36
20260121101600,242.180,242.180,242.000,242.100,21
20260121101700,242.100,242.200,242.100,242.200,18
20260121101800,242.200,242.380,242.200,242.380,22
20260121101900,242.680,242.700,242.340,242.380,35
20260121102000,242.360,242.360,242.000,242.000,20
20260121102100,242.270,242.370,241.700,241.700,39
20260121102200,241.890,242.120,241.710,241.710,29
20260121102300,242.210,242.380,242.210,242.380,34
20260121102400,242.340,242.690,242.340,242.680,40
20260121102500,242.680,242.680,242.250,242.460,32
20260121102600,242.430,242.430,241.970,241.970,47
20260121102700,242.170,242.170,241.700,242.090,68
20260121102800,242.090,242.240,242.080,242.240,37
20260121102900,242.250,242.590,242.080,242.080,40
20260121103000,242.080,242.120,241.600,241.610,45
20260121103100,241.990,241.990,241.740,241.980,17
20260121103200,242.080,242.540,241.660,241.660,139
20260121103300,241.660,242.150,241.660,242.000,52
20260121103400,242.150,242.400,242.000,242.400,36
20260121103500,242.470,242.480,242.000,242.480,41
20260121103600,242.480,242.490,242.260,242.360,31
20260121103700,242.340,242.580,242.020,242.580,32
20260121103800,242.600,242.660,242.020,242.370,29
20260121103900,242.450,242.790,242.450,242.790,22
20260121104000,242.370,242.770,242.270,242.550,24
20260121104100,242.550,242.550,242.550,242.550,5
20260121104200,242.550,242.550,242.510,242.510,19
20260121104300,242.480,242.480,242.000,242.000,16
20260121104400,242.000,242.210,241.620,241.700,43
20260121104500,241.840,241.840,241.620,241.620,26
20260121104600,241.630,241.630,241.360,241.390,424
20260121104700,241.310,241.570,241.310,241.400,13
20260121104800,241.570,242.170,241.570,242.170,19
20260121104900,242.170,242.170,242.120,242.120,10
20260121105000,242.100,242.100,241.110,241.110,68
20260121105100,241.680,242.120,241.680,242.120,22
20260121105200,241.680,242.220,241.680,242.220,27
20260121105300,242.160,242.550,242.070,242.070,17
20260121105400,241.970,242.120,241.460,241.630,36
20260121105500,241.630,241.630,241.210,241.470,43
20260121105600,241.890,242.080,241.310,241.400,37
20260121105700,241.730,241.730,241.000,241.000,102
20260121105800,241.000,241.160,240.380,241.160,26
20260121105900,240.760,240.760,240.300,240.350,29
20260121110000,240.860,241.170,240.860,241.170,15
20260121110100,240.560,241.170,240.560,241.170,9
20260121110200,241.100,241.120,240.760,240.920,30
20260121110300,240.920,240.920,240.770,240.770,10
20260121110400,240.760,240.850,240.600,240.850,38
20260121110500,240.890,241.150,240.890,241.150,49
20260121110600,241.000,241.090,240.990,241.090,32
20260121110700,240.890,240.890,240.770,240.770,10
20260121110800,241.070,241.090,240.790,241.090,12
20260121110900,240.790,241.090,240.700,240.700,33
20260121111000,240.510,240.850,240.510,240.550,77
20260121111100,240.850,240.880,240.850,240.850,20
20260121111200,240.830,240.850,240.830,240.850,6
20260121111300,240.850,240.850,240.550,240.600,54
20260121111400,240.600,240.600,240.600,240.600,9
20260121111500,240.690,240.690,240.110,240.110,98
20260121111600,240.160,240.160,240.160,240.160,10
20260121111700,240.190,241.540,240.190,241.540,91
20260121111800,241.400,241.400,241.350,241.350,12
20260121111900,241.350,241.360,241.130,241.240,13
20260121112000,241.240,241.240,241.140,241.140,18
20260121112100,241.240,241.240,241.230,241.230,10
20260121112200,241.240,241.240,240.510,240.510,51
20260121112300,240.470,241.080,240.470,241.080,14
20260121112400,240.520,240.930,240.470,240.470,32
20260121112500,240.790,240.890,240.500,240.520,32
20260121112600,240.220,240.780,240.210,240.780,13
20260121112700,240.260,240.710,240.260,240.280,22
20260121112800,240.200,240.700,240.110,240.120,91
20260121112900,240.130,240.300,240.000,240.300,86
20260121113000,240.300,240.300,239.850,240.000,102
20260121130100,240.290,240.880,240.010,240.010,311
20260121130200,239.980,240.200,239.580,239.580,69
20260121130300,239.800,239.960,239.560,239.560,84
20260121130400,239.560,239.600,239.550,239.570,112
20260121130500,239.570,239.740,239.510,239.540,41
20260121130600,239.520,239.840,239.520,239.740,95
20260121130700,239.530,239.530,239.510,239.510,55
20260121130800,239.520,239.550,239.510,239.510,35
20260121130900,239.520,239.650,239.500,239.510,65
20260121131000,239.540,240.350,239.540,240.350,30
20260121131100,240.290,240.290,239.650,239.670,16
20260121131200,239.670,240.000,239.670,239.890,16
20260121131300,239.890,239.940,239.510,239.870,30
20260121131400,240.000,240.100,239.870,240.090,14
20260121131500,239.870,240.090,239.870,239.870,15
20260121131600,239.550,240.090,239.550,239.550,10
20260121131700,239.540,240.190,239.540,240.150,42
20260121131800,239.720,239.720,239.720,239.720,4
20260121131900,239.720,239.960,239.520,239.960,29
20260121132000,239.960,239.960,239.960,239.960,2
20260121132100,239.600,239.720,239.520,239.520,18
20260121132200,239.830,239.830,239.830,239.830,34
20260121132300,239.560,239.920,239.540,239.920,15
20260121132400,239.510,239.610,239.510,239.610,57
20260121132500,239.700,239.700,239.500,239.610,53
20260121132600,239.620,239.620,239.500,239.540,24
20260121132700,239.540,239.540,239.030,239.050,263
20260121132800,239.050,239.050,239.010,239.040,36
20260121132900,239.010,239.030,239.000,239.000,61
20260121133000,239.010,239.010,239.000,239.000,50
20260121133100,239.000,239.290,238.680,238.910,640
20260121133200,238.860,239.340,238.850,239.340,52
20260121133300,239.090,239.340,238.870,238.870,19
20260121133400,238.870,239.790,238.870,239.790,33
20260121133500,239.790,239.790,239.010,239.700,13
20260121133600,239.200,239.200,239.200,239.200,2
20260121133700,239.200,239.420,239.200,239.420,6
20260121133800,239.420,239.920,239.420,239.920,45
20260121133900,239.930,240.230,239.440,239.450,32
20260121134000,239.520,240.000,239.520,240.000,4
20260121134100,240.050,240.050,239.790,239.790,32
20260121134200,239.770,239.770,239.450,239.480,24
20260121134300,239.880,240.000,239.880,240.000,22
20260121134400,240.040,240.150,239.780,240.150,24
20260121134500,240.150,240.150,239.780,239.870,37
20260121134600,239.890,239.960,239.860,239.960,7
20260121134700,239.780,239.970,239.780,239.950,33
20260121134800,239.870,239.940,239.780,239.780,35
20260121134900,239.870,239.880,239.600,239.880,41
20260121135000,239.880,239.880,239.450,239.450,23
20260121135100,239.450,239.840,239.450,239.840,14
20260121135200,239.820,239.880,239.390,239.880,124
20260121135300,239.880,239.950,239.820,239.880,13
20260121135400,239.890,239.890,239.810,239.810,12
20260121135500,239.930,240.300,239.930,240.280,106
20260121135600,240.300,240.300,239.730,239.730,27
20260121135700,239.760,239.760,239.760,239.760,2
20260121135800,239.800,240.280,239.800,240.260,41
20260121135900,239.820,240.280,239.820,240.260,14
20260121140000,240.280,240.280,239.770,239.770,24
20260121140100,239.820,240.280,239.710,239.710,52
20260121140200,240.000,240.000,239.720,239.720,11
20260121140300,240.000,240.300,240.000,240.300,97
20260121140400,240.300,240.580,240.000,240.000,92
20260121140500,240.000,240.530,239.720,239.730,70
20260121140600,239.700,240.180,239.700,239.710,108
20260121140700,239.740,240.110,239.740,240.110,22
20260121140800,240.110,240.250,239.740,240.250,28
20260121140900,240.250,240.270,240.230,240.240,21
20260121141000,240.350,240.420,240.240,240.420,56
20260121141100,240.380,240.440,239.860,239.860,12
20260121141200,240.430,240.430,239.900,239.900,6
20260121141300,239.920,240.400,239.920,240.380,46
20260121141400,240.450,240.480,240.030,240.350,19
20260121141500,240.400,240.470,240.340,240.450,9
20260121141600,240.450,240.840,240.350,240.600,207
20260121141700,240.650,240.660,240.650,240.660,4
20260121141800,240.700,240.700,240.500,240.500,16
20260121141900,240.700,240.800,240.700,240.800,23
20260121142000,240.710,240.790,240.710,240.710,16
20260121142100,240.700,240.900,240.700,240.790,44
20260121142200,240.900,240.900,240.640,240.640,37
20260121142300,240.640,240.940,240.610,240.640,19
20260121142400,240.940,241.340,240.650,241.320,40
20260121142500,241.060,241.300,241.050,241.050,19
20260121142600,241.120,241.300,240.940,240.940,17
20260121142700,240.870,241.040,240.850,241.040,10
20260121142800,240.650,241.030,240.650,241.000,18
20260121142900,240.670,241.040,240.670,240.670,13
20260121143000,240.980,240.990,240.670,240.670,47
20260121143100,240.850,240.960,240.670,240.960,17
20260121143200,240.960,241.050,240.670,240.670,16
20260121143300,240.920,240.960,240.670,240.900,48
20260121143400,241.050,241.250,240.900,241.250,31
20260121143500,240.900,241.150,240.670,240.670,20
20260121143600,240.680,241.010,240.670,241.010,33
20260121143700,241.010,241.010,240.680,240.680,31
20260121143800,240.680,240.980,240.680,240.780,40
20260121143900,240.980,241.200,240.940,241.000,58
20260121144000,241.000,241.000,240.670,240.670,40
20260121144100,240.750,240.830,240.670,240.730,38
20260121144200,240.720,240.970,240.670,240.970,46
20260121144300,240.980,240.980,240.690,240.690,34
20260121144400,240.690,240.960,240.690,240.690,25
20260121144500,240.690,240.960,240.690,240.960,41
20260121144600,240.690,240.950,240.690,240.730,29
20260121144700,240.950,240.950,240.670,240.670,35
20260121144800,240.670,240.970,240.670,240.670,83
20260121144900,240.650,241.170,240.650,240.700,66
20260121145000,240.700,241.130,240.700,241.070,42
20260121145100,241.150,241.180,241.070,241.070,20
20260121145200,240.750,241.100,240.600,240.650,67
20260121145300,240.650,241.040,240.420,240.420,112
20260121145400,240.380,240.980,240.000,240.430,101
20260121145500,240.430,240.430,240.000,240.000,146
20260121145600,240.530,240.960,240.280,240.960,40
20260121145700,240.330,240.960,240.330,240.370,49
20260121145800,240.370,240.370,240.370,240.370,0
20260121145900,240.370,240.370,240.370,240.370,0
20260121150000,241.290,241.290,241.290,241.290,128
20260122093000,241.260,241.260,241.260,241.260,18
20260122093100,238.020,241.860,238.020,241.860,317
20260122093200,241.990,242.580,240.140,240.900,249
20260122093300,241.290,241.830,240.750,240.750,181
20260122093400,240.980,242.050,240.970,241.100,138
20260122093500,241.120,241.820,241.120,241.660,37
20260122093600,241.600,242.030,241.360,241.690,57
20260122093700,241.710,242.080,241.710,241.780,27
20260122093800,241.620,241.620,241.380,241.380,26
20260122093900,240.740,241.190,239.560,240.140,150
20260122094000,239.810,240.330,239.430,239.430,50
20260122094100,239.730,240.320,239.730,240.070,32
20260122094200,240.290,241.430,239.770,241.120,54
20260122094300,241.420,241.420,241.130,241.400,14
20260122094400,241.210,241.400,241.200,241.380,53
20260122094500,241.380,241.650,240.870,241.320,54
20260122094600,241.380,241.380,241.190,241.290,28
20260122094700,241.300,241.300,241.290,241.290,19
20260122094800,241.290,241.300,240.880,241.270,10
20260122094900,241.340,241.340,240.690,241.240,63
20260122095000,241.230,241.340,240.850,241.320,31
20260122095100,240.850,240.850,240.190,240.710,50
20260122095200,240.690,241.970,240.690,241.530,118
20260122095300,242.180,242.180,241.610,241.610,14
20260122095400,241.500,241.980,241.500,241.870,31
20260122095500,241.630,241.970,241.630,241.970,6
20260122095600,241.960,242.060,241.570,241.570,54
20260122095700,241.990,242.050,241.990,242.050,9
20260122095800,242.110,242.290,241.590,242.270,95
20260122095900,242.380,242.490,242.350,242.490,30
20260122100000,242.500,242.500,242.060,242.200,20
20260122100100,242.420,242.420,241.580,241.990,47
20260122100200,242.090,242.090,241.990,242.090,33
20260122100300,242.180,242.380,242.180,242.370,15
20260122100400,242.370,242.370,241.820,242.230,23
20260122100500,242.220,242.320,242.220,242.320,38
20260122100600,241.830,242.300,241.730,242.300,36
20260122100700,242.290,242.310,241.970,241.970,16
20260122100800,242.300,242.300,242.300,242.300,18
20260122100900,242.300,242.300,241.730,241.730,64
20260122101000,242.090,242.110,241.750,242.110,8
20260122101100,242.200,242.210,242.110,242.130,13
20260122101200,242.120,242.530,242.120,242.300,119
20260122101300,242.600,242.600,241.840,241.840,25
20260122101400,242.180,242.180,241.050,241.410,51
20260122101500,241.420,241.420,240.350,240.350,81
20260122101600,240.300,240.780,240.250,240.250,59
20260122101700,240.470,240.800,240.250,240.430,66
20260122101800,240.270,240.770,240.070,240.600,103
20260122101900,240.590,241.030,240.590,241.030,80
20260122102000,241.020,241.300,241.020,241.300,14
20260122102100,241.700,241.700,241.700,241.700,13
20260122102200,241.860,242.090,241.860,242.080,11
20260122102300,242.080,242.220,242.080,242.090,8
20260122102400,241.900,242.240,241.230,242.190,42
20260122102500,242.190,242.200,242.190,242.200,21
20260122102600,242.190,242.200,242.190,242.200,6
20260122102700,242.180,242.180,242.170,242.180,11
20260122102800,242.200,242.200,242.180,242.200,17
20260122102900,242.200,242.300,241.630,241.630,174
20260122103000,241.990,242.230,241.950,242.200,20
20260122103100,242.200,242.200,241.240,241.460,20
20260122103200,241.460,241.460,241.460,241.460,4
20260122103300,241.470,241.550,241.460,241.550,10
20260122103400,241.550,241.550,241.550,241.550,2
20260122103500,241.060,241.060,240.950,240.950,20
20260122103600,240.940,241.450,240.940,241.450,16
20260122103700,241.500,241.500,241.380,241.380,16
20260122103800,241.300,241.390,241.300,241.390,14
20260122103900,241.730,241.740,241.400,241.740,10
20260122104000,241.440,241.440,240.510,240.510,49
20260122104100,240.360,240.360,239.960,240.250,161
20260122104200,240.190,240.190,239.680,239.680,58
20260122104300,239.680,240.170,239.610,240.170,122
20260122104400,240.250,240.250,239.790,240.250,8
20260122104500,240.250,240.250,240.250,240.250,13
20260122104600,239.760,239.760,239.760,239.760,2
20260122104700,239.780,240.290,239.780,240.290,7
20260122104800,240.250,240.380,240.240,240.380,18
20260122104900,240.260,240.740,240.260,240.730,7
20260122105000,240.260,240.640,240.260,240.640,6
20260122105100,240.260,240.260,240.190,240.190,4
20260122105200,240.180,240.180,240.170,240.180,8
20260122105300,240.470,240.470,240.470,240.470,2
20260122105400,240.410,240.700,240.410,240.700,8
20260122105500,240.690,240.690,240.690,240.690,2
20260122105600,240.690,240.690,240.690,240.690,0
20260122105700,240.420,240.420,240.350,240.380,24
20260122105800,240.380,240.380,240.380,240.380,0
20260122105900,240.480,240.480,240.480,240.480,12
20260122110000,240.380,240.480,240.280,240.280,7
20260122110100,240.340,240.340,240.340,240.340,6
20260122110200,240.230,240.290,240.230,240.280,16
20260122110300,240.300,240.480,240.300,240.450,29
20260122110400,240.270,240.270,240.270,240.270,5
20260122110500,240.260,240.270,240.200,240.200,8
20260122110600,240.480,240.700,240.480,240.700,8
20260122110700,240.700,240.700,240.700,240.700,0
20260122110800,240.530,240.530,240.530,240.530,2
20260122110900,240.050,240.640,240.050,240.640,20
20260122111000,240.700,241.160,240.660,241.160,14
20260122111100,241.160,241.160,241.160,241.160,0
20260122111200,240.750,240.750,240.240,240.240,47
20260122111300,240.490,240.490,240.180,240.180,7
20260122111400,240.130,240.130,240.130,240.130,3
20260122111500,240.080,240.130,239.370,239.430,163
20260122111600,239.430,239.430,239.430,239.430,0
20260122111700,239.920,239.920,239.860,239.860,8
20260122111800,239.860,239.860,239.520,239.520,3
20260122111900,239.870,239.890,239.870,239.890,6
20260122112000,239.920,240.000,239.920,240.000,13
20260122112100,240.190,240.190,239.740,239.740,20
20260122112200,239.730,239.740,239.730,239.740,4
20260122112300,239.760,239.800,239.630,239.800,11
20260122112400,239.800,239.850,238.840,239.020,238
20260122112500,239.020,239.140,239.020,239.140,13
20260122112600,239.170,239.450,239.170,239.450,11
20260122112700,239.280,239.280,239.140,239.140,16
20260122112800,239.140,239.140,239.140,239.140,0
20260122112900,239.050,239.140,239.050,239.140,7
20260122113000,239.000,239.000,238.850,238.850,7
20260122130100,239.000,239.110,238.850,238.850,49
20260122130200,238.330,239.040,238.330,238.730,190
20260122130300,238.900,238.900,238.900,238.900,2
20260122130400,238.910,238.910,238.910,238.910,2
20260122130500,238.910,239.240,238.900,239.240,8
20260122130600,239.250,239.250,239.170,239.170,6
20260122130700,239.270,239.270,239.270,239.270,36
20260122130800,238.900,239.230,238.900,239.230,5
20260122130900,239.230,239.230,238.900,238.900,9
20260122131000,238.820,238.850,238.820,238.850,18
20260122131100,238.850,239.090,238.850,239.090,7
20260122131200,239.090,239.090,238.830,238.830,11
20260122131300,239.090,239.090,239.090,239.090,6
20260122131400,238.810,239.100,238.810,239.100,14
20260122131500,239.090,239.090,239.090,239.090,2
20260122131600,239.090,239.090,239.000,239.000,18
20260122131700,239.080,239.080,238.810,238.990,21
20260122131800,239.130,239.480,239.080,239.270,40
20260122131900,239.270,239.270,239.270,239.270,2
20260122132000,239.270,239.270,238.990,238.990,28
20260122132100,238.810,238.810,238.550,238.550,48
20260122132200,238.730,238.730,238.230,238.240,66
20260122132300,238.240,238.490,238.240,238.490,16
20260122132400,238.490,238.550,238.120,238.220,74
20260122132500,238.250,238.480,238.110,238.290,28
20260122132600,238.290,238.310,238.200,238.310,6
20260122132700,238.200,238.320,238.110,238.290,31
20260122132800,238.290,238.290,237.130,237.200,359
20260122132900,237.200,237.730,237.200,237.240,28
20260122133000,237.730,237.730,237.480,237.480,9
20260122133100,237.480,237.500,237.480,237.480,18
20260122133200,237.690,238.000,237.690,238.000,20
20260122133300,238.000,238.020,237.730,238.020,32
20260122133400,237.750,238.030,237.750,238.030,34
20260122133500,238.050,238.050,237.810,237.810,8
20260122133600,238.000,238.000,237.990,237.990,4
20260122133700,238.000,238.100,238.000,238.000,15
20260122133800,237.850,237.850,237.850,237.850,1
20260122133900,237.880,238.090,237.850,238.090,17
20260122134000,237.850,238.090,237.850,237.850,10
20260122134100,237.850,237.850,237.850,237.850,3
20260122134200,237.880,238.100,237.860,237.860,31
20260122134300,238.130,238.320,238.130,238.320,13
20260122134400,238.130,238.130,238.110,238.110,9
20260122134500,238.130,238.130,238.130,238.130,6
20260122134600,238.130,238.160,238.000,238.150,20
20260122134700,238.000,238.000,237.800,237.800,39
20260122134800,237.800,237.870,237.800,237.870,24
20260122134900,237.810,237.930,237.810,237.820,35
20260122135000,237.830,237.830,237.830,237.830,4
20260122135100,238.070,238.070,238.050,238.050,12
20260122135200,237.830,237.910,237.730,237.730,33
20260122135300,237.730,237.820,237.730,237.820,25
20260122135400,237.900,237.940,237.900,237.920,10
20260122135500,237.910,237.910,237.730,237.730,17
20260122135600,237.750,237.760,237.750,237.760,4
20260122135700,237.860,237.870,237.750,237.870,6
20260122135800,237.750,237.890,237.730,237.730,22
20260122135900,237.730,237.730,237.500,237.580,50
20260122140000,237.700,237.700,237.510,237.510,15
20260122140100,237.700,237.730,237.520,237.520,13
20260122140200,237.520,237.730,237.520,237.730,26
20260122140300,237.790,238.040,237.760,237.770,27
20260122140400,237.760,237.790,237.750,237.790,14
20260122140500,237.800,237.970,237.800,237.910,22
20260122140600,238.000,238.030,237.800,237.800,53
20260122140700,237.870,238.030,237.800,237.800,14
20260122140800,238.030,238.030,237.580,237.580,41
20260122140900,237.700,237.790,237.700,237.720,17
20260122141000,237.730,237.730,237.730,237.730,4
20260122141100,237.750,237.750,237.550,237.550,51
20260122141200,237.550,237.640,237.530,237.530,14
20260122141300,237.740,237.740,237.530,237.720,22
20260122141400,237.550,237.820,237.550,237.820,40
20260122141500,237.820,237.850,237.800,237.850,20
20260122141600,237.850,237.850,237.720,237.720,32
20260122141700,237.740,237.850,237.740,237.760,52
20260122141800,237.750,237.750,237.720,237.720,36
20260122141900,237.710,237.750,237.620,237.620,16
20260122142000,237.750,237.750,237.750,237.750,10
20260122142100,237.750,237.780,237.690,237.690,23
20260122142200,237.730,238.000,237.730,237.990,33
20260122142300,238.000,238.000,237.730,237.940,31
20260122142400,237.640,237.990,237.640,237.990,15
20260122142500,238.000,238.050,238.000,238.050,19
20260122142600,238.050,238.080,237.780,237.780,6
20260122142700,238.000,238.100,238.000,238.100,10
20260122142800,238.100,238.100,238.100,238.100,2
20260122142900,238.080,238.090,238.020,238.040,7
20260122143000,238.040,238.130,238.030,238.130,11
20260122143100,238.120,238.130,238.010,238.010,18
20260122143200,237.960,238.330,237.840,238.330,62
20260122143300,238.150,238.150,237.840,237.840,75
20260122143400,238.140,238.140,237.850,238.140,8
20260122143500,238.130,238.160,237.970,238.160,18
20260122143600,238.010,238.150,237.900,237.960,59
20260122143700,237.960,237.960,237.900,237.900,8
20260122143800,237.900,237.900,237.780,237.780,23
20260122143900,237.720,237.840,237.720,237.840,26
20260122144000,238.160,238.400,238.160,238.400,37
20260122144100,238.180,238.400,238.140,238.400,41
20260122144200,238.400,238.900,238.400,238.900,48
20260122144300,238.430,238.460,238.430,238.460,14
20260122144400,238.430,238.840,238.430,238.820,28
20260122144500,238.530,238.870,238.050,238.160,95
20260122144600,238.160,238.160,238.160,238.160,4
20260122144700,238.160,238.240,238.130,238.240,14
20260122144800,238.260,238.460,238.030,238.450,17
20260122144900,238.450,238.490,238.120,238.440,27
20260122145000,238.440,238.590,238.430,238.460,27
20260122145100,238.430,238.590,238.420,238.590,21
20260122145200,238.560,238.560,238.420,238.420,11
20260122145300,238.420,238.420,238.140,238.140,65
20260122145400,238.440,238.440,238.000,238.000,73
20260122145500,238.300,238.500,238.300,238.500,40
20260122145600,238.500,238.870,238.380,238.870,22
20260122145700,238.380,238.870,238.080,238.870,44
20260122145800,238.870,238.870,238.870,238.870,0
20260122145900,238.870,238.870,238.870,238.870,0
20260122150000,238.960,238.960,238.960,238.960,90
20260123093000,239.360,239.360,239.360,239.360,11
20260123093100,239.360,239.700,238.050,238.860,126
20260123093200,239.500,239.500,238.240,238.690,157
20260123093300,238.350,238.690,237.500,237.500,198
20260123093400,238.630,238.630,237.500,238.580,143
20260123093500,238.590,238.650,238.090,238.110,121
20260123093600,238.090,238.090,236.760,237.260,211
20260123093700,237.260,237.710,236.670,237.630,66
20260123093800,237.630,238.020,237.170,238.020,80
20260123093900,237.740,238.040,237.730,238.040,116
20260123094000,238.040,238.050,237.630,237.900,41
20260123094100,237.350,237.870,237.300,237.300,32
20260123094200,237.870,238.210,237.530,238.210,53
20260123094300,237.860,237.860,237.530,237.830,16
20260123094400,237.830,238.220,237.530,238.220,102
20260123094500,238.250,239.500,238.250,239.100,64
20260123094600,239.030,239.110,238.590,238.590,86
20260123094700,238.950,238.950,238.310,238.330,39
20260123094800,238.630,238.630,237.760,237.760,92
20260123094900,238.300,238.770,237.550,238.770,61
20260123095000,239.110,239.170,238.760,238.980,97
20260123095100,239.000,239.000,238.120,238.790,40
20260123095200,238.800,239.490,238.790,239.490,76
20260123095300,239.470,239.480,238.980,239.410,19
20260123095400,239.360,239.360,238.790,239.040,73
20260123095500,239.030,239.040,238.800,238.800,14
20260123095600,239.050,239.080,238.370,238.370,20
20260123095700,238.890,238.930,238.400,238.930,30
20260123095800,238.500,239.050,238.500,239.050,36
20260123095900,239.080,239.080,238.710,239.080,31
20260123100000,238.710,239.100,238.620,239.100,26
20260123100100,239.100,239.100,238.650,238.650,23
20260123100200,238.990,239.010,238.650,238.650,13
20260123100300,239.030,239.030,238.640,238.900,33
20260123100400,238.910,239.000,238.900,239.000,21
20260123100500,238.990,238.990,238.640,238.640,15
20260123100600,238.950,239.460,238.950,239.460,105
20260123100700,239.450,239.500,239.450,239.500,35
20260123100800,239.150,239.490,239.040,239.040,14
20260123100900,239.040,239.460,239.020,239.020,71
20260123101000,239.020,239.460,239.020,239.460,26
20260123101100,239.470,239.480,239.020,239.480,34
20260123101200,239.500,239.500,239.010,239.010,52
20260123101300,239.230,239.240,239.000,239.240,17
20260123101400,238.950,239.240,238.950,238.960,22
20260123101500,239.260,239.460,239.090,239.120,56
20260123101600,239.120,239.470,239.000,239.250,70
20260123101700,238.960,239.250,238.770,239.250,28
20260123101800,239.310,239.370,238.990,239.370,43
20260123101900,239.420,240.000,239.420,240.000,83
20260123102000,239.660,240.080,239.660,240.070,28
20260123102100,240.070,240.140,239.600,240.030,83
20260123102200,240.030,240.040,239.600,240.030,20
20260123102300,240.040,240.110,239.670,240.110,81
20260123102400,240.110,240.110,239.610,239.870,31
20260123102500,239.860,240.030,239.860,240.010,45
20260123102600,239.890,240.000,239.620,239.620,13
20260123102700,239.980,240.040,239.980,240.040,21
20260123102800,240.050,240.290,240.040,240.290,36
20260123102900,240.300,240.300,240.290,240.290,25
20260123103000,240.290,240.290,239.860,240.290,36
20260123103100,240.290,240.880,240.290,240.380,101
20260123103200,240.870,240.870,240.800,240.800,51
20260123103300,240.700,240.710,240.560,240.690,13
20260123103400,240.700,241.200,240.700,241.200,135
20260123103500,241.200,241.400,241.190,241.220,141
20260123103600,241.220,241.220,240.910,241.220,14
20260123103700,241.200,241.220,241.200,241.220,45
20260123103800,241.160,241.160,240.920,241.110,27
20260123103900,241.210,241.300,240.400,240.400,106
20260123104000,240.880,240.880,240.880,240.880,6
20260123104100,240.460,240.720,240.390,240.720,18
20260123104200,240.430,240.580,240.430,240.580,4
20260123104300,240.500,240.750,240.000,240.750,69
20260123104400,240.730,240.730,240.650,240.660,17
20260123104500,240.660,240.660,240.230,240.590,9
20260123104600,240.240,240.500,240.240,240.260,8
20260123104700,240.520,240.520,239.980,240.010,46
20260123104800,240.500,240.500,240.500,240.500,6
20260123104900,240.460,240.460,240.080,240.080,4
20260123105000,239.900,239.970,239.540,239.970,64
20260123105100,239.550,239.550,239.550,239.550,4
20260123105200,239.600,240.070,239.600,239.610,8
20260123105300,239.610,239.990,239.610,239.620,9
20260123105400,239.600,239.680,239.500,239.610,25
20260123105500,239.840,239.840,239.650,239.650,12
20260123105600,239.320,239.330,239.320,239.320,13
20260123105700,239.320,239.320,239.320,239.320,2
20260123105800,239.570,239.580,239.570,239.580,4
20260123105900,239.560,239.590,239.350,239.350,12
20260123110000,239.340,239.520,239.010,239.010,42
20260123110100,239.000,239.000,239.000,239.000,2
20260123110200,238.710,238.780,238.680,238.780,148
20260123110300,238.800,239.080,238.800,238.800,15
20260123110400,239.010,239.010,239.000,239.000,10
20260123110500,239.000,239.020,238.870,239.000,19
20260123110600,239.020,239.900,239.020,239.900,76
20260123110700,240.220,240.260,240.190,240.260,13
20260123110800,240.200,240.230,240.200,240.230,4
20260123110900,240.000,240.160,239.890,240.160,37
20260123111000,240.180,240.430,240.180,240.430,34
20260123111100,240.480,240.500,240.180,240.180,20
20260123111200,240.220,240.460,240.020,240.460,18
20260123111300,240.460,240.480,240.460,240.480,5
20260123111400,240.490,240.580,240.120,240.580,17
20260123111500,240.560,240.590,240.130,240.590,21
20260123111600,240.560,240.580,240.550,240.550,14
20260123111700,240.520,240.640,240.120,240.640,36
20260123111800,240.660,240.660,240.550,240.550,14
20260123111900,240.660,240.810,240.550,240.550,34
20260123112000,240.720,240.720,240.310,240.640,14
20260123112100,240.550,240.550,240.530,240.540,7
20260123112200,240.080,240.540,240.070,240.070,11
20260123112300,240.370,240.610,240.060,240.610,39
20260123112400,240.670,240.670,240.670,240.670,5
20260123112500,240.550,240.550,240.550,240.550,21
20260123112600,240.520,240.520,240.150,240.160,23
20260123112700,240.500,240.500,239.990,239.990,17
20260123112800,239.930,240.380,239.930,240.380,17
20260123112900,240.340,240.340,240.340,240.340,5
20260123113000,239.930,239.940,239.930,239.940,8
20260123130100,240.280,240.710,239.740,240.710,104
20260123130200,240.800,240.810,240.210,240.250,46
20260123130300,240.270,240.270,240.270,240.270,9
20260123130400,240.270,240.270,240.270,240.270,0
20260123130500,239.990,239.990,239.990,239.990,4
20260123130600,239.980,239.980,239.980,239.980,4
20260123130700,239.980,239.980,239.980,239.980,0
20260123130800,239.970,239.970,239.800,239.800,12
20260123130900,239.880,239.880,239.880,239.880,10
20260123131000,239.660,239.890,239.650,239.890,8
20260123131100,239.880,239.880,239.880,239.880,7
20260123131200,239.910,239.910,239.910,239.910,4
20260123131300,239.670,240.300,239.670,240.300,37
20260123131400,240.280,240.500,240.110,240.110,10
20260123131500,240.550,240.550,240.220,240.270,10
20260123131600,240.480,240.480,240.480,240.480,6
20260123131700,240.480,240.570,240.280,240.570,16
20260123131800,240.580,240.850,240.580,240.850,10
20260123131900,240.710,241.730,240.710,241.500,218
20260123132000,241.550,241.660,241.060,241.660,47
20260123132100,241.680,241.930,241.500,241.500,59
20260123132200,241.320,241.680,241.290,241.640,73
20260123132300,241.640,241.920,241.640,241.920,28
20260123132400,241.870,241.870,241.850,241.850,4
20260123132500,241.850,241.850,241.850,241.850,0
20260123132600,241.680,241.740,241.640,241.640,17
20260123132700,241.640,241.740,241.410,241.410,35
20260123132800,241.780,241.780,241.780,241.780,2
20260123132900,241.420,241.720,241.410,241.420,24
20260123133000,241.660,241.700,241.420,241.690,31
20260123133100,241.690,241.690,241.690,241.690,0
20260123133200,241.300,241.560,241.300,241.560,31
20260123133300,241.560,241.670,241.560,241.560,22
20260123133400,241.560,241.560,241.550,241.550,6
20260123133500,241.250,241.540,241.250,241.540,14
20260123133600,241.260,241.560,241.160,241.560,12
20260123133700,241.560,241.560,241.160,241.160,6
20260123133800,241.160,241.470,241.160,241.160,6
20260123133900,241.160,241.460,241.160,241.160,15
20260123134000,241.450,241.460,241.160,241.460,16
20260123134100,241.160,241.160,241.160,241.160,5
20260123134200,241.450,241.450,241.450,241.450,5
20260123134300,241.170,241.170,241.170,241.170,2
20260123134400,241.180,241.410,241.180,241.180,18
20260123134500,241.400,241.400,241.160,241.160,22
20260123134600,241.090,241.090,240.790,240.790,215
20260123134700,240.790,240.790,240.790,240.790,10
20260123134800,240.940,240.940,240.790,240.790,10
20260123134900,240.790,240.820,240.790,240.820,40
20260123135000,240.790,240.960,240.790,240.960,6
20260123135100,240.960,241.470,240.960,241.470,28
20260123135200,241.380,241.380,241.360,241.360,25
20260123135300,241.350,241.350,241.350,241.350,4
20260123135400,241.350,241.350,241.350,241.350,2
20260123135500,241.140,241.350,241.140,241.330,16
20260123135600,241.160,241.360,241.160,241.350,23
20260123135700,241.210,241.380,241.210,241.380,19
20260123135800,241.160,241.370,241.160,241.370,10
20260123135900,241.150,241.150,241.150,241.150,6
20260123140000,241.350,241.350,241.120,241.120,12
20260123140100,241.120,241.350,241.040,241.180,41
20260123140200,241.170,241.180,240.970,240.970,13
20260123140300,241.080,241.080,240.710,240.710,8
20260123140400,240.680,241.300,240.680,241.300,26
20260123140500,241.290,241.300,241.290,241.300,14
20260123140600,241.300,241.300,241.300,241.300,0
20260123140700,241.250,241.250,241.010,241.010,4
20260123140800,241.000,241.180,241.000,241.180,19
20260123140900,241.010,241.100,240.890,241.100,26
20260123141000,241.040,241.040,240.760,240.770,26
20260123141100,240.990,241.030,240.760,240.780,19
20260123141200,241.030,241.030,241.030,241.030,7
20260123141300,241.010,241.010,241.010,241.010,5
20260123141400,241.010,241.120,240.780,241.050,48
20260123141500,241.050,241.050,240.520,240.700,92
20260123141600,240.700,240.700,240.690,240.690,4
20260123141700,240.690,240.700,240.480,240.700,8
20260123141800,240.740,240.750,240.500,240.750,50
20260123141900,240.750,241.000,240.750,241.000,65
20260123142000,240.420,240.810,240.420,240.800,12
20260123142100,240.540,240.540,240.540,240.540,2
20260123142200,240.500,240.780,240.500,240.780,27
20260123142300,240.800,240.960,240.760,240.950,44
20260123142400,240.760,240.950,240.760,240.950,13
20260123142500,240.830,240.830,240.830,240.830,2
20260123142600,240.760,242.390,240.750,242.210,431
20260123142700,242.110,242.880,242.110,242.110,264
20260123142800,242.500,242.500,242.140,242.150,24
20260123142900,242.120,242.440,241.800,242.150,27
20260123143000,242.150,242.460,241.800,242.380,143
20260123143100,242.090,242.360,242.050,242.200,34
20260123143200,242.190,242.190,242.190,242.190,15
20260123143300,242.000,242.220,242.000,242.220,37
20260123143400,242.220,242.370,242.220,242.370,21
20260123143500,242.180,242.370,242.000,242.000,25
20260123143600,242.010,242.180,242.000,242.180,16
20260123143700,242.060,242.180,242.060,242.140,22
20260123143800,242.100,242.110,242.020,242.110,22
20260123143900,242.010,242.090,242.010,242.090,19
20260123144000,242.100,242.300,242.050,242.290,54
20260123144100,242.290,242.480,242.230,242.480,43
20260123144200,242.480,242.480,242.160,242.160,28
20260123144300,242.160,242.470,242.160,242.470,24
20260123144400,242.200,242.270,242.100,242.260,11
20260123144500,242.100,242.290,242.070,242.290,19
20260123144600,242.300,242.470,242.190,242.190,55
20260123144700,242.450,242.450,242.210,242.410,29
20260123144800,242.420,242.500,242.000,242.000,159
20260123144900,242.000,242.310,242.000,242.250,23
20260123145000,242.240,242.390,242.010,242.370,18
20260123145100,242.480,242.500,242.480,242.480,42
20260123145200,242.480,242.480,242.140,242.460,38
20260123145300,242.270,242.460,242.130,242.260,60
20260123145400,242.270,242.430,242.120,242.120,56
20260123145500,242.410,242.430,242.120,242.420,31
20260123145600,242.440,242.440,242.140,242.440,54
20260123145700,242.440,242.480,242.180,242.480,45
20260123145800,242.480,242.480,242.480,242.480,0
20260123145900,242.480,242.480,242.480,242.480,0
20260123150000,242.500,242.500,242.500,242.500,104
20260126093000,242.560,242.560,242.560,242.560,17
20260126093100,242.560,245.000,242.560,244.760,104
20260126093200,244.710,245.450,243.690,244.040,177
20260126093300,243.890,243.890,243.150,243.230,102
20260126093400,243.240,244.000,241.600,241.600,170
20260126093500,241.590,242.370,240.500,241.500,152
20260126093600,240.680,240.940,240.500,240.920,61
20260126093700,240.500,240.500,239.580,240.000,364
20260126093800,239.760,240.040,239.600,240.000,65
20260126093900,240.040,240.040,238.500,238.860,346
20260126094000,238.110,238.550,237.810,238.550,175
20260126094100,238.570,238.800,237.270,237.400,312
20260126094200,237.270,237.270,236.480,237.270,204
20260126094300,237.150,237.530,237.040,237.270,61
20260126094400,237.270,237.530,235.360,235.720,364
20260126094500,236.000,236.000,235.400,235.710,113
20260126094600,235.700,235.910,235.610,235.830,137
20260126094700,235.360,235.410,234.120,234.120,451
20260126094800,234.180,234.480,234.010,234.400,218
20260126094900,234.250,234.250,233.130,233.450,545
20260126095000,233.450,233.820,233.150,233.780,189
20260126095100,233.890,234.490,233.030,233.030,481
20260126095200,233.000,233.000,232.050,232.130,237
20260126095300,232.170,234.190,232.130,232.470,648
20260126095400,233.600,234.010,233.000,233.000,320
20260126095500,233.660,234.590,233.660,234.110,245
20260126095600,234.090,234.130,233.550,234.040,212
20260126095700,233.700,233.940,233.150,233.160,70
20260126095800,233.400,233.400,233.000,233.200,190
20260126095900,233.100,233.500,233.010,233.500,102
20260126100000,233.520,233.520,232.610,232.790,259
20260126100100,232.780,232.780,232.450,232.450,131
20260126100200,232.450,232.550,232.330,232.550,95
20260126100300,232.550,232.680,232.550,232.680,121
20260126100400,232.780,232.780,232.100,232.100,251
20260126100500,232.100,233.610,232.000,233.610,527
20260126100600,233.260,233.750,233.260,233.340,127
20260126100700,232.770,233.330,232.100,232.140,183
20260126100800,232.140,232.900,232.140,232.610,64
20260126100900,232.610,232.910,232.260,232.690,48
20260126101000,232.660,233.120,232.600,232.940,74
20260126101100,232.510,232.920,232.510,232.520,38
20260126101200,232.530,232.530,232.000,232.070,332
20260126101300,232.060,232.100,232.000,232.100,159
20260126101400,232.090,232.090,231.880,231.980,299
20260126101500,232.000,232.250,231.800,231.800,196
20260126101600,232.100,232.100,231.810,231.940,79
20260126101700,231.800,232.100,231.580,232.100,193
20260126101800,232.100,232.250,231.950,231.970,76
20260126101900,231.950,231.990,231.790,231.990,86
20260126102000,231.990,231.990,231.590,231.770,118
20260126102100,231.770,231.830,231.040,231.370,442
20260126102200,231.370,231.590,231.220,231.590,91
20260126102300,231.590,231.590,231.010,231.070,169
20260126102400,231.040,232.020,231.000,232.020,975
20260126102500,232.130,232.150,231.690,231.900,115
20260126102600,231.900,232.000,231.810,232.000,76
20260126102700,232.000,232.650,232.000,232.580,138
20260126102800,232.660,232.830,231.960,232.020,129
20260126102900,232.000,232.050,232.000,232.050,62
20260126103000,232.260,232.280,232.040,232.280,34
20260126103100,232.100,232.100,232.010,232.010,23
20260126103200,232.170,232.170,232.110,232.160,65
20260126103300,232.160,232.160,231.650,232.130,159
20260126103400,232.130,232.720,232.080,232.720,118
20260126103500,232.640,232.640,231.430,231.430,73
20260126103600,231.680,232.000,231.450,232.000,55
20260126103700,232.270,232.920,231.850,232.100,40
20260126103800,232.100,232.100,231.250,231.250,69
20260126103900,231.250,231.720,231.240,231.280,77
20260126104000,231.280,231.710,231.200,231.200,109
20260126104100,231.230,231.720,231.230,231.310,10
20260126104200,231.760,232.100,231.420,231.420,52
20260126104300,231.980,231.980,231.980,231.980,10
20260126104400,231.420,231.970,231.400,231.460,16
20260126104500,231.400,231.940,231.400,231.940,21
20260126104600,231.950,231.950,231.380,231.920,39
20260126104700,231.930,232.490,231.900,231.900,132
20260126104800,231.910,232.260,231.900,232.260,53
20260126104900,232.290,232.290,231.950,232.100,11
20260126105000,232.230,232.230,231.910,232.110,20
20260126105100,232.100,232.310,231.910,232.310,39
20260126105200,232.250,232.500,231.920,231.920,17
20260126105300,232.380,232.380,231.930,232.380,10
20260126105400,231.910,232.990,231.910,232.510,55
20260126105500,232.980,232.980,232.970,232.980,46
20260126105600,232.550,232.970,231.910,232.100,41
20260126105700,231.910,232.100,231.900,231.970,39
20260126105800,232.100,232.390,231.540,231.550,30
20260126105900,231.560,232.100,231.360,232.000,53
20260126110000,232.020,232.790,231.850,231.850,41
20260126110100,231.710,232.100,231.410,231.410,30
20260126110200,231.410,232.040,231.400,231.400,25
20260126110300,232.040,232.520,232.030,232.520,65
20260126110400,232.500,232.520,232.140,232.170,29
20260126110500,232.170,232.170,232.170,232.170,8
20260126110600,232.180,232.180,231.680,231.680,54
20260126110700,232.420,232.730,232.420,232.430,29
20260126110800,232.640,232.720,231.860,232.640,58
20260126110900,232.100,232.100,232.100,232.100,11
20260126111000,232.100,232.110,232.100,232.110,24
20260126111100,232.130,232.130,232.110,232.110,8
20260126111200,232.100,232.100,231.860,232.000,59
20260126111300,232.100,232.220,231.860,232.090,18
20260126111400,231.710,232.210,231.700,232.210,11
20260126111500,231.700,232.190,231.700,232.010,38
20260126111600,232.010,232.340,232.010,232.340,35
20260126111700,232.340,232.340,232.010,232.010,13
20260126111800,232.120,232.120,232.110,232.110,15
20260126111900,232.010,232.010,231.700,232.000,40
20260126112000,232.000,232.100,231.690,231.690,29
20260126112100,232.080,232.090,231.690,232.060,32
20260126112200,232.060,232.070,231.700,231.710,16
20260126112300,231.680,232.070,231.580,232.070,66
20260126112400,232.070,232.070,231.670,231.670,7
20260126112500,231.680,231.680,231.680,231.680,2
20260126112600,231.700,232.340,231.700,232.340,92
20260126112700,232.340,232.370,232.340,232.370,11
20260126112800,232.350,232.630,232.350,232.630,32
20260126112900,232.350,232.620,232.240,232.610,35
20260126113000,232.620,232.620,232.470,232.470,10
20260126130100,232.470,233.330,232.260,233.330,123
20260126130200,233.330,234.130,233.330,233.620,62
20260126130300,233.880,234.240,233.880,234.060,10
20260126130400,234.060,234.220,233.820,233.980,37
20260126130500,233.930,233.980,233.230,233.240,11
20260126130600,233.890,233.890,232.980,232.980,11
20260126130700,233.380,233.990,233.050,233.940,43
20260126130800,233.880,234.380,233.880,234.380,38
20260126130900,233.880,234.360,233.880,234.360,17
20260126131000,233.880,234.950,233.880,234.860,106
20260126131100,234.870,235.360,234.840,234.870,63
20260126131200,234.870,234.870,234.000,234.770,20
20260126131300,234.640,234.640,234.320,234.640,38
20260126131400,234.710,235.180,234.640,235.140,43
20260126131500,235.110,235.110,234.470,234.490,24
20260126131600,234.940,234.980,234.000,234.970,46
20260126131700,234.970,234.970,234.120,234.120,20
20260126131800,234.710,234.720,234.710,234.710,37
20260126131900,234.260,235.180,234.260,235.180,54
20260126132000,235.180,235.180,234.450,234.570,37
20260126132100,234.570,234.570,234.380,234.450,45
20260126132200,234.500,235.150,234.500,234.500,54
20260126132300,235.000,235.000,234.660,235.000,19
20260126132400,234.280,234.600,234.280,234.600,6
20260126132500,234.920,235.400,234.530,235.180,84
20260126132600,235.450,235.450,234.670,235.310,54
20260126132700,235.000,235.000,234.550,234.550,8
20260126132800,234.500,234.970,234.310,234.970,28
20260126132900,234.970,235.170,234.970,235.170,48
20260126133000,235.000,235.230,234.900,235.230,18
20260126133100,235.240,235.240,235.020,235.190,75
20260126133200,235.020,235.280,235.020,235.020,49
20260126133300,235.310,235.310,234.270,234.270,29
20260126133400,234.280,234.620,234.280,234.360,28
20260126133500,234.770,235.250,234.770,234.900,44
20260126133600,235.120,235.250,235.020,235.020,33
20260126133700,235.230,235.230,234.960,234.960,96
20260126133800,234.990,235.230,234.300,234.300,44
20260126133900,234.300,234.300,234.270,234.270,13
20260126134000,234.730,234.730,234.230,234.230,29
20260126134100,234.230,234.700,234.220,234.220,10
20260126134200,234.220,234.650,234.220,234.650,18
20260126134300,234.670,234.670,234.020,234.640,32
20260126134400,234.620,235.000,234.030,235.000,71
20260126134500,234.670,234.670,234.300,234.300,37
20260126134600,234.220,234.400,234.140,234.390,20
20260126134700,234.060,234.390,234.050,234.200,29
20260126134800,234.220,234.390,234.080,234.390,19
20260126134900,234.490,237.780,234.490,237.780,442
20260126135000,237.290,237.520,236.130,236.130,228
20260126135100,237.360,238.040,237.070,237.770,293
20260126135200,236.940,237.460,236.460,237.460,20
20260126135300,237.810,238.800,237.810,238.800,228
20260126135400,238.080,238.080,237.870,237.870,26
20260126135500,237.150,238.000,237.150,237.660,29
20260126135600,237.990,238.940,237.990,238.800,210
20260126135700,238.000,238.590,238.000,238.580,12
20260126135800,238.470,239.040,238.170,238.900,133
20260126135900,238.630,238.750,237.980,238.750,22
20260126140000,238.540,238.690,238.000,238.000,24
20260126140100,238.900,239.220,238.900,238.950,131
20260126140200,239.120,239.120,238.070,238.070,10
20260126140300,238.090,239.010,238.090,238.090,25
20260126140400,238.100,238.100,237.240,237.990,53
20260126140500,238.450,238.950,237.670,238.740,256
20260126140600,237.820,238.700,237.820,238.240,12
20260126140700,237.670,238.220,237.670,238.220,11
20260126140800,238.100,239.350,238.100,239.350,240
20260126140900,239.360,240.430,239.360,239.870,164
20260126141000,239.880,240.000,239.390,239.530,65
20260126141100,239.950,239.950,239.560,239.930,100
20260126141200,239.950,240.540,239.090,240.530,152
20260126141300,240.100,240.500,240.100,240.500,97
20260126141400,239.510,240.370,239.360,240.370,19
20260126141500,240.370,240.370,239.420,239.420,24
20260126141600,240.290,240.290,239.390,239.390,51
20260126141700,240.190,240.190,239.390,239.390,84
20260126141800,239.410,239.410,239.410,239.410,5
20260126141900,239.400,240.090,239.400,240.090,134
20260126142000,240.000,240.040,238.850,238.850,12
20260126142100,238.920,240.120,238.830,239.880,132
20260126142200,239.070,239.870,238.950,239.860,10
20260126142300,240.000,240.010,239.710,240.000,95
20260126142400,240.000,240.000,239.990,239.990,8
20260126142500,239.990,239.990,239.190,239.990,36
20260126142600,239.360,240.020,239.360,240.020,64
20260126142700,240.020,240.160,239.920,239.920,33
20260126142800,239.380,239.490,239.310,239.490,14
20260126142900,239.380,239.490,239.380,239.490,7
20260126143000,239.380,240.110,239.200,240.060,107
20260126143100,239.740,240.070,238.950,238.950,41
20260126143200,239.490,240.100,239.490,239.640,84
20260126143300,239.980,240.040,239.090,239.090,36
20260126143400,240.100,240.190,239.160,239.270,98
20260126143500,239.970,239.970,239.320,239.970,14
20260126143600,239.960,239.960,239.270,239.620,18
20260126143700,239.670,239.670,239.270,239.270,14
20260126143800,239.280,239.280,239.150,239.150,15
20260126143900,239.070,239.610,239.000,239.000,26
20260126144000,239.000,239.000,238.520,238.520,36
20260126144100,238.930,238.930,237.900,237.900,55
20260126144200,237.900,238.410,237.560,237.560,30
20260126144300,238.130,238.160,237.580,237.640,54
20260126144400,238.310,238.310,238.310,238.310,2
20260126144500,237.680,237.680,237.640,237.640,35
20260126144600,238.300,238.300,237.520,238.280,27
20260126144700,237.530,237.940,237.530,237.530,20
20260126144800,237.500,237.960,237.100,237.110,84
20260126144900,237.100,238.920,237.060,238.030,123
20260126145000,239.000,239.000,237.020,237.060,47
20260126145100,237.060,238.930,237.010,237.020,43
20260126145200,238.580,238.580,237.030,237.050,20
20260126145300,237.130,238.940,237.010,237.010,198
20260126145400,238.240,238.280,237.100,237.310,27
20260126145500,238.280,238.380,237.210,237.400,89
20260126145600,238.360,238.380,237.300,238.380,40
20260126145700,237.310,238.350,237.300,237.300,57
20260126145800,237.300,237.300,237.300,237.300,0
20260126145900,237.300,237.300,237.300,237.300,0
20260126150000,237.220,237.220,237.220,237.220,82
20260127093000,237.220,237.220,237.220,237.220,23
20260127093100,237.220,237.220,234.330,234.910,131
20260127093200,234.910,235.850,234.910,235.100,156
20260127093300,235.860,235.860,235.000,235.000,96
20260127093400,235.000,235.000,233.510,233.510,120
20260127093500,233.460,233.960,233.030,233.450,360
20260127093600,233.760,234.310,233.440,233.790,106
20260127093700,234.220,234.460,233.750,234.460,53
20260127093800,234.170,234.830,234.170,234.810,40
20260127093900,234.810,234.810,234.200,234.270,60
20260127094000,234.750,234.750,233.280,233.330,128
20260127094100,233.290,233.290,232.500,232.500,243
20260127094200,232.500,232.860,232.010,232.640,210
20260127094300,232.580,232.640,232.000,232.640,136
20260127094400,232.650,232.760,232.290,232.380,50
20260127094500,232.620,232.940,232.400,232.400,17
20260127094600,232.620,232.940,232.420,232.510,37
20260127094700,232.540,232.800,232.510,232.520,38
20260127094800,232.400,232.680,232.190,232.680,70
20260127094900,232.210,232.660,232.210,232.620,27
20260127095000,232.650,232.650,231.640,232.140,204
20260127095100,232.150,232.190,231.800,232.160,49
20260127095200,232.150,232.210,231.810,232.180,44
20260127095300,232.180,232.360,232.180,232.250,24
20260127095400,232.910,232.910,232.550,232.550,135
20260127095500,232.530,233.520,232.340,233.520,85
20260127095600,233.190,233.190,232.680,232.680,59
20260127095700,232.790,232.790,232.300,232.300,34
20260127095800,232.130,232.880,232.000,232.630,59
20260127095900,232.580,232.870,232.240,232.860,47
20260127100000,232.850,232.850,232.300,232.800,19
20260127100100,232.760,233.330,232.440,233.330,75
20260127100200,232.960,233.210,232.960,233.170,12
20260127100300,232.960,233.500,232.950,233.100,45
20260127100400,233.840,234.000,233.580,233.930,30
20260127100500,233.930,233.940,233.540,233.540,22
20260127100600,233.900,233.900,233.520,233.880,26
20260127100700,233.880,233.890,233.560,233.830,30
20260127100800,233.810,233.930,233.800,233.930,8
20260127100900,233.980,233.980,233.320,233.900,79
20260127101000,233.900,234.420,233.690,234.160,23
20260127101100,234.180,234.200,234.160,234.170,17
20260127101200,234.160,234.160,233.860,234.150,10
20260127101300,233.870,234.500,233.870,234.440,25
20260127101400,234.220,234.730,234.220,234.360,102
20260127101500,234.340,234.340,233.740,233.740,18
20260127101600,233.850,233.960,233.620,233.620,27
20260127101700,233.680,234.180,233.580,234.060,29
20260127101800,234.050,234.050,233.970,233.970,8
20260127101900,233.980,233.980,233.980,233.980,2
20260127102000,233.730,234.360,233.700,234.360,41
20260127102100,234.350,234.470,233.910,234.470,10
20260127102200,234.470,234.470,234.470,234.470,0
20260127102300,234.270,234.270,233.870,233.870,43
20260127102400,234.010,234.010,233.600,233.860,30
20260127102500,234.000,234.040,233.620,233.620,17
20260127102600,233.960,233.960,233.520,233.680,116
20260127102700,233.980,234.040,233.540,234.040,73
20260127102800,234.040,234.040,233.600,233.920,41
20260127102900,233.600,233.890,233.570,233.890,34
20260127103000,233.930,234.070,233.930,234.070,25
20260127103100,234.270,234.270,233.900,233.900,31
20260127103200,233.840,233.890,233.600,233.890,26
20260127103300,234.170,234.310,234.150,234.310,34
20260127103400,234.390,236.000,234.190,235.850,243
20260127103500,235.840,236.410,235.750,236.410,92
20260127103600,235.900,236.150,235.860,235.960,22
20260127103700,235.960,236.150,235.940,236.150,29
20260127103800,236.400,236.400,235.810,235.880,49
20260127103900,235.570,235.880,234.870,235.600,39
20260127104000,235.090,235.700,235.090,235.530,64
20260127104100,235.000,235.510,234.940,234.940,59
20260127104200,235.360,235.520,235.360,235.520,15
20260127104300,235.520,235.520,235.520,235.520,0
20260127104400,235.660,235.820,235.660,235.820,14
20260127104500,235.370,235.370,235.280,235.280,13
20260127104600,235.250,235.250,234.930,234.940,104
20260127104700,234.950,234.980,234.940,234.940,17
20260127104800,234.930,234.940,234.930,234.940,13
20260127104900,234.940,235.000,234.900,234.900,23
20260127105000,234.900,234.960,234.540,234.960,18
20260127105100,234.980,235.320,234.980,235.140,22
20260127105200,235.150,235.500,235.150,235.220,14
20260127105300,235.010,235.220,235.010,235.220,7
20260127105400,235.220,235.220,235.220,235.220,0
20260127105500,235.080,235.280,234.730,235.280,109
20260127105600,235.290,235.290,235.290,235.290,6
20260127105700,235.190,235.200,235.170,235.200,22
20260127105800,235.110,235.290,235.110,235.290,12
20260127105900,235.120,235.290,235.000,235.290,13
20260127110000,235.250,235.400,235.250,235.400,7
20260127110100,235.080,235.080,235.080,235.080,2
20260127110200,235.080,235.350,234.950,235.340,125
20260127110300,235.340,235.750,235.340,235.620,50
20260127110400,235.640,235.640,235.610,235.620,8
20260127110500,235.620,235.830,235.620,235.830,16
20260127110600,235.630,235.760,235.520,235.760,8
20260127110700,235.760,235.760,235.760,235.760,0
20260127110800,235.760,235.760,235.760,235.760,0
20260127110900,235.240,235.350,235.240,235.350,6
20260127111000,235.410,235.420,235.410,235.410,28
20260127111100,235.630,235.640,235.420,235.640,10
20260127111200,235.610,235.610,235.420,235.420,6
20260127111300,235.420,236.380,235.420,236.380,100
20260127111400,236.380,236.380,236.000,236.000,47
20260127111500,235.410,235.600,235.400,235.600,11
20260127111600,235.910,235.910,235.900,235.900,8
20260127111700,235.900,235.910,235.890,235.900,21
20260127111800,235.810,236.210,235.810,236.200,20
20260127111900,236.200,236.300,235.900,235.910,20
20260127112000,235.560,235.560,235.560,235.560,2
20260127112100,235.560,235.560,235.560,235.560,0
20260127112200,235.560,235.860,235.400,235.850,33
20260127112300,235.860,236.260,235.860,236.260,18
20260127112400,236.270,236.390,236.260,236.370,17
20260127112500,236.260,236.260,236.150,236.150,9
20260127112600,236.150,236.330,236.030,236.030,20
20260127112700,236.300,236.300,236.000,236.000,4
20260127112800,236.000,236.000,236.000,236.000,0
20260127112900,236.190,236.220,236.190,236.220,7
20260127113000,235.780,235.790,235.780,235.790,5
20260127130100,235.780,236.550,235.550,235.900,167
20260127130200,235.580,235.940,235.400,235.940,68
20260127130300,235.400,236.440,235.400,235.730,200
20260127130400,235.730,235.800,235.160,235.250,241
20260127130500,235.240,235.240,234.500,234.500,141
20260127130600,234.740,234.800,234.500,234.800,74
20260127130700,234.800,234.800,234.000,234.500,280
20260127130800,234.530,234.700,234.500,234.700,120
20260127130900,234.700,234.810,234.500,234.810,124
20260127131000,234.820,234.940,234.810,234.940,8
20260127131100,234.750,234.750,234.750,234.750,18
20260127131200,234.760,235.140,234.760,234.860,5
20260127131300,235.200,235.200,235.200,235.200,15
20260127131400,235.240,236.000,235.240,236.000,38
20260127131500,236.000,236.000,235.890,235.890,28
20260127131600,235.790,235.830,235.750,235.830,20
20260127131700,235.590,235.590,235.250,235.260,54
20260127131800,235.270,235.270,235.270,235.270,2
20260127131900,235.660,235.660,235.660,235.660,17
20260127132000,235.850,235.850,235.580,235.850,22
20260127132100,235.570,235.570,235.570,235.570,26
20260127132200,235.570,235.580,235.550,235.570,39
20260127132300,235.360,236.000,235.360,235.460,106
20260127132400,235.500,235.500,235.490,235.500,31
20260127132500,235.500,236.000,235.500,235.970,29
20260127132600,235.980,235.990,235.590,235.600,48
20260127132700,235.930,236.020,235.930,236.020,8
20260127132800,236.090,236.090,236.000,236.090,8
20260127132900,235.770,235.770,235.500,235.500,28
20260127133000,235.990,236.070,235.560,236.070,7
20260127133100,236.080,236.090,235.760,235.810,28
20260127133200,235.770,235.770,235.690,235.690,10
20260127133300,235.560,235.830,235.560,235.830,18
20260127133400,236.040,236.040,235.560,236.010,31
20260127133500,235.920,235.930,235.920,235.930,12
20260127133600,236.000,236.000,235.560,236.000,25
20260127133700,235.990,236.000,235.580,236.000,18
20260127133800,235.990,236.000,235.990,236.000,6
20260127133900,236.010,236.020,235.690,235.860,28
20260127134000,236.000,236.000,235.860,235.860,27
20260127134100,235.910,236.090,235.910,236.040,33
20260127134200,236.040,236.040,236.030,236.030,8
20260127134300,236.030,236.030,236.000,236.010,17
20260127134400,236.030,236.120,236.030,236.120,203
20260127134500,235.940,236.010,235.660,235.990,24
20260127134600,235.990,235.990,235.990,235.990,16
20260127134700,236.040,236.550,236.040,236.550,83
20260127134800,236.490,237.000,236.200,237.000,77
20260127134900,237.000,237.500,236.990,237.500,77
20260127135000,237.490,237.500,237.000,237.000,37
20260127135100,237.480,237.490,237.430,237.430,36
20260127135200,237.440,238.320,237.440,238.000,140
20260127135300,237.980,237.980,237.910,237.940,75
20260127135400,238.010,238.200,238.000,238.000,58
20260127135500,238.000,238.160,237.660,238.060,41
20260127135600,238.000,238.110,238.000,238.090,42
20260127135700,238.090,238.770,238.080,238.770,87
20260127135800,238.780,239.000,238.780,239.000,48
20260127135900,239.000,240.000,239.000,239.010,219
20260127140000,239.670,239.670,239.050,239.590,31
20260127140100,239.050,239.580,239.050,239.560,42
20260127140200,239.560,240.580,239.560,240.580,254
20260127140300,240.580,242.000,240.580,241.000,297
20260127140400,240.930,240.930,240.220,240.220,56
20260127140500,240.300,240.750,240.300,240.750,13
20260127140600,240.750,240.850,240.750,240.850,26
20260127140700,240.810,240.810,240.380,240.380,29
20260127140800,240.380,240.480,240.380,240.480,27
20260127140900,240.480,240.740,240.480,240.730,33
20260127141000,240.280,240.500,240.040,240.040,29
20260127141100,240.040,240.800,240.040,240.770,103
20260127141200,240.270,240.270,240.000,240.000,6
20260127141300,239.890,239.910,239.890,239.910,5
20260127141400,239.940,240.000,239.940,240.000,22
20260127141500,239.810,240.000,239.660,240.000,8
20260127141600,239.660,239.740,239.380,239.380,17
20260127141700,239.380,239.380,239.000,239.160,14
20260127141800,239.000,239.950,239.000,239.640,20
20260127141900,239.650,239.670,239.600,239.600,20
20260127142000,239.090,240.040,239.090,240.040,72
20260127142100,240.050,240.800,239.960,239.960,54
20260127142200,239.960,240.940,239.960,240.900,114
20260127142300,240.900,241.110,240.470,241.020,76
20260127142400,241.000,241.020,240.990,241.000,41
20260127142500,240.980,241.010,240.470,241.010,72
20260127142600,241.200,241.500,240.990,241.330,194
20260127142700,241.700,241.790,241.350,241.690,81
20260127142800,241.680,241.700,241.010,241.080,102
20260127142900,241.420,241.930,241.320,241.700,185
20260127143000,241.700,241.960,241.470,241.950,93
20260127143100,241.950,241.950,241.470,241.590,71
20260127143200,241.570,242.300,241.540,242.220,185
20260127143300,242.320,243.430,242.300,243.000,185
20260127143400,243.000,243.000,242.060,242.580,187
20260127143500,242.580,242.580,242.110,242.170,121
20260127143600,242.050,242.620,241.970,242.620,53
20260127143700,242.050,242.550,241.960,242.290,86
20260127143800,242.600,242.940,242.600,242.930,60
20260127143900,242.620,242.980,242.090,242.890,93
20260127144000,242.880,242.970,241.980,242.460,89
20260127144100,242.770,242.950,242.420,242.950,219
20260127144200,242.940,243.600,242.940,243.600,264
20260127144300,243.520,243.660,242.990,242.990,205
20260127144400,242.970,243.700,242.970,243.700,168
20260127144500,243.810,243.980,243.620,243.620,161
20260127144600,243.870,243.950,243.870,243.940,99
20260127144700,243.800,243.800,242.980,243.010,154
20260127144800,243.450,243.480,242.800,243.010,205
20260127144900,242.890,243.040,242.700,242.850,107
20260127145000,242.720,242.730,242.260,242.660,45
20260127145100,242.270,244.000,242.120,242.620,274
20260127145200,242.740,243.320,242.380,243.320,128
20260127145300,243.110,243.310,242.660,243.310,55
20260127145400,242.460,243.170,242.450,242.520,53
20260127145500,243.000,243.220,242.510,243.170,57
20260127145600,243.170,243.200,242.600,242.600,22
20260127145700,242.620,243.150,242.590,243.090,58
20260127145800,243.090,243.090,243.090,243.090,0
20260127145900,243.090,243.090,243.090,243.090,0
20260127150000,242.600,242.600,242.600,242.600,80
20260128093000,241.610,241.610,241.610,241.610,19
20260128093100,241.600,242.610,240.500,242.610,218
20260128093200,242.700,243.000,241.490,241.490,189
20260128093300,241.120,241.120,240.500,240.500,82
20260128093400,240.500,240.520,240.000,240.090,61
20260128093500,240.090,241.040,239.990,241.030,43
20260128093600,241.000,241.970,240.220,241.970,260
20260128093700,241.970,243.300,241.510,243.280,262
20260128093800,242.790,244.960,242.790,244.660,215
20260128093900,244.650,245.320,244.370,244.420,147
20260128094000,244.420,244.760,244.000,244.010,41
20260128094100,244.010,244.300,243.780,243.780,28
20260128094200,243.790,243.790,243.430,243.430,16
20260128094300,243.200,243.760,243.190,243.310,74
20260128094400,243.720,243.720,242.680,242.680,64
20260128094500,242.580,242.580,242.000,242.020,32
20260128094600,242.020,242.230,242.020,242.200,28
20260128094700,242.200,242.520,241.950,242.520,18
20260128094800,242.060,242.100,241.970,241.970,15
20260128094900,241.730,241.730,241.540,241.540,18
20260128095000,241.950,241.970,241.950,241.970,7
20260128095100,241.970,242.000,241.800,241.860,34
20260128095200,241.990,242.260,241.670,242.260,27
20260128095300,241.850,242.510,241.580,242.290,72
20260128095400,241.930,243.500,241.740,243.400,67
20260128095500,243.500,243.740,243.020,243.620,48
20260128095600,243.620,243.620,242.000,242.940,48
20260128095700,243.000,243.540,243.000,243.440,16
20260128095800,242.730,242.860,242.290,242.720,58
20260128095900,242.720,243.220,242.450,242.650,51
20260128100000,243.020,243.020,242.220,242.220,35
20260128100100,242.490,243.730,242.490,243.730,94
20260128100200,243.740,243.880,243.220,243.220,44
20260128100300,243.720,243.720,242.680,242.680,27
20260128100400,242.830,243.470,242.480,242.480,15
20260128100500,242.020,242.680,242.010,242.490,71
20260128100600,242.560,242.680,242.560,242.680,49
20260128100700,242.190,243.060,242.020,243.060,32
20260128100800,243.010,243.010,242.260,242.910,40
20260128100900,242.940,242.940,241.410,241.410,71
20260128101000,241.400,242.330,241.300,242.330,46
20260128101100,242.350,242.650,242.030,242.030,25
20260128101200,242.540,242.540,242.020,242.530,20
20260128101300,242.060,242.820,242.060,242.820,19
20260128101400,242.820,242.820,242.240,242.240,25
20260128101500,242.820,242.910,242.820,242.900,6
20260128101600,242.900,242.900,242.380,242.420,58
20260128101700,242.820,242.990,242.510,242.510,63
20260128101800,242.890,243.230,242.580,242.580,83
20260128101900,242.710,243.200,242.520,242.520,78
20260128102000,242.990,243.000,242.500,242.500,29
20260128102100,242.260,242.830,242.030,242.830,21
20260128102200,242.150,242.860,242.150,242.860,14
20260128102300,242.860,242.860,242.370,242.850,19
20260128102400,242.490,242.790,242.490,242.700,24
20260128102500,242.700,242.700,242.200,242.200,9
20260128102600,242.200,242.670,242.200,242.670,6
20260128102700,242.700,242.700,242.200,242.670,77
20260128102800,242.680,242.780,242.680,242.780,11
20260128102900,242.850,242.850,242.360,242.830,15
20260128103000,242.380,242.800,242.380,242.380,26
20260128103100,242.200,242.690,242.200,242.690,17
20260128103200,242.680,242.800,242.680,242.800,16
20260128103300,242.840,242.880,242.310,242.880,30
20260128103400,243.000,243.230,243.000,243.230,28
20260128103500,243.230,243.510,243.230,243.500,12
20260128103600,243.500,243.500,242.660,242.660,36
20260128103700,243.370,243.380,243.370,243.380,8
20260128103800,243.340,243.390,243.330,243.390,11
20260128103900,243.380,243.380,242.810,243.010,68
20260128104000,243.010,243.500,243.010,243.500,37
20260128104100,243.500,243.880,243.290,243.880,38
20260128104200,243.930,244.200,243.470,243.480,54
20260128104300,244.140,244.210,242.830,242.830,142
20260128104400,242.830,244.010,242.430,242.970,63
20260128104500,242.940,242.940,242.000,242.810,146
20260128104600,242.820,243.680,242.820,243.680,27
20260128104700,243.390,243.390,242.000,242.000,81
20260128104800,242.080,243.320,242.080,242.600,57
20260128104900,243.290,243.390,243.290,243.390,32
20260128105000,242.800,243.680,242.800,243.680,19
20260128105100,243.600,243.600,242.090,242.800,47
20260128105200,242.800,243.090,242.250,243.010,23
20260128105300,242.260,242.690,242.000,242.680,45
20260128105400,242.690,243.090,241.950,241.950,33
20260128105500,242.010,242.270,242.010,242.270,21
20260128105600,242.270,242.610,242.270,242.610,6
20260128105700,241.960,242.610,241.960,242.580,14
20260128105800,242.070,242.580,242.070,242.100,28
20260128105900,242.060,242.150,241.570,241.570,62
20260128110000,241.700,241.990,241.400,241.400,30
20260128110100,241.180,241.930,241.030,241.230,98
20260128110200,241.920,241.930,241.920,241.930,10
20260128110300,241.440,241.450,241.000,241.000,43
20260128110400,241.080,241.230,241.080,241.080,22
20260128110500,241.010,241.010,240.880,240.880,15
20260128110600,240.950,240.950,240.950,240.950,2
20260128110700,240.960,241.010,240.740,240.740,16
20260128110800,240.220,241.080,240.220,241.080,70
20260128110900,241.070,241.070,240.340,240.350,115
20260128111000,240.730,241.160,240.730,241.160,24
20260128111100,241.160,241.160,241.000,241.000,9
20260128111200,241.090,241.090,240.970,240.970,4
20260128111300,240.930,240.930,240.430,240.430,15
20260128111400,240.930,240.930,240.440,240.440,4
20260128111500,240.930,240.930,240.430,240.430,4
20260128111600,240.920,240.920,240.920,240.920,7
20260128111700,240.920,240.920,240.920,240.920,0
20260128111800,240.940,240.940,240.500,240.500,4
20260128111900,240.510,240.940,240.510,240.940,6
20260128112000,240.600,240.600,240.600,240.600,11
20260128112100,240.600,240.600,240.600,240.600,0
20260128112200,240.500,240.500,239.660,239.660,266
20260128112300,239.760,239.760,239.660,239.660,8
20260128112400,239.660,239.760,239.420,239.760,18
20260128112500,239.760,239.860,239.760,239.850,24
20260128112600,239.850,239.850,239.690,239.690,4
20260128112700,239.480,239.480,239.480,239.480,3
20260128112800,239.550,239.550,239.550,239.550,2
20260128112900,239.850,239.850,239.610,239.610,15
20260128113000,239.840,239.840,239.660,239.830,19
20260128130100,239.830,239.840,239.300,239.310,113
20260128130200,239.550,240.870,239.550,240.870,60
20260128130300,240.720,241.470,240.720,241.450,90
20260128130400,241.470,241.480,240.860,240.860,27
20260128130500,240.560,240.570,240.560,240.570,10
20260128130600,240.960,240.960,240.960,240.960,2
20260128130700,240.890,240.960,240.890,240.960,8
20260128130800,240.950,241.250,240.910,241.250,42
20260128130900,241.390,242.540,241.390,242.540,47
20260128131000,242.500,242.940,242.480,242.940,42
20260128131100,242.950,242.950,242.750,242.750,11
20260128131200,242.750,242.900,242.560,242.780,20
20260128131300,242.900,242.900,242.160,242.200,44
20260128131400,242.220,243.590,242.220,243.450,99
20260128131500,243.590,243.590,242.780,242.780,99
20260128131600,242.610,242.950,242.570,242.570,85
20260128131700,242.200,242.780,242.180,242.780,115
20260128131800,242.780,242.840,242.280,242.280,43
20260128131900,242.760,242.760,242.280,242.740,30
20260128132000,242.470,242.740,242.470,242.470,37
20260128132100,242.520,242.530,242.490,242.530,26
20260128132200,242.830,242.960,242.490,242.950,43
20260128132300,242.950,242.980,242.950,242.980,13
20260128132400,242.500,242.970,242.500,242.970,8
20260128132500,242.380,242.380,242.380,242.380,29
20260128132600,242.480,242.480,242.380,242.380,9
20260128132700,242.380,242.380,242.000,242.060,17
20260128132800,242.070,242.350,242.070,242.350,32
20260128132900,242.350,242.350,242.070,242.350,11
20260128133000,242.060,242.380,241.940,242.380,19
20260128133100,242.380,242.410,242.200,242.200,10
20260128133200,242.210,242.410,242.200,242.410,9
20260128133300,242.410,242.410,242.010,242.070,34
20260128133400,242.050,242.050,242.050,242.050,2
20260128133500,242.080,242.080,241.810,241.890,36
20260128133600,241.910,242.180,241.910,242.180,44
20260128133700,242.160,242.160,241.020,241.240,94
20260128133800,241.810,241.810,241.040,241.320,36
20260128133900,241.330,241.330,241.270,241.270,10
20260128134000,241.300,241.810,241.300,241.740,39
20260128134100,241.810,241.840,241.360,241.840,14
20260128134200,241.880,242.160,241.880,242.160,12
20260128134300,241.840,242.160,241.840,241.840,12
20260128134400,242.160,242.260,241.840,242.260,19
20260128134500,242.260,242.260,242.250,242.250,14
20260128134600,242.260,242.260,241.240,241.250,54
20260128134700,241.530,241.630,241.530,241.630,16
20260128134800,241.630,241.640,241.050,241.050,26
20260128134900,241.030,241.030,240.630,240.630,31
20260128135000,241.140,241.140,240.700,240.700,9
20260128135100,241.140,241.140,240.550,240.550,14
20260128135200,240.390,240.390,240.380,240.380,4
20260128135300,240.550,240.550,240.080,240.080,32
20260128135400,240.360,240.360,240.040,240.040,9
20260128135500,240.040,240.850,239.930,240.550,112
20260128135600,240.300,240.850,240.300,240.850,6
20260128135700,240.950,241.090,240.950,241.090,9
20260128135800,241.080,241.080,241.050,241.060,6
20260128135900,241.060,241.060,241.060,241.060,0
20260128140000,241.050,241.150,240.680,241.150,29
20260128140100,240.750,241.150,240.740,240.740,25
20260128140200,240.750,240.880,240.740,240.760,19
20260128140300,240.630,241.150,240.630,240.650,28
20260128140400,240.650,240.650,240.650,240.650,0
20260128140500,240.680,241.100,240.680,241.060,7
20260128140600,241.100,241.150,241.100,241.150,6
20260128140700,241.150,241.150,240.790,240.790,13
20260128140800,240.580,240.590,240.310,240.310,45
20260128140900,240.550,240.550,240.320,240.330,65
20260128141000,240.510,240.510,240.510,240.510,2
20260128141100,240.510,240.930,240.360,240.930,18
20260128141200,240.370,240.940,240.370,240.940,4
20260128141300,240.920,240.920,240.920,240.920,2
20260128141400,240.910,240.910,240.890,240.910,14
20260128141500,240.930,240.930,240.560,240.930,16
20260128141600,240.450,240.940,240.450,240.940,5
20260128141700,240.440,240.940,240.440,240.450,10
20260128141800,240.440,240.910,240.440,240.510,26
20260128141900,240.450,240.510,240.330,240.330,43
20260128142000,240.290,240.670,240.210,240.210,28
20260128142100,240.190,240.190,240.000,240.000,20
20260128142200,240.090,240.090,239.880,240.050,18
20260128142300,240.010,240.010,239.900,239.920,14
20260128142400,239.990,240.000,239.510,239.560,85
20260128142500,239.510,239.760,239.500,239.760,34
20260128142600,239.610,239.650,239.340,239.340,72
20260128142700,239.310,239.530,239.200,239.260,70
20260128142800,239.530,239.530,239.300,239.300,10
20260128142900,239.490,239.490,239.300,239.460,9
20260128143000,239.310,239.320,239.290,239.290,17
20260128143100,239.340,239.340,239.270,239.280,35
20260128143200,239.320,239.680,239.270,239.650,113
20260128143300,239.640,239.640,238.560,238.580,232
20260128143400,238.610,238.930,238.220,238.550,144
20260128143500,238.500,238.830,238.260,238.830,155
20260128143600,238.830,239.250,238.800,239.220,41
20260128143700,238.930,239.370,238.550,238.890,71
20260128143800,238.900,239.290,238.860,238.890,55
20260128143900,238.870,239.100,238.870,239.100,15
20260128144000,238.600,239.100,238.600,238.790,97
20260128144100,238.780,239.050,238.730,239.050,37
20260128144200,239.100,239.140,238.750,238.750,32
20260128144300,238.730,239.140,238.730,238.750,20
20260128144400,238.720,239.080,238.630,239.080,33
20260128144500,239.160,239.170,238.940,238.940,53
20260128144600,239.160,239.160,238.810,238.850,49
20260128144700,238.850,239.100,238.630,238.630,68
20260128144800,238.600,238.950,238.550,238.950,95
20260128144900,238.540,238.830,238.500,238.560,68
20260128145000,238.570,238.810,238.260,238.460,119
20260128145100,238.360,238.780,238.260,238.580,74
20260128145200,238.580,238.780,238.410,238.500,55
20260128145300,238.690,238.850,238.500,238.510,84
20260128145400,238.860,238.900,238.500,238.500,82
20260128145500,238.500,238.890,238.290,238.290,76
20260128145600,238.990,238.990,238.260,238.290,57
20260128145700,238.840,239.500,238.280,238.910,76
20260128145800,238.910,238.910,238.910,238.910,0
20260128145900,238.910,238.910,238.910,238.910,0
20260128150000,239.230,239.230,239.230,239.230,58
20260129093000,238.200,238.200,238.200,238.200,11
20260129093100,238.000,239.030,236.050,236.050,133
20260129093200,236.010,236.400,235.000,235.090,228
20260129093300,235.310,235.600,235.090,235.390,108
20260129093400,235.570,235.570,234.530,234.530,140
20260129093500,234.500,234.860,234.100,234.150,151
20260129093600,234.500,234.990,234.160,234.180,146
20260129093700,234.130,234.370,233.500,233.500,158
20260129093800,233.620,234.000,233.330,233.760,105
20260129093900,233.790,235.260,233.790,235.090,120
20260129094000,234.740,235.340,234.740,235.230,125
20260129094100,235.870,236.310,234.990,236.240,161
20260129094200,235.790,236.240,235.650,235.710,75
20260129094300,235.660,236.040,235.000,235.220,323
20260129094400,235.230,235.750,235.080,235.230,89
20260129094500,235.230,236.700,235.230,236.510,104
20260129094600,236.520,237.350,236.500,237.280,67
20260129094700,236.960,237.250,235.980,235.980,61
20260129094800,236.600,236.730,236.010,236.130,37
20260129094900,236.690,236.740,236.170,236.620,56
20260129095000,236.370,236.370,235.190,235.810,104
20260129095100,235.450,235.970,235.350,235.400,43
20260129095200,235.870,236.200,235.420,236.140,54
20260129095300,236.110,236.300,235.600,236.300,55
20260129095400,236.240,236.340,235.650,235.770,46
20260129095500,236.270,236.300,235.780,235.870,33
20260129095600,236.300,237.970,236.300,237.970,134
20260129095700,237.820,238.510,237.780,238.400,103
20260129095800,238.360,238.360,237.360,238.210,33
20260129095900,238.240,238.360,237.270,237.540,41
20260129100000,237.270,237.490,236.770,237.490,25
20260129100100,237.510,237.550,237.510,237.540,43
20260129100200,237.560,238.140,237.560,237.610,46
20260129100300,238.090,238.130,238.050,238.130,26
20260129100400,238.180,238.180,238.160,238.170,22
20260129100500,237.810,238.180,237.800,238.170,16
20260129100600,238.220,238.230,237.810,238.230,15
20260129100700,237.810,238.500,237.810,238.400,87
20260129100800,238.050,238.500,238.050,238.500,36
20260129100900,238.500,238.550,238.500,238.550,13
20260129101000,238.550,238.550,238.520,238.520,24
20260129101100,238.510,238.510,237.150,237.330,129
20260129101200,237.700,237.700,237.040,237.690,21
20260129101300,237.690,237.760,237.640,237.760,30
20260129101400,237.750,237.800,237.710,237.800,15
20260129101500,237.300,237.790,237.300,237.790,15
20260129101600,237.120,237.120,236.380,237.030,48
20260129101700,236.530,236.530,236.530,236.530,2
20260129101800,236.520,237.020,236.520,236.700,49
20260129101900,237.000,237.010,236.520,236.910,25
20260129102000,236.450,236.450,236.000,236.340,88
20260129102100,236.010,236.340,236.010,236.340,4
20260129102200,236.330,236.900,236.330,236.900,29
20260129102300,236.900,237.000,236.900,236.990,12
20260129102400,237.000,237.660,237.000,237.660,53
20260129102500,237.630,237.630,237.630,237.630,2
20260129102600,237.630,237.630,236.740,236.740,26
20260129102700,236.750,237.320,236.720,236.720,31
20260129102800,237.180,237.180,236.640,236.640,6
20260129102900,236.630,236.630,235.700,235.930,80
20260129103000,236.310,236.310,236.000,236.010,9
20260129103100,236.310,236.310,236.310,236.310,4
20260129103200,236.300,236.300,235.950,235.950,12
20260129103300,235.950,236.310,235.950,236.310,7
20260129103400,236.310,236.350,236.020,236.350,9
20260129103500,236.340,236.340,236.100,236.100,11
20260129103600,236.400,236.440,236.350,236.350,27
20260129103700,236.120,236.120,236.110,236.110,8
20260129103800,235.800,235.900,234.510,234.510,257
20260129103900,234.500,235.100,234.250,235.100,30
20260129104000,235.130,235.130,234.650,234.650,11
20260129104100,234.650,235.270,234.650,234.680,19
20260129104200,234.620,234.620,234.430,234.430,139
20260129104300,234.250,234.250,233.500,233.970,131
20260129104400,233.920,234.000,233.550,233.800,47
20260129104500,234.000,234.350,233.990,233.990,105
20260129104600,234.000,234.880,234.000,234.500,90
20260129104700,234.500,234.750,234.000,234.280,98
20260129104800,234.730,234.880,234.020,234.410,81
20260129104900,234.560,234.590,234.290,234.290,31
20260129105000,234.490,234.490,234.120,234.400,54
20260129105100,234.010,234.400,234.010,234.170,10
20260129105200,234.400,234.490,234.400,234.490,14
20260129105300,234.540,234.540,234.240,234.240,7
20260129105400,234.540,234.930,234.540,234.930,12
20260129105500,234.930,235.550,234.880,235.550,29
20260129105600,235.550,235.590,235.360,235.590,25
20260129105700,235.590,235.590,235.590,235.590,0
20260129105800,235.310,235.480,235.160,235.160,8
20260129105900,235.170,235.170,235.090,235.100,10
20260129110000,235.360,235.360,233.730,233.890,508
20260129110100,233.680,233.790,233.660,233.790,16
20260129110200,233.660,234.000,233.660,233.870,38
20260129110300,234.220,234.440,233.810,233.810,20
20260129110400,234.310,234.310,233.830,233.860,22
20260129110500,234.200,234.200,234.190,234.190,8
20260129110600,233.970,233.990,233.700,233.930,49
20260129110700,233.930,233.930,233.390,233.860,289
20260129110800,233.830,233.830,233.390,233.770,27
20260129110900,233.770,233.780,233.770,233.780,17
20260129111000,233.770,233.990,233.770,233.990,26
20260129111100,234.150,234.180,233.700,233.700,28
20260129111200,233.800,234.120,233.790,234.120,17
20260129111300,234.280,234.390,234.280,234.390,30
20260129111400,234.280,234.350,234.270,234.270,14
20260129111500,234.350,234.350,234.330,234.330,12
20260129111600,234.330,234.330,234.330,234.330,14
20260129111700,234.330,234.330,233.550,233.550,61
20260129111800,233.570,233.730,233.570,233.730,17
20260129111900,233.730,233.790,233.730,233.790,9
20260129112000,233.800,233.800,233.010,233.030,138
20260129112100,233.320,233.320,233.000,233.100,99
20260129112200,233.000,233.090,233.000,233.090,30
20260129112300,233.160,233.160,232.660,232.920,78
20260129112400,232.870,234.000,232.870,233.250,128
20260129112500,233.630,233.630,233.000,233.000,14
20260129112600,233.490,233.490,232.960,233.270,37
20260129112700,233.260,233.260,233.260,233.260,6
20260129112800,232.930,233.220,232.920,232.940,12
20260129112900,233.230,233.240,233.230,233.240,7
20260129113000,233.230,233.410,233.230,233.410,11
20260129130100,233.640,234.330,233.640,233.780,23
20260129130200,234.320,234.330,233.890,234.330,36
20260129130300,234.330,234.330,233.700,233.700,27
20260129130400,234.230,234.230,233.670,233.760,19
20260129130500,233.790,233.790,233.410,233.410,46
20260129130600,233.410,233.700,233.410,233.700,25
20260129130700,233.700,233.770,233.230,233.230,98
20260129130800,233.230,233.680,233.100,233.680,12
20260129130900,233.680,234.040,233.680,234.040,48
20260129131000,234.040,234.070,234.040,234.070,33
20260129131100,234.070,234.140,234.070,234.140,5
20260129131200,234.140,234.200,233.900,234.200,25
20260129131300,234.250,234.290,233.950,233.950,12
20260129131400,234.260,234.260,234.000,234.060,13
20260129131500,234.060,234.060,234.060,234.060,11
20260129131600,234.060,234.060,233.810,233.810,12
20260129131700,233.800,234.100,233.800,233.800,8
20260129131800,234.100,234.170,234.100,234.170,11
20260129131900,234.170,234.170,233.890,233.890,4
20260129132000,234.130,234.220,233.890,234.170,34
20260129132100,234.230,234.300,233.860,234.300,13
20260129132200,234.300,234.690,234.300,234.380,30
20260129132300,234.630,234.630,234.630,234.630,5
20260129132400,234.630,234.630,234.050,234.300,30
20260129132500,234.000,234.000,233.750,233.940,24
20260129132600,233.990,233.990,233.630,233.630,19
20260129132700,233.710,233.960,233.710,233.960,18
20260129132800,233.970,233.970,233.600,233.630,28
20260129132900,233.630,233.680,233.440,233.440,54
20260129133000,233.440,233.440,233.010,233.010,41
20260129133100,233.420,233.500,233.020,233.500,11
20260129133200,233.500,233.500,233.040,233.070,15
20260129133300,233.390,233.480,233.390,233.480,6
20260129133400,233.500,233.600,233.470,233.600,29
20260129133500,233.550,233.740,233.000,233.190,133
20260129133600,233.000,233.310,232.990,233.000,504
20260129133700,233.000,233.560,233.000,233.330,29
20260129133800,233.520,233.520,233.330,233.330,5
20260129133900,233.320,233.320,233.230,233.230,5
20260129134000,233.120,233.340,233.120,233.330,37
20260129134100,233.340,233.460,233.340,233.460,14
20260129134200,233.450,233.640,233.170,233.640,56
20260129134300,233.640,233.640,233.240,233.250,9
20260129134400,233.490,233.600,233.490,233.600,16
20260129134500,233.600,233.710,233.320,233.710,27
20260129134600,233.790,233.790,233.250,233.250,46
20260129134700,233.250,233.250,233.250,233.250,14
20260129134800,233.540,233.610,233.250,233.610,48
20260129134900,233.260,233.480,233.100,233.200,70
20260129135000,233.200,233.200,233.010,233.200,26
20260129135100,233.250,233.250,233.010,233.010,21
20260129135200,233.010,233.050,233.000,233.050,22
20260129135300,233.000,233.000,232.700,232.700,141
20260129135400,232.700,232.800,232.560,232.800,55
20260129135500,232.790,232.990,232.560,232.980,38
20260129135600,232.600,233.160,232.560,232.560,69
20260129135700,232.560,233.050,232.560,232.560,37
20260129135800,232.560,232.580,232.560,232.580,17
20260129135900,232.990,232.990,232.570,232.580,17
20260129140000,232.580,232.980,232.580,232.590,22
20260129140100,232.580,232.970,232.580,232.970,12
20260129140200,232.700,233.160,232.610,233.160,27
20260129140300,232.980,233.250,232.740,233.250,48
20260129140400,233.250,233.250,233.250,233.250,0
20260129140500,233.360,233.370,232.870,233.360,17
20260129140600,233.720,233.720,233.620,233.620,40
20260129140700,233.620,233.620,233.620,233.620,30
20260129140800,233.620,234.040,233.620,234.040,19
20260129140900,234.110,234.170,233.630,234.170,28
20260129141000,234.170,234.200,234.110,234.110,16
20260129141100,234.340,234.340,234.000,234.000,8
20260129141200,233.990,234.000,233.550,233.700,22
20260129141300,233.780,234.040,233.380,233.380,151
20260129141400,234.000,234.000,233.860,233.930,28
20260129141500,233.920,233.930,233.890,233.890,22
20260129141600,233.550,233.990,233.550,233.990,20
20260129141700,234.150,234.400,234.150,234.330,34
20260129141800,234.330,235.190,234.330,235.040,38
20260129141900,235.040,235.040,234.960,234.960,21
20260129142000,234.840,235.000,234.810,234.810,28
20260129142100,234.980,235.480,234.980,235.480,29
20260129142200,235.470,235.800,235.350,235.350,28
20260129142300,235.760,235.760,235.370,235.410,14
20260129142400,235.400,235.610,235.100,235.590,55
20260129142500,235.170,235.210,234.980,234.980,40
20260129142600,234.950,235.480,234.950,235.270,16
20260129142700,235.480,235.650,235.310,235.310,44
20260129142800,235.260,235.390,235.260,235.320,24
20260129142900,235.320,235.320,235.200,235.200,14
20260129143000,235.070,235.120,234.810,234.810,19
20260129143100,235.060,235.650,235.060,235.260,74
20260129143200,235.270,235.650,235.270,235.340,54
20260129143300,235.340,235.600,235.300,235.340,81
20260129143400,235.340,235.560,235.340,235.360,26
20260129143500,235.390,235.620,235.390,235.390,22
20260129143600,235.370,235.560,235.340,235.560,43
20260129143700,235.370,235.400,235.060,235.070,53
20260129143800,235.070,235.330,235.060,235.070,32
20260129143900,235.070,235.290,235.070,235.080,25
20260129144000,235.280,235.290,235.070,235.220,17
20260129144100,235.070,235.320,234.820,234.820,79
20260129144200,234.960,235.060,234.460,234.600,81
20260129144300,234.460,234.600,234.460,234.580,31
20260129144400,234.560,234.630,234.530,234.530,13
20260129144500,234.640,234.690,234.320,234.330,81
20260129144600,234.170,234.630,234.170,234.330,84
20260129144700,234.180,234.430,234.180,234.430,8
20260129144800,234.210,234.560,234.080,234.080,22
20260129144900,234.110,234.110,233.610,233.610,70
20260129145000,233.920,233.920,233.620,233.620,52
20260129145100,234.100,234.440,233.830,234.400,40
20260129145200,233.830,234.390,233.830,234.380,63
20260129145300,234.380,234.400,234.030,234.300,47
20260129145400,234.300,234.440,233.900,233.920,104
20260129145500,234.290,234.300,233.940,234.300,34
20260129145600,234.050,234.880,233.880,234.230,89
20260129145700,234.000,234.060,232.320,233.120,476
20260129145800,233.120,233.120,233.120,233.120,0
20260129145900,233.120,233.120,233.120,233.120,0
20260129150000,233.000,233.000,233.000,233.000,114
20260130093000,236.780,236.780,236.780,236.780,42
20260130093100,236.440,236.440,234.560,234.590,137
20260130093200,234.520,234.840,233.880,234.380,118
20260130093300,234.080,234.080,233.080,233.580,88
20260130093400,233.570,233.920,233.080,233.180,25
20260130093500,233.220,233.330,233.000,233.000,89
20260130093600,233.330,233.410,232.500,232.970,83
20260130093700,233.190,233.650,233.180,233.650,35
20260130093800,234.080,234.210,233.200,233.890,171
20260130093900,233.400,233.690,233.010,233.010,91
20260130094000,233.010,234.340,233.010,234.300,138
20260130094100,233.980,234.300,233.600,234.300,49
20260130094200,234.540,234.600,234.040,234.100,33
20260130094300,234.520,234.520,233.330,233.880,157
20260130094400,234.220,234.220,233.580,233.580,28
20260130094500,233.370,233.560,233.320,233.400,37
20260130094600,233.400,233.540,233.140,233.540,40
20260130094700,233.390,233.910,233.150,233.150,39
20260130094800,233.140,233.380,233.010,233.040,31
20260130094900,233.020,233.350,232.580,232.580,19
20260130095000,232.970,232.970,232.120,232.480,98
20260130095100,232.980,232.980,231.580,231.660,99
20260130095200,231.690,232.360,231.690,232.200,57
20260130095300,232.280,232.660,232.280,232.660,48
20260130095400,232.300,232.630,232.200,232.200,48
20260130095500,232.130,232.200,232.000,232.060,50
20260130095600,232.060,232.700,231.900,232.700,69
20260130095700,232.430,232.490,232.430,232.490,4
20260130095800,232.430,232.470,232.100,232.470,18
20260130095900,232.480,232.760,232.000,232.010,39
20260130100000,232.000,232.000,231.520,231.530,47
20260130100100,231.780,231.790,231.540,231.740,84
20260130100200,231.750,231.750,231.260,231.520,69
20260130100300,231.260,232.000,231.260,232.000,120
20260130100400,232.450,232.900,232.170,232.900,12
20260130100500,232.950,233.760,232.910,232.970,48
20260130100600,232.660,232.970,232.600,232.610,76
20260130100700,232.960,233.380,232.960,233.380,8
20260130100800,233.480,233.490,233.030,233.490,6
20260130100900,233.490,233.500,232.790,232.910,31
20260130101000,233.400,233.780,232.980,233.780,97
20260130101100,233.810,234.000,233.260,233.960,39
20260130101200,233.970,233.970,233.440,233.440,5
20260130101300,233.430,233.720,233.330,233.330,32
20260130101400,235.490,236.780,235.050,236.780,682
20260130101500,236.510,236.780,236.000,236.000,41
20260130101600,235.810,236.000,235.810,235.990,48
20260130101700,235.990,235.990,235.500,235.690,74
20260130101800,235.840,235.990,235.500,235.950,45
20260130101900,235.860,235.860,235.770,235.840,14
20260130102000,235.820,235.820,235.580,235.580,9
20260130102100,235.810,235.860,235.520,235.740,41
20260130102200,235.740,235.740,235.460,235.510,30
20260130102300,235.400,235.630,235.080,235.400,128
20260130102400,235.390,235.950,235.170,235.950,51
20260130102500,235.920,235.920,235.000,235.000,58
20260130102600,235.200,235.310,234.830,235.310,31
20260130102700,235.310,235.600,235.170,235.540,34
20260130102800,235.580,235.800,235.580,235.800,10
20260130102900,235.800,235.810,235.530,235.810,39
20260130103000,235.610,235.610,235.250,235.250,61
20260130103100,235.200,235.470,234.690,235.470,35
20260130103200,235.800,235.890,235.240,235.350,37
20260130103300,235.070,235.720,234.690,234.690,56
20260130103400,234.960,234.980,234.170,234.360,55
20260130103500,234.380,234.400,233.490,233.490,89
20260130103600,233.980,234.810,233.650,234.200,70
20260130103700,234.760,235.330,234.340,235.330,66
20260130103800,235.260,235.260,234.630,234.690,17
20260130103900,235.180,235.340,234.750,235.340,24
20260130104000,234.770,235.430,234.770,235.430,34
20260130104100,235.110,235.580,235.040,235.580,16
20260130104200,235.110,235.650,235.110,235.130,24
20260130104300,235.130,235.150,234.520,234.520,129
20260130104400,234.550,234.730,234.520,234.670,17
20260130104500,234.550,234.550,234.000,234.020,59
20260130104600,234.020,234.450,234.020,234.450,45
20260130104700,234.380,234.380,233.500,233.860,32
20260130104800,233.510,234.110,233.510,233.520,15
20260130104900,233.540,233.540,233.300,233.300,39
20260130105000,233.300,234.010,233.300,233.960,24
20260130105100,233.980,233.980,233.510,233.510,24
20260130105200,233.620,233.620,233.220,233.220,6
20260130105300,233.900,233.900,233.830,233.830,8
20260130105400,233.490,233.490,232.750,232.750,62
20260130105500,232.760,232.760,232.680,232.680,18
20260130105600,232.660,232.660,232.650,232.650,6
20260130105700,232.610,232.890,232.550,232.890,39
20260130105800,232.880,232.880,232.680,232.680,8
20260130105900,232.680,232.890,232.620,232.890,24
20260130110000,232.890,232.890,232.620,232.620,11
20260130110100,232.890,233.220,232.730,233.220,27
20260130110200,233.220,233.500,233.100,233.390,46
20260130110300,233.520,233.690,233.520,233.670,14
20260130110400,233.390,233.650,233.250,233.250,6
20260130110500,233.250,233.260,233.000,233.000,20
20260130110600,232.910,233.170,232.900,233.170,5
20260130110700,232.850,233.350,232.850,233.350,18
20260130110800,233.360,233.870,233.020,233.420,51
20260130110900,233.700,233.820,233.160,233.820,11
20260130111000,233.810,233.810,233.730,233.730,6
20260130111100,233.730,233.790,233.730,233.790,6
20260130111200,233.790,233.790,233.170,233.740,11
20260130111300,233.750,233.810,233.750,233.810,14
20260130111400,233.810,233.820,233.410,233.820,29
20260130111500,233.820,233.820,233.820,233.820,8
20260130111600,233.870,233.880,233.340,233.840,31
20260130111700,233.850,233.850,233.850,233.850,3
20260130111800,233.750,233.800,233.150,233.240,75
20260130111900,233.150,233.240,232.700,232.700,53
20260130112000,232.700,233.260,232.700,232.890,24
20260130112100,232.890,233.730,232.890,233.730,53
20260130112200,233.800,233.800,233.280,233.280,24
20260130112300,233.740,233.740,233.730,233.730,5
20260130112400,233.720,233.910,233.300,233.910,44
20260130112500,233.900,234.290,233.900,234.190,41
20260130112600,234.180,234.180,233.800,233.920,36
20260130112700,233.890,233.890,233.700,233.890,28
20260130112800,233.700,234.000,233.700,234.000,22
20260130112900,234.180,234.260,233.700,233.700,49
20260130113000,233.600,233.630,233.600,233.630,6
20260130130100,234.320,235.000,234.260,234.620,312
20260130130200,233.960,234.600,233.960,234.530,9
20260130130300,234.500,234.580,234.280,234.570,26
20260130130400,234.600,234.600,234.440,234.440,6
20260130130500,234.100,234.600,234.100,234.600,13
20260130130600,234.600,234.630,234.100,234.630,20
20260130130700,234.630,234.630,234.630,234.630,0
20260130130800,234.640,234.640,234.060,234.540,45
20260130130900,234.530,234.640,234.530,234.640,12
20260130131000,234.640,234.640,234.640,234.640,0
20260130131100,234.110,235.540,234.110,235.540,114
20260130131200,235.000,235.350,234.700,235.350,20
20260130131300,235.350,235.350,235.330,235.330,8
20260130131400,235.340,235.350,234.870,234.870,46
20260130131500,234.870,234.870,234.870,234.870,0
20260130131600,235.330,235.330,235.300,235.300,5
20260130131700,235.330,235.340,235.330,235.340,12
20260130131800,235.350,235.350,234.810,234.810,16
20260130131900,235.340,235.340,234.140,234.700,87
20260130132000,234.720,234.730,234.630,234.630,10
20260130132100,234.670,234.670,234.180,234.230,14
20260130132200,234.600,234.610,234.300,234.610,10
20260130132300,234.300,234.610,234.300,234.610,29
20260130132400,234.220,234.220,234.170,234.170,14
20260130132500,234.200,234.640,234.200,234.640,7
20260130132600,234.200,234.200,234.170,234.170,14
20260130132700,234.170,234.580,234.010,234.010,58
20260130132800,233.700,233.700,233.700,233.700,4
20260130132900,233.700,233.970,233.420,233.430,187
20260130133000,233.830,233.860,233.430,233.430,12
20260130133100,233.450,233.450,233.450,233.450,1
20260130133200,233.860,233.900,233.470,233.900,8
20260130133300,233.460,233.460,233.430,233.450,25
20260130133400,233.430,233.850,233.430,233.850,20
20260130133500,233.850,233.850,233.410,233.850,11
20260130133600,233.850,234.390,233.850,234.320,145
20260130133700,234.320,234.580,234.150,234.580,19
20260130133800,234.640,235.200,234.580,235.200,33
20260130133900,235.280,235.350,234.850,235.350,29
20260130134000,235.300,235.300,234.840,234.840,6
20260130134100,234.740,235.320,234.740,235.260,16
20260130134200,234.600,234.620,234.600,234.620,4
20260130134300,234.610,235.200,234.610,235.200,13
20260130134400,235.200,235.200,234.640,235.190,15
20260130134500,235.180,235.200,234.650,234.670,43
20260130134600,234.670,234.670,233.940,233.940,85
20260130134700,233.940,234.420,233.940,233.980,10
20260130134800,234.410,234.410,233.940,234.390,10
20260130134900,234.300,234.300,233.930,233.930,6
20260130135000,233.920,234.390,233.920,234.390,10
20260130135100,234.480,234.640,234.400,234.400,60
20260130135200,234.090,234.500,234.090,234.500,18
20260130135300,234.440,234.440,234.070,234.350,13
20260130135400,234.150,235.000,234.150,234.870,12
20260130135500,234.870,235.100,234.280,234.280,44
20260130135600,234.360,234.360,234.120,234.360,32
20260130135700,234.360,234.650,234.360,234.620,11
20260130135800,235.050,235.050,234.340,235.020,12
20260130135900,235.010,235.010,234.440,234.990,18
20260130140000,234.470,234.880,234.470,234.480,14
20260130140100,234.670,234.960,234.420,234.420,57
20260130140200,234.950,234.950,234.890,234.940,31
20260130140300,234.920,234.920,234.430,234.920,11
20260130140400,234.910,234.910,234.460,234.460,10
20260130140500,234.420,234.910,234.420,234.910,24
20260130140600,234.900,234.900,234.400,234.640,17
20260130140700,234.640,234.900,234.580,234.580,34
20260130140800,234.880,234.890,234.880,234.890,22
20260130140900,234.890,234.900,234.890,234.900,57
20260130141000,234.900,234.900,234.620,234.880,45
20260130141100,234.530,234.530,234.520,234.520,24
20260130141200,234.860,234.860,234.470,234.470,10
20260130141300,234.790,234.790,234.790,234.790,2
20260130141400,234.810,234.810,234.490,234.640,17
20260130141500,234.770,234.790,234.520,234.520,13
20260130141600,234.510,234.510,234.430,234.430,43
20260130141700,234.790,234.790,234.430,234.430,6
20260130141800,234.440,234.790,234.440,234.580,49
20260130141900,234.550,234.740,234.000,234.000,51
20260130142000,234.310,234.620,234.310,234.620,5
20260130142100,234.310,234.610,234.000,234.370,24
20260130142200,234.000,234.370,234.000,234.370,12
20260130142300,234.370,234.530,234.300,234.440,18
20260130142400,234.000,234.270,233.900,234.270,30
20260130142500,234.240,234.240,234.240,234.240,7
20260130142600,233.670,234.240,233.670,234.240,10
20260130142700,234.230,234.310,234.230,234.310,17
20260130142800,234.840,234.840,233.910,234.630,50
20260130142900,234.360,234.740,233.800,233.800,87
20260130143000,234.490,234.530,233.870,234.500,19
20260130143100,234.390,234.480,233.910,234.480,10
20260130143200,234.570,234.570,234.050,234.050,22
20260130143300,234.050,234.050,234.050,234.050,2
20260130143400,234.470,234.470,234.470,234.470,13
20260130143500,234.470,234.470,234.470,234.470,23
20260130143600,234.470,234.470,234.200,234.470,32
20260130143700,234.470,234.470,234.150,234.170,21
20260130143800,234.190,234.470,234.190,234.210,21
20260130143900,234.220,234.390,234.140,234.390,57
20260130144000,234.150,234.150,233.940,233.940,23
20260130144100,233.860,233.860,233.860,233.860,10
20260130144200,233.920,233.920,233.910,233.920,32
20260130144300,233.910,234.210,233.900,234.140,32
20260130144400,233.900,234.220,233.790,233.790,94
20260130144500,233.790,233.790,233.430,233.510,55
20260130144600,233.500,233.970,233.500,233.580,36
20260130144700,233.570,233.570,233.500,233.570,32
20260130144800,233.580,234.150,233.580,233.680,13
20260130144900,234.370,234.370,233.870,233.870,12
20260130145000,234.370,234.370,233.870,234.300,32
20260130145100,234.290,234.300,233.350,233.400,141
20260130145200,233.400,233.450,233.230,233.230,15
20260130145300,233.230,233.420,233.010,233.130,36
20260130145400,233.090,233.450,233.050,233.450,28
20260130145500,233.460,233.460,233.010,233.150,42
20260130145600,233.040,233.150,232.930,232.930,36
20260130145700,232.860,232.980,232.370,232.470,98
20260130145800,232.470,232.470,232.470,232.470,0
20260130145900,232.470,232.470,232.470,232.470,0
20260130150000,232.000,232.000,232.000,232.000,186
20260202093000,232.000,232.000,232.000,232.000,9
20260202093100,232.000,232.800,232.000,232.290,105
20260202093200,232.110,232.110,230.210,230.210,218
20260202093300,230.010,230.010,228.320,228.380,236
20260202093400,228.380,229.580,228.380,229.570,84
20260202093500,229.560,230.300,229.560,230.300,143
20260202093600,230.310,231.750,230.310,231.660,53
20260202093700,232.280,233.540,231.760,233.520,137
20260202093800,233.060,233.570,233.060,233.460,71
20260202093900,233.200,233.200,231.720,231.720,59
20260202094000,232.260,234.510,232.260,234.390,221
20260202094100,234.390,234.450,233.950,234.130,65
20260202094200,233.960,234.130,233.070,233.530,80
20260202094300,233.050,233.580,232.360,233.580,182
20260202094400,233.580,233.990,233.140,233.450,56
20260202094500,233.430,233.990,233.320,233.530,75
20260202094600,233.910,234.190,233.380,233.830,103
20260202094700,234.080,234.080,232.780,232.780,49
20260202094800,232.660,233.420,232.660,233.290,126
20260202094900,232.710,232.710,232.150,232.160,78
20260202095000,232.160,232.510,231.200,231.910,78
20260202095100,231.680,232.470,231.650,232.220,52
20260202095200,232.220,232.530,232.040,232.090,29
20260202095300,232.080,232.900,232.080,232.140,40
20260202095400,232.140,234.580,232.080,234.580,464
20260202095500,234.900,235.000,234.420,234.880,107
20260202095600,234.800,234.850,234.230,234.850,124
20260202095700,234.890,235.600,234.680,235.290,127
20260202095800,234.680,234.680,233.800,233.800,82
20260202095900,233.350,234.180,233.350,234.180,42
20260202100000,234.860,235.980,234.540,234.540,404
20260202100100,234.430,235.280,234.430,235.280,50
20260202100200,235.430,235.800,235.420,235.670,76
20260202100300,235.420,235.430,235.090,235.090,43
20260202100400,235.010,235.010,234.070,234.640,63
20260202100500,234.650,235.060,234.200,234.200,52
20260202100600,234.200,234.980,234.200,234.480,32
20260202100700,234.980,235.090,234.200,234.200,72
20260202100800,234.210,234.400,234.130,234.130,56
20260202100900,234.260,234.290,234.260,234.290,43
20260202101000,234.270,234.270,232.960,232.960,82
20260202101100,233.250,233.590,232.800,233.590,39
20260202101200,233.480,233.480,233.470,233.480,18
20260202101300,233.950,233.950,232.950,232.950,45
20260202101400,232.910,233.270,232.700,232.700,48
20260202101500,232.700,233.160,232.590,232.650,122
20260202101600,232.670,232.670,232.290,232.670,102
20260202101700,232.710,232.710,232.300,232.620,81
20260202101800,232.330,232.670,232.220,232.220,64
20260202101900,232.540,233.070,232.490,233.020,53
20260202102000,232.600,232.990,232.570,232.570,13
20260202102100,232.980,233.000,232.410,232.430,99
20260202102200,232.830,232.830,232.260,232.380,32
20260202102300,232.260,232.260,232.200,232.200,34
20260202102400,232.200,232.530,232.130,232.130,28
20260202102500,232.560,232.560,232.560,232.560,11
20260202102600,232.570,232.910,232.460,232.910,23
20260202102700,232.900,232.910,232.300,232.300,18
20260202102800,232.300,232.310,232.190,232.190,17
20260202102900,232.180,232.370,231.130,232.090,142
20260202103000,231.200,231.950,231.200,231.900,62
20260202103100,231.940,232.330,231.520,231.520,67
20260202103200,231.310,231.910,231.020,231.460,95
20260202103300,231.000,231.350,230.490,231.270,101
20260202103400,230.510,231.260,230.510,231.120,31
20260202103500,230.900,231.560,230.900,231.150,17
20260202103600,231.630,231.700,231.180,231.680,30
20260202103700,231.180,231.540,231.000,231.190,44
20260202103800,231.510,231.910,231.180,231.810,39
20260202103900,231.800,231.800,231.000,231.000,23
20260202104000,231.000,231.680,231.000,231.680,19
20260202104100,231.580,231.600,231.030,231.090,26
20260202104200,231.080,232.020,231.080,231.670,42
20260202104300,231.580,232.010,231.050,231.780,31
20260202104400,231.660,231.660,231.070,231.660,14
20260202104500,231.160,231.750,231.160,231.750,33
20260202104600,231.230,231.780,231.050,231.100,55
20260202104700,231.050,232.840,231.050,232.340,153
20260202104800,232.340,232.660,232.300,232.300,16
20260202104900,232.640,232.670,232.640,232.670,8
20260202105000,232.300,232.680,232.200,232.680,17
20260202105100,232.300,232.300,231.790,231.790,25
20260202105200,232.220,232.300,231.790,232.300,22
20260202105300,232.470,232.470,232.470,232.470,5
20260202105400,232.440,232.440,231.790,231.790,6
20260202105500,232.390,232.390,231.140,231.170,26
20260202105600,231.660,231.660,231.140,231.140,30
20260202105700,231.050,231.300,231.050,231.050,18
20260202105800,231.250,231.290,231.180,231.180,19
20260202105900,231.180,231.270,230.720,231.000,149
20260202110000,231.000,231.440,230.920,230.960,67
20260202110100,230.970,231.250,230.550,231.020,49
20260202110200,230.550,230.970,230.500,230.500,63
20260202110300,230.680,230.900,230.330,230.340,46
20260202110400,230.340,230.820,230.330,230.820,44
20260202110500,230.820,230.820,230.260,230.650,33
20260202110600,230.250,230.620,230.200,230.200,62
20260202110700,230.220,230.690,230.200,230.660,26
20260202110800,230.190,230.650,230.160,230.160,24
20260202110900,230.060,230.600,230.060,230.070,22
20260202111000,230.030,230.040,230.030,230.040,10
20260202111100,230.070,230.840,230.070,230.250,28
20260202111200,230.260,230.840,230.250,230.740,28
20260202111300,230.770,230.770,230.220,230.220,7
20260202111400,230.890,230.890,230.350,230.810,12
20260202111500,230.920,231.330,230.220,230.400,79
20260202111600,230.400,230.950,230.400,230.620,47
20260202111700,230.550,231.100,230.550,230.930,51
20260202111800,231.120,231.120,230.930,231.000,17
20260202111900,230.990,231.100,230.900,231.050,35
20260202112000,231.060,231.060,230.450,231.060,27
20260202112100,231.020,231.090,230.470,230.990,12
20260202112200,230.990,231.120,230.450,230.450,23
20260202112300,230.510,230.510,230.510,230.510,4
20260202112400,231.030,231.030,230.530,230.530,8
20260202112500,230.900,231.300,230.450,231.270,47
20260202112600,230.710,231.300,230.700,230.700,12
20260202112700,230.700,230.700,230.700,230.700,3
20260202112800,230.700,231.140,230.620,230.620,23
20260202112900,230.620,231.060,230.610,230.610,19
20260202113000,230.610,231.170,230.110,231.110,45
20260202130100,231.110,231.110,230.100,230.730,63
20260202130200,230.620,230.620,230.620,230.620,4
20260202130300,230.540,230.590,230.190,230.190,20
20260202130400,230.190,230.720,230.190,230.720,21
20260202130500,230.720,230.720,230.690,230.690,10
20260202130600,230.730,231.170,230.730,231.170,22
20260202130700,231.120,231.120,230.510,230.940,22
20260202130800,230.940,230.940,230.550,230.910,13
20260202130900,230.540,230.880,230.340,230.340,31
20260202131000,230.340,230.710,230.340,230.710,8
20260202131100,230.340,230.400,230.340,230.350,12
20260202131200,230.340,230.600,230.090,230.600,59
20260202131300,230.570,230.570,230.080,230.080,4
20260202131400,230.570,230.570,230.570,230.570,7
20260202131500,230.570,230.570,230.570,230.570,0
20260202131600,230.510,230.570,230.200,230.540,10
20260202131700,230.180,230.920,230.180,230.760,26
20260202131800,230.670,230.670,230.670,230.670,2
20260202131900,230.570,230.890,230.320,230.890,73
20260202132000,230.300,230.300,230.100,230.260,23
20260202132100,230.230,230.230,230.110,230.110,4
20260202132200,230.240,230.750,230.060,230.060,54
20260202132300,230.060,230.580,230.060,230.120,8
20260202132400,230.130,230.580,230.000,230.000,118
20260202132500,230.020,230.400,230.020,230.270,10
20260202132600,230.300,230.370,230.000,230.200,49
20260202132700,230.280,230.310,230.060,230.300,15
20260202132800,230.250,230.250,230.070,230.230,11
20260202132900,230.070,230.210,229.800,229.800,90
20260202133000,230.210,230.210,230.070,230.070,14
20260202133100,229.800,230.360,229.800,230.360,28
20260202133200,230.370,230.370,229.810,229.880,20
20260202133300,230.000,230.000,230.000,230.000,11
20260202133400,229.900,229.910,229.900,229.910,6
20260202133500,229.910,229.940,229.660,229.660,32
20260202133600,229.660,229.660,229.500,229.600,39
20260202133700,229.770,229.800,229.630,229.800,6
20260202133800,229.520,229.730,229.110,229.190,45
20260202133900,229.060,229.080,228.620,228.620,115
20260202134000,228.780,229.120,228.620,228.620,43
20260202134100,228.650,229.000,228.620,228.990,22
20260202134200,228.980,228.980,228.860,228.860,19
20260202134300,228.800,228.850,228.760,228.770,24
20260202134400,228.830,228.830,228.510,228.530,93
20260202134500,228.520,228.520,228.280,228.300,74
20260202134600,228.300,228.350,228.220,228.220,51
20260202134700,228.230,228.300,228.060,228.300,48
20260202134800,228.060,228.060,227.000,227.010,345
20260202134900,227.180,227.800,227.180,227.580,51
20260202135000,227.140,227.490,227.140,227.140,39
20260202135100,227.100,227.420,227.100,227.420,36
20260202135200,227.420,227.420,227.100,227.220,41
20260202135300,227.110,227.190,227.060,227.060,40
20260202135400,227.060,227.060,226.570,226.600,163
20260202135500,226.800,227.620,226.800,226.950,36
20260202135600,226.950,227.000,226.770,227.000,85
20260202135700,226.970,226.990,226.770,226.770,59
20260202135800,226.770,227.460,226.650,227.460,90
20260202135900,227.460,227.610,227.100,227.470,40
20260202140000,227.600,228.200,227.590,227.600,159
20260202140100,227.610,228.240,227.610,228.240,30
20260202140200,228.280,228.300,228.030,228.300,44
20260202140300,228.770,228.770,228.030,228.370,62
20260202140400,228.370,228.390,228.130,228.390,24
20260202140500,228.650,228.650,228.370,228.370,13
20260202140600,228.370,228.710,228.190,228.570,27
20260202140700,228.060,228.500,228.060,228.490,36
20260202140800,228.490,228.490,228.140,228.410,12
20260202140900,228.100,228.100,227.610,227.610,28
20260202141000,227.890,228.080,227.890,228.080,15
20260202141100,228.410,228.410,228.100,228.270,13
20260202141200,227.930,228.270,227.930,227.930,15
20260202141300,228.240,228.240,227.910,227.910,8
20260202141400,227.830,227.830,227.620,227.830,12
20260202141500,227.800,227.800,227.500,227.560,53
20260202141600,227.590,227.830,227.560,227.830,19
20260202141700,227.720,227.720,227.290,227.290,6
20260202141800,227.290,227.590,227.190,227.190,27
20260202141900,227.190,227.570,227.150,227.160,24
20260202142000,227.150,227.160,227.040,227.050,45
20260202142100,227.070,227.540,227.050,227.080,48
20260202142200,227.070,227.430,227.070,227.090,6
20260202142300,227.100,227.370,227.090,227.320,26
20260202142400,227.320,227.320,227.320,227.320,0
20260202142500,227.220,227.370,227.090,227.090,45
20260202142600,227.270,227.270,227.030,227.030,22
20260202142700,227.020,227.050,226.590,227.050,71
20260202142800,226.970,227.530,226.970,227.280,17
20260202142900,227.180,227.180,226.880,226.880,31
20260202143000,226.700,226.750,226.600,226.630,82
20260202143100,226.620,226.850,226.610,226.610,30
20260202143200,226.620,226.880,226.610,226.880,17
20260202143300,226.620,227.180,226.370,226.430,109
20260202143400,226.420,226.880,226.420,226.770,31
20260202143500,226.770,226.770,226.500,226.500,48
20260202143600,226.790,226.870,226.580,226.580,35
20260202143700,226.530,226.700,226.530,226.550,27
20260202143800,226.560,226.560,226.100,226.100,92
20260202143900,226.100,226.310,226.050,226.310,36
20260202144000,226.150,226.400,226.150,226.310,41
20260202144100,226.390,226.400,226.300,226.400,11
20260202144200,226.450,226.670,226.170,226.170,54
20260202144300,226.110,226.250,226.100,226.200,52
20260202144400,226.160,226.480,226.050,226.050,63
20260202144500,226.050,226.050,225.050,225.050,230
20260202144600,225.100,225.400,225.010,225.360,51
20260202144700,225.360,225.870,225.210,225.800,301
20260202144800,225.770,225.770,225.390,225.390,10
20260202144900,225.390,225.390,225.100,225.100,64
20260202145000,225.130,225.130,224.450,224.550,235
20260202145100,224.500,224.690,224.030,224.400,131
20260202145200,224.400,224.530,224.060,224.250,63
20260202145300,224.090,224.490,224.060,224.110,155
20260202145400,224.040,224.430,224.020,224.390,75
20260202145500,224.440,224.470,224.080,224.400,69
20260202145600,224.410,225.290,224.290,225.280,63
20260202145700,224.790,225.250,224.740,224.740,55
20260202145800,224.740,224.740,224.740,224.740,0
20260202145900,224.740,224.740,224.740,224.740,0
20260202150000,224.400,224.400,224.400,224.400,107
20260203093000,224.680,224.680,224.680,224.680,14
20260203093100,224.680,226.520,224.170,225.570,183
20260203093200,226.880,227.000,226.180,226.990,109
20260203093300,227.000,227.300,226.000,226.490,141
20260203093400,226.450,226.450,225.610,225.990,74
20260203093500,225.570,226.670,225.520,226.080,102
20260203093600,225.890,226.800,225.000,225.770,231
20260203093700,226.100,226.100,225.490,225.490,51
20260203093800,225.140,225.350,223.480,223.480,76
20260203093900,224.210,224.730,223.610,224.730,84
20260203094000,224.740,224.800,224.440,224.440,28
20260203094100,224.220,224.670,223.760,224.240,94
20260203094200,224.700,225.170,224.540,224.850,53
20260203094300,224.820,225.140,224.350,225.140,113
20260203094400,225.080,225.100,224.730,225.080,52
20260203094500,225.720,226.420,225.720,226.370,168
20260203094600,225.630,226.470,225.490,226.150,237
20260203094700,226.330,226.450,225.920,226.430,41
20260203094800,225.920,226.490,225.920,226.470,57
20260203094900,226.290,226.490,225.920,226.020,49
20260203095000,226.000,226.100,225.580,225.580,34
20260203095100,225.890,225.890,225.380,225.540,35
20260203095200,225.540,225.800,225.110,225.800,7
20260203095300,225.790,226.360,225.790,226.240,7
20260203095400,226.010,226.030,226.010,226.030,6
20260203095500,226.180,226.490,226.180,226.470,31
20260203095600,226.470,226.490,226.210,226.210,36
20260203095700,226.210,226.210,225.820,225.820,9
20260203095800,226.200,226.220,226.200,226.220,9
20260203095900,226.200,226.220,226.190,226.220,12
20260203100000,226.220,226.410,226.010,226.410,36
20260203100100,226.410,226.480,226.230,226.230,28
20260203100200,226.210,226.480,226.200,226.480,21
20260203100300,226.480,226.480,226.480,226.480,0
20260203100400,226.480,226.480,225.760,225.970,41
20260203100500,225.980,225.980,225.980,225.980,2
20260203100600,225.990,225.990,225.530,225.750,24
20260203100700,225.150,225.280,225.150,225.150,12
20260203100800,225.240,225.350,224.970,224.970,75
20260203100900,225.000,225.630,225.000,225.600,57
20260203101000,225.440,225.480,225.430,225.480,8
20260203101100,225.460,225.460,225.400,225.400,12
20260203101200,225.390,226.070,225.390,226.070,60
20260203101300,225.710,225.710,225.440,225.440,9
20260203101400,225.310,225.660,225.310,225.660,11
20260203101500,225.660,225.710,225.380,225.380,70
20260203101600,225.140,225.140,225.110,225.120,43
20260203101700,224.830,225.000,224.790,225.000,18
20260203101800,225.320,225.500,224.950,225.310,21
20260203101900,224.890,225.360,224.890,225.360,5
20260203102000,225.400,225.800,225.360,225.690,27
20260203102100,225.690,226.110,225.690,225.690,42
20260203102200,225.990,226.000,225.470,225.470,28
20260203102300,225.980,225.980,225.430,225.430,9
20260203102400,225.430,225.900,225.360,225.900,30
20260203102500,225.400,225.920,225.400,225.510,7
20260203102600,225.410,225.600,225.050,225.440,35
20260203102700,225.550,225.560,225.000,225.450,36
20260203102800,225.440,225.440,225.440,225.440,2
20260203102900,225.430,225.430,225.050,225.050,57
20260203103000,225.050,225.440,224.890,225.440,38
20260203103100,224.980,224.980,224.980,224.980,5
20260203103200,224.980,225.320,224.900,224.900,10
20260203103300,225.310,225.320,225.310,225.320,4
20260203103400,225.310,225.310,224.900,224.970,15
20260203103500,224.980,225.570,224.980,225.570,48
20260203103600,225.050,225.570,225.050,225.210,27
20260203103700,225.570,225.570,225.220,225.220,31
20260203103800,225.500,225.800,225.440,225.440,38
20260203103900,225.790,225.800,225.790,225.800,11
20260203104000,225.450,225.970,225.450,225.890,25
20260203104100,225.900,225.900,225.860,225.860,4
20260203104200,225.450,225.450,225.000,225.000,57
20260203104300,225.320,225.420,225.010,225.420,36
20260203104400,224.830,225.390,224.830,225.390,6
20260203104500,224.970,225.140,224.970,225.000,13
20260203104600,224.940,224.950,224.030,224.030,49
20260203104700,224.050,224.540,224.030,224.060,28
20260203104800,224.350,224.530,224.350,224.500,13
20260203104900,224.570,225.000,224.530,224.880,34
20260203105000,224.920,224.990,224.540,224.540,43
20260203105100,224.960,224.960,224.560,224.560,21
20260203105200,224.540,224.540,224.260,224.540,21
20260203105300,224.740,224.740,224.740,224.740,7
20260203105400,224.890,225.140,224.890,225.140,16
20260203105500,225.160,225.440,225.160,225.400,23
20260203105600,225.400,225.780,225.400,225.400,11
20260203105700,225.410,225.410,224.700,224.820,59
20260203105800,224.800,225.070,224.620,225.070,52
20260203105900,225.070,225.300,225.070,225.300,3
20260203110000,225.550,225.550,225.550,225.550,4
20260203110100,225.090,225.490,225.090,225.490,13
20260203110200,225.220,225.550,225.210,225.550,39
20260203110300,225.330,225.520,225.320,225.520,10
20260203110400,225.230,225.230,225.000,225.000,19
20260203110500,225.200,225.550,225.050,225.050,16
20260203110600,225.290,225.290,225.290,225.290,2
20260203110700,225.580,225.690,225.580,225.690,8
20260203110800,225.700,225.700,225.350,225.680,14
20260203110900,225.660,225.660,225.660,225.660,2
20260203111000,225.310,225.310,225.310,225.310,2
20260203111100,225.600,225.650,225.600,225.650,10
20260203111200,225.650,225.650,225.650,225.650,2
20260203111300,225.310,225.660,225.310,225.560,10
20260203111400,225.690,225.700,225.670,225.670,14
20260203111500,225.670,225.690,225.520,225.690,12
20260203111600,225.690,225.710,225.490,225.490,18
20260203111700,225.480,225.680,225.480,225.680,9
20260203111800,225.710,225.710,225.710,225.710,2
20260203111900,225.820,226.030,225.820,226.030,49
20260203112000,226.110,226.110,226.100,226.110,13
20260203112100,226.200,226.400,226.120,226.120,20
20260203112200,226.390,226.480,226.140,226.480,17
20260203112300,226.150,226.150,226.120,226.120,15
20260203112400,226.440,226.440,226.350,226.350,49
20260203112500,226.160,226.470,226.160,226.420,18
20260203112600,226.020,226.020,226.020,226.020,8
20260203112700,226.380,226.380,226.380,226.380,4
20260203112800,226.000,226.200,225.900,226.200,45
20260203112900,226.300,226.490,226.000,226.000,43
20260203113000,226.010,226.480,226.010,226.470,24
20260203130100,226.020,227.000,226.010,227.000,74
20260203130200,226.990,226.990,226.570,226.950,27
20260203130300,226.960,226.990,226.730,226.990,17
20260203130400,226.990,227.280,226.990,227.280,79
20260203130500,227.110,227.110,226.760,226.760,25
20260203130600,226.690,226.690,226.690,226.690,4
20260203130700,226.710,226.930,226.710,226.930,13
20260203130800,226.950,226.950,226.950,226.950,2
20260203130900,226.520,226.920,226.520,226.900,14
20260203131000,226.940,226.940,226.550,226.550,34
20260203131100,226.550,226.550,226.550,226.550,8
20260203131200,226.880,226.880,226.290,226.290,16
20260203131300,226.290,226.290,226.290,226.290,0
20260203131400,226.290,226.290,226.280,226.280,5
20260203131500,226.430,226.430,226.000,226.000,5
20260203131600,226.420,226.420,226.420,226.420,4
20260203131700,226.420,226.500,226.420,226.500,16
20260203131800,226.430,226.440,226.430,226.440,4
20260203131900,226.490,226.530,226.490,226.530,10
20260203132000,226.520,226.540,226.520,226.540,9
20260203132100,226.510,226.520,226.330,226.330,9
20260203132200,226.330,226.820,226.330,226.820,41
20260203132300,226.820,226.960,226.820,226.960,22
20260203132400,226.680,226.950,226.680,226.950,4
20260203132500,226.660,226.910,226.660,226.900,13
20260203132600,226.820,226.820,226.820,226.820,2
20260203132700,226.820,226.820,226.520,226.520,28
20260203132800,226.800,226.800,226.800,226.800,2
20260203132900,226.570,226.570,226.570,226.570,2
20260203133000,226.560,226.820,226.560,226.710,20
20260203133100,226.570,226.800,226.570,226.800,13
20260203133200,226.570,226.770,226.570,226.770,22
20260203133300,226.770,226.770,226.770,226.770,3
20260203133400,226.520,226.890,226.510,226.530,53
20260203133500,226.530,226.530,226.530,226.530,0
20260203133600,226.530,226.530,226.530,226.530,0
20260203133700,226.910,227.010,226.910,227.010,91
20260203133800,227.010,227.280,227.010,227.280,31
20260203133900,227.280,227.500,227.270,227.270,55
20260203134000,227.010,227.270,227.010,227.270,20
20260203134100,227.260,227.270,227.260,227.270,9
20260203134200,227.080,227.260,227.060,227.260,31
20260203134300,227.260,227.260,227.070,227.240,12
20260203134400,227.050,228.000,227.050,227.990,207
20260203134500,227.990,228.180,227.710,228.180,43
20260203134600,228.240,228.240,227.700,228.000,18
20260203134700,227.700,227.990,227.700,227.990,29
20260203134800,227.900,227.900,227.900,227.900,2
20260203134900,227.880,227.900,227.430,227.430,26
20260203135000,227.440,227.840,227.440,227.840,6
20260203135100,227.750,227.750,227.430,227.750,19
20260203135200,227.740,227.740,227.740,227.740,2
20260203135300,227.350,227.740,227.180,227.180,19
20260203135400,227.720,227.720,227.260,227.260,26
20260203135500,227.700,227.710,227.260,227.710,21
20260203135600,227.710,227.710,227.710,227.710,0
20260203135700,227.750,227.800,227.450,227.450,10
20260203135800,227.790,228.070,227.470,228.070,25
20260203135900,228.070,228.070,227.630,227.630,9
20260203140000,227.630,228.030,227.630,228.030,30
20260203140100,227.640,228.010,227.640,227.650,25
20260203140200,227.860,227.910,227.860,227.910,4
20260203140300,227.560,227.560,227.370,227.370,25
20260203140400,227.270,227.670,227.270,227.460,14
20260203140500,227.590,227.590,227.280,227.280,10
20260203140600,227.740,227.740,227.080,227.210,14
20260203140700,227.760,227.830,227.080,227.440,78
20260203140800,227.750,227.750,227.740,227.740,16
20260203140900,227.750,227.750,227.750,227.750,4
20260203141000,227.750,227.750,227.750,227.750,3
20260203141100,227.750,228.000,227.750,227.990,44
20260203141200,228.000,228.100,227.750,228.080,65
20260203141300,228.080,228.490,227.840,227.840,60
20260203141400,228.380,228.380,228.100,228.360,17
20260203141500,228.360,228.380,227.840,228.360,26
20260203141600,227.850,228.320,227.850,228.290,18
20260203141700,228.270,228.310,227.880,228.310,25
20260203141800,228.330,228.330,228.310,228.320,12
20260203141900,228.330,228.330,227.800,227.800,75
20260203142000,228.000,228.380,228.000,228.380,37
20260203142100,228.380,228.460,227.980,228.460,42
20260203142200,228.000,228.430,228.000,228.400,40
20260203142300,228.380,228.420,227.980,228.420,18
20260203142400,227.970,228.360,227.890,228.340,10
20260203142500,228.340,228.340,227.810,228.210,18
20260203142600,228.220,228.290,227.770,227.770,7
20260203142700,228.000,228.250,227.660,228.000,31
20260203142800,227.990,228.000,227.670,227.960,9
20260203142900,227.950,227.980,227.950,227.950,26
20260203143000,227.630,227.950,227.630,227.950,5
20260203143100,227.900,227.950,227.670,227.930,20
20260203143200,227.930,227.930,227.390,227.920,69
20260203143300,227.680,227.920,227.590,227.590,20
20260203143400,227.500,227.830,227.500,227.770,36
20260203143500,227.740,227.950,227.500,227.950,58
20260203143600,228.330,228.330,227.740,228.080,24
20260203143700,228.170,228.180,227.680,227.680,12
20260203143800,227.660,228.130,227.600,227.800,21
20260203143900,227.800,228.080,227.790,227.790,28
20260203144000,227.670,228.120,227.670,228.100,69
20260203144100,227.660,228.100,227.460,227.460,140
20260203144200,227.690,227.690,227.450,227.450,4
20260203144300,227.450,227.480,227.450,227.480,32
20260203144400,227.880,227.880,227.550,227.550,5
20260203144500,227.520,228.000,227.520,227.640,9
20260203144600,228.030,228.100,227.580,227.580,30
20260203144700,227.720,228.040,227.720,228.030,16
20260203144800,227.570,228.090,227.570,228.010,12
20260203144900,227.640,228.010,227.640,227.990,14
20260203145000,227.670,228.070,227.570,227.960,26
20260203145100,227.640,227.940,227.640,227.640,65
20260203145200,227.440,227.600,227.350,227.350,25
20260203145300,227.410,227.900,227.410,227.900,10
20260203145400,227.460,228.000,227.460,227.490,83
20260203145500,227.480,227.680,227.480,227.480,22
20260203145600,227.950,227.950,227.350,227.430,28
20260203145700,227.790,227.790,227.430,227.780,35
20260203145800,227.780,227.780,227.780,227.780,0
20260203145900,227.780,227.780,227.780,227.780,0
20260203150000,227.000,227.000,227.000,227.000,127
20260204093000,227.900,227.900,227.900,227.900,7
20260204093100,227.000,227.980,227.000,227.890,75
20260204093200,227.270,227.840,227.000,227.840,86
20260204093300,227.240,227.240,226.330,226.480,65
20260204093400,226.480,226.480,226.010,226.430,50
20260204093500,227.020,227.680,226.530,227.680,50
20260204093600,227.690,227.690,226.990,227.660,54
20260204093700,226.970,226.970,226.430,226.490,74
20260204093800,226.530,226.530,226.030,226.030,47
20260204093900,226.380,226.450,225.300,225.760,81
20260204094000,225.540,226.110,224.860,225.050,125
20260204094100,224.610,225.690,224.600,225.350,94
20260204094200,225.350,225.760,225.320,225.720,150
20260204094300,226.050,226.090,225.640,226.090,37
20260204094400,226.380,226.380,226.040,226.360,8
20260204094500,226.360,226.360,225.880,226.060,23
20260204094600,226.330,226.330,225.970,225.970,35
20260204094700,226.290,226.710,226.140,226.690,66
20260204094800,226.310,226.670,226.290,226.500,41
20260204094900,226.760,226.770,226.500,226.500,10
20260204095000,226.500,226.500,226.440,226.440,7
20260204095100,226.460,226.800,226.410,226.800,52
20260204095200,226.730,227.190,226.730,227.190,19
20260204095300,227.190,227.190,227.020,227.120,8
20260204095400,227.120,227.130,227.020,227.120,23
20260204095500,227.190,227.190,227.020,227.020,10
20260204095600,227.010,227.190,226.660,226.660,38
20260204095700,226.630,226.890,226.430,226.820,60
20260204095800,226.810,226.810,226.770,226.770,9
20260204095900,226.480,226.740,226.480,226.740,7
20260204100000,226.480,226.740,226.380,226.380,31
20260204100100,226.450,226.450,226.200,226.200,11
20260204100200,226.450,226.450,226.450,226.450,6
20260204100300,226.440,226.440,226.410,226.410,10
20260204100400,226.300,226.300,226.170,226.300,28
20260204100500,226.310,226.450,226.280,226.280,25
20260204100600,226.210,226.210,226.010,226.010,18
20260204100700,226.200,226.370,226.200,226.280,38
20260204100800,226.380,226.380,226.380,226.380,2
20260204100900,226.380,226.400,226.380,226.400,9
20260204101000,226.390,226.410,226.230,226.230,17
20260204101100,226.230,226.470,226.230,226.240,36
20260204101200,226.240,226.240,225.910,225.910,78
20260204101300,225.860,226.030,225.770,226.030,23
20260204101400,226.030,226.030,226.000,226.000,11
20260204101500,225.930,226.040,225.760,226.020,12
20260204101600,226.010,226.010,225.800,225.800,9
20260204101700,226.020,226.100,225.720,225.720,81
20260204101800,225.720,226.040,225.720,226.040,5
20260204101900,225.740,226.030,225.740,226.030,4
20260204102000,225.740,226.040,225.640,225.840,18
20260204102100,225.830,226.030,225.670,225.670,11
20260204102200,226.020,226.060,225.700,225.720,16
20260204102300,226.060,226.200,225.710,226.060,13
20260204102400,226.180,226.180,225.710,226.120,11
20260204102500,226.170,226.170,226.140,226.160,18
20260204102600,226.200,226.200,225.840,225.840,15
20260204102700,225.840,226.300,225.840,226.210,75
20260204102800,226.250,226.250,226.250,226.250,8
20260204102900,226.250,226.250,226.250,226.250,0
20260204103000,226.180,226.180,225.650,225.650,112
20260204103100,225.650,225.670,225.500,225.670,20
20260204103200,225.670,225.910,225.630,225.630,15
20260204103300,225.300,225.460,225.170,225.460,117
20260204103400,225.320,225.430,225.320,225.320,13
20260204103500,225.320,225.450,225.300,225.450,34
20260204103600,225.450,225.450,225.310,225.310,13
20260204103700,225.310,225.430,225.300,225.320,21
20260204103800,225.440,225.440,225.320,225.440,24
20260204103900,225.320,225.450,225.320,225.450,13
20260204104000,225.450,225.480,225.320,225.320,70
20260204104100,225.360,225.360,225.140,225.170,81
20260204104200,225.170,225.170,224.970,224.970,76
20260204104300,224.990,225.270,224.990,225.270,28
20260204104400,225.270,225.310,225.240,225.260,25
20260204104500,225.570,225.570,225.370,225.370,4
20260204104600,225.370,225.370,224.690,225.210,48
20260204104700,225.210,225.220,224.970,225.140,16
20260204104800,225.220,225.220,225.220,225.220,4
20260204104900,225.220,225.250,224.890,224.890,26
20260204105000,224.850,225.210,224.690,224.690,40
20260204105100,224.690,225.030,224.680,224.680,10
20260204105200,224.840,224.870,224.680,224.870,14
20260204105300,224.880,224.880,224.670,224.840,16
20260204105400,224.810,225.000,224.810,225.000,25
20260204105500,225.200,225.360,225.030,225.030,12
20260204105600,225.020,225.020,224.970,224.970,21
20260204105700,224.970,224.980,224.970,224.970,36
20260204105800,224.950,224.950,224.840,224.840,35
20260204105900,224.740,224.740,224.740,224.740,2
20260204110000,224.700,224.700,224.600,224.600,34
20260204110100,224.620,224.660,224.500,224.660,13
20260204110200,224.670,224.690,224.670,224.690,12
20260204110300,224.950,224.950,224.690,224.690,8
20260204110400,224.690,224.880,224.690,224.690,20
20260204110500,224.680,224.680,224.550,224.670,34
20260204110600,224.670,224.670,224.670,224.670,0
20260204110700,224.830,224.830,224.830,224.830,2
20260204110800,224.960,224.960,224.700,224.700,19
20260204110900,224.710,224.940,224.710,224.940,5
20260204111000,224.720,224.920,224.700,224.700,16
20260204111100,224.700,224.700,224.700,224.700,0
20260204111200,224.930,224.930,224.910,224.910,6
20260204111300,224.900,224.900,224.900,224.900,4
20260204111400,224.900,224.900,224.900,224.900,2
20260204111500,224.720,224.900,224.700,224.700,28
20260204111600,224.550,224.690,224.270,224.380,50
20260204111700,224.370,224.370,224.300,224.320,18
20260204111800,224.660,224.670,224.420,224.670,14
20260204111900,224.660,224.660,224.400,224.400,12
20260204112000,224.600,224.600,224.420,224.590,12
20260204112100,224.870,224.920,224.610,224.610,32
20260204112200,224.870,224.870,224.610,224.610,8
20260204112300,224.610,224.870,224.500,224.750,18
20260204112400,224.920,224.920,224.920,224.920,3
20260204112500,224.930,225.180,224.920,224.930,28
20260204112600,224.930,224.930,224.930,224.930,2
20260204112700,224.920,224.920,224.540,224.550,17
20260204112800,224.540,224.850,224.540,224.850,4
20260204112900,224.540,224.550,224.540,224.550,8
20260204113000,224.560,224.790,224.480,224.480,26
20260204130100,224.540,224.970,224.470,224.970,72
20260204130200,224.970,225.280,224.580,225.280,29
20260204130300,225.310,225.580,224.970,225.040,16
20260204130400,225.550,225.660,225.480,225.480,31
20260204130500,225.280,225.760,225.250,225.250,23
20260204130600,225.250,225.280,225.250,225.280,9
20260204130700,225.590,226.000,225.470,226.000,25
20260204130800,225.510,225.510,225.510,225.510,2
20260204130900,225.510,225.510,225.480,225.480,15
20260204131000,225.300,225.560,225.230,225.560,18
20260204131100,225.900,225.900,225.190,225.190,8
20260204131200,225.190,225.190,225.190,225.190,0
20260204131300,225.200,225.200,225.200,225.200,2
20260204131400,225.510,225.510,225.190,225.490,12
20260204131500,225.190,225.450,225.070,225.070,31
20260204131600,225.360,225.360,225.360,225.360,2
20260204131700,225.070,225.070,225.000,225.000,8
20260204131800,225.190,225.220,225.000,225.190,23
20260204131900,225.070,225.070,225.070,225.070,4
20260204132000,225.080,225.380,225.080,225.380,6
20260204132100,225.380,225.380,225.310,225.310,8
20260204132200,225.280,225.360,225.280,225.290,19
20260204132300,225.120,225.430,225.120,225.430,8
20260204132400,225.290,225.290,225.290,225.290,2
20260204132500,225.620,225.630,225.620,225.630,4
20260204132600,225.650,225.650,225.650,225.650,2
20260204132700,225.650,225.700,225.650,225.700,23
20260204132800,225.700,225.700,225.700,225.700,0
20260204132900,225.670,225.780,225.670,225.670,12
20260204133000,225.780,225.820,225.480,225.480,18
20260204133100,225.480,225.930,225.480,225.680,16
20260204133200,225.690,226.100,225.690,225.790,12
20260204133300,226.080,226.080,225.690,225.690,8
20260204133400,225.700,225.700,225.690,225.690,3
20260204133500,225.990,226.030,225.700,225.700,14
20260204133600,225.690,227.670,225.690,227.670,497
20260204133700,227.710,229.180,227.710,228.860,339
20260204133800,228.870,228.870,228.420,228.720,37
20260204133900,228.420,228.720,228.420,228.690,53
20260204134000,228.470,228.760,228.100,228.200,66
20260204134100,228.690,228.870,228.260,228.870,81
20260204134200,228.330,228.760,228.260,228.710,78
20260204134300,228.660,229.700,228.660,228.730,232
20260204134400,229.230,229.230,228.750,228.780,31
20260204134500,228.730,228.780,228.690,228.780,22
20260204134600,228.780,229.180,228.650,229.180,49
20260204134700,228.770,229.120,228.770,229.120,8
20260204134800,228.770,229.170,228.730,229.000,31
20260204134900,228.730,228.730,228.700,228.700,13
20260204135000,228.510,228.680,228.460,228.470,37
20260204135100,228.470,228.700,228.420,228.700,26
20260204135200,228.980,229.070,228.500,229.070,40
20260204135300,229.020,229.060,228.300,228.300,82
20260204135400,228.300,228.350,227.430,228.040,71
20260204135500,228.030,228.040,227.530,227.980,27
20260204135600,228.040,228.040,228.040,228.040,21
20260204135700,228.110,228.630,228.110,228.110,34
20260204135800,228.610,228.720,228.250,228.710,37
20260204135900,228.240,228.670,228.210,228.670,11
20260204140000,228.660,228.680,228.260,228.670,19
20260204140100,228.270,228.690,228.270,228.690,6
20260204140200,228.270,228.690,228.230,228.690,40
20260204140300,228.700,228.700,228.470,228.470,23
20260204140400,228.440,228.700,228.380,228.380,21
20260204140500,228.370,228.550,228.310,228.310,12
20260204140600,228.580,228.610,228.220,228.220,13
20260204140700,228.700,229.680,228.620,229.520,484
20260204140800,229.710,230.000,229.680,229.990,97
20260204140900,230.000,230.000,229.230,229.230,239
20260204141000,229.540,229.540,228.880,229.390,38
20260204141100,229.390,229.400,229.390,229.400,31
20260204141200,229.710,229.720,229.370,229.670,61
20260204141300,229.680,229.780,229.660,229.780,238
20260204141400,229.990,230.000,229.670,229.670,129
20260204141500,229.990,230.600,229.800,230.400,109
20260204141600,229.930,230.510,229.930,230.500,54
20260204141700,230.510,230.580,230.050,230.420,82
20260204141800,230.400,230.970,230.400,230.970,86
20260204141900,230.970,230.970,230.700,230.950,21
20260204142000,230.970,230.990,230.680,230.990,67
20260204142100,230.990,231.030,230.690,231.030,61
20260204142200,230.990,230.990,230.390,230.390,53
20260204142300,230.380,230.740,230.380,230.730,25
20260204142400,230.060,230.870,230.060,230.850,116
20260204142500,230.630,231.000,230.630,230.720,68
20260204142600,230.320,230.510,230.320,230.510,6
20260204142700,230.540,230.940,230.300,230.300,63
20260204142800,230.290,230.750,230.290,230.720,39
20260204142900,230.330,230.730,230.270,230.270,45
20260204143000,230.270,230.860,230.270,230.410,95
20260204143100,230.900,230.900,230.380,230.380,111
20260204143200,230.330,230.670,230.150,230.670,107
20260204143300,230.670,230.950,230.650,230.950,100
20260204143400,230.900,231.000,230.710,230.910,88
20260204143500,230.880,231.480,230.880,231.480,89
20260204143600,231.320,231.650,231.080,231.280,112
20260204143700,231.280,231.500,231.090,231.290,111
20260204143800,231.280,231.500,231.070,231.300,109
20260204143900,231.600,231.600,231.240,231.480,111
20260204144000,231.500,231.510,230.900,230.920,226
20260204144100,230.630,231.110,230.630,231.090,34
20260204144200,231.180,231.180,231.080,231.090,151
20260204144300,231.110,231.880,231.110,231.880,121
20260204144400,231.880,231.960,231.450,231.580,118
20260204144500,231.760,232.370,231.710,232.060,191
20260204144600,232.060,232.480,232.030,232.030,166
20260204144700,232.170,232.490,232.090,232.490,166
20260204144800,232.470,232.470,231.900,231.900,104
20260204144900,232.060,232.060,231.440,231.990,66
20260204145000,231.990,232.060,231.700,232.060,91
20260204145100,232.000,232.000,231.660,232.000,96
20260204145200,231.660,231.990,231.550,231.650,47
20260204145300,231.760,231.990,231.660,231.720,65
20260204145400,231.720,231.980,231.440,231.890,62
20260204145500,231.460,231.650,231.460,231.650,41
20260204145600,231.650,231.670,231.440,231.640,31
20260204145700,231.640,231.860,231.030,231.080,187
20260204145800,231.680,231.680,231.680,231.680,2
20260204145900,231.680,231.680,231.680,231.680,0
20260204150000,231.120,231.120,231.120,231.120,81
20260205093000,231.120,231.120,231.120,231.120,39
20260205093100,230.030,232.930,230.000,232.890,133
20260205093200,232.960,233.000,232.160,232.990,178
20260205093300,233.120,233.200,231.340,231.340,123
20260205093400,231.930,231.930,230.040,231.030,170
20260205093500,230.990,231.190,230.490,230.800,123
20260205093600,230.570,230.570,229.520,230.400,56
20260205093700,230.130,230.680,230.100,230.680,21
20260205093800,230.680,231.060,230.420,231.040,68
20260205093900,230.860,230.870,230.000,230.000,86
20260205094000,230.000,230.500,230.000,230.170,27
20260205094100,230.170,230.170,229.700,229.700,21
20260205094200,229.800,229.800,229.540,229.540,24
20260205094300,229.610,229.610,229.610,229.610,17
20260205094400,229.980,229.980,229.540,229.640,64
20260205094500,229.520,229.890,229.300,229.710,79
20260205094600,229.720,230.000,229.290,229.900,59
20260205094700,230.000,230.480,230.000,230.450,16
20260205094800,230.280,230.720,230.280,230.720,9
20260205094900,230.720,230.770,230.310,230.310,44
20260205095000,230.760,231.490,230.350,230.970,77
20260205095100,230.780,230.950,230.390,230.950,37
20260205095200,230.500,231.100,230.500,231.100,31
20260205095300,230.660,230.660,230.410,230.650,14
20260205095400,230.290,230.320,230.040,230.320,49
20260205095500,230.320,230.410,230.320,230.410,15
20260205095600,230.220,231.080,230.220,231.080,9
20260205095700,230.590,230.590,230.570,230.570,18
20260205095800,230.370,230.900,230.370,230.610,40
20260205095900,230.670,230.780,230.520,230.610,25
20260205100000,230.610,230.770,230.540,230.540,17
20260205100100,230.560,230.940,230.540,230.870,87
20260205100200,230.890,231.110,230.690,231.020,39
20260205100300,231.370,231.370,230.670,231.230,13
20260205100400,231.180,231.270,230.740,231.270,12
20260205100500,231.230,231.370,231.230,231.370,11
20260205100600,231.350,231.360,230.900,231.360,15
20260205100700,231.020,231.340,230.950,230.950,10
20260205100800,230.970,231.340,230.970,231.340,11
20260205100900,231.000,231.000,230.580,230.580,36
20260205101000,230.870,230.880,230.430,230.430,35
20260205101100,230.400,230.400,229.500,229.500,45
20260205101200,229.570,230.060,229.570,230.060,33
20260205101300,229.900,229.900,229.600,229.600,33
20260205101400,229.610,229.820,229.610,229.820,25
20260205101500,230.800,230.800,229.600,229.600,25
20260205101600,229.610,229.800,229.600,229.620,13
20260205101700,229.620,229.630,229.170,229.560,66
20260205101800,229.550,229.550,229.310,229.420,32
20260205101900,229.420,229.840,229.160,229.810,106
20260205102000,229.450,229.820,229.440,229.440,12
20260205102100,229.820,229.820,229.310,229.310,10
20260205102200,229.800,230.120,229.590,230.120,35
20260205102300,230.130,230.130,229.380,229.980,34
20260205102400,229.870,229.950,229.410,229.950,10
20260205102500,229.460,229.950,229.460,229.950,8
20260205102600,229.880,229.880,229.520,229.850,9
20260205102700,229.850,229.880,229.780,229.780,22
20260205102800,229.950,229.990,229.820,229.820,15
20260205102900,229.830,230.060,229.820,230.060,6
20260205103000,230.060,230.100,229.800,229.800,12
20260205103100,229.800,229.800,229.800,229.800,0
20260205103200,230.180,230.180,229.680,229.680,52
20260205103300,229.810,230.210,229.800,229.800,10
20260205103400,229.720,229.720,229.720,229.720,8
20260205103500,229.720,229.720,229.580,229.590,27
20260205103600,229.580,229.910,229.570,229.910,30
20260205103700,229.570,229.910,229.280,229.280,39
20260205103800,229.200,229.200,229.200,229.200,6
20260205103900,228.820,228.990,228.720,228.740,62
20260205104000,228.740,228.750,228.370,228.730,40
20260205104100,228.940,228.980,228.700,228.700,14
20260205104200,228.590,228.660,228.590,228.650,31
20260205104300,228.970,229.150,228.970,229.150,18
20260205104400,228.710,228.710,228.710,228.710,2
20260205104500,228.720,229.120,228.720,228.760,7
20260205104600,228.790,228.970,228.790,228.940,20
20260205104700,228.800,228.960,228.780,228.780,21
20260205104800,228.700,228.800,228.210,228.620,92
20260205104900,228.350,228.770,228.320,228.700,80
20260205105000,228.320,228.700,228.320,228.410,20
20260205105100,228.570,228.570,228.530,228.530,8
20260205105200,228.520,228.520,228.180,228.180,68
20260205105300,228.110,228.110,227.460,227.470,153
20260205105400,227.760,227.760,227.500,227.510,20
20260205105500,227.550,227.550,227.410,227.420,17
20260205105600,227.430,227.430,227.030,227.060,47
20260205105700,227.180,227.180,227.020,227.170,35
20260205105800,227.360,227.360,227.320,227.330,9
20260205105900,227.500,227.770,227.500,227.760,15
20260205110000,227.500,227.500,227.330,227.330,32
20260205110100,227.390,228.720,227.390,228.710,243
20260205110200,229.170,229.620,228.790,228.790,48
20260205110300,229.250,230.020,229.180,230.020,47
20260205110400,229.770,229.780,229.270,229.270,43
20260205110500,229.090,229.090,229.090,229.090,11
20260205110600,229.500,229.520,229.110,229.110,8
20260205110700,229.110,229.110,229.110,229.110,0
20260205110800,229.330,229.330,229.060,229.290,45
20260205110900,228.780,228.940,228.710,228.720,15
20260205111000,228.720,229.040,228.710,228.710,13
20260205111100,229.040,229.040,228.750,228.750,16
20260205111200,228.760,228.760,228.660,228.660,26
20260205111300,228.170,228.270,228.030,228.230,15
20260205111400,228.020,228.370,228.020,228.340,71
20260205111500,228.290,228.600,228.290,228.600,14
20260205111600,228.660,228.670,228.600,228.600,40
20260205111700,228.190,228.730,228.190,228.730,13
20260205111800,228.390,229.030,228.390,228.590,34
20260205111900,228.960,228.960,228.500,228.850,20
20260205112000,228.500,228.850,228.500,228.600,11
20260205112100,228.860,228.860,228.860,228.860,5
20260205112200,228.860,228.860,228.860,228.860,0
20260205112300,228.930,228.930,228.930,228.930,6
20260205112400,228.930,229.670,228.930,229.070,106
20260205112500,229.620,229.650,228.930,229.650,11
20260205112600,229.600,229.600,228.920,228.920,8
20260205112700,229.450,229.450,229.450,229.450,5
20260205112800,229.510,229.600,228.400,228.400,53
20260205112900,228.560,228.560,228.500,228.520,22
20260205113000,228.920,228.920,228.890,228.890,23
20260205130100,228.480,228.880,228.370,228.370,30
20260205130200,228.140,228.810,228.140,228.330,36
20260205130300,228.290,228.320,228.250,228.250,29
20260205130400,228.250,228.250,227.880,228.220,25
20260205130500,228.270,228.270,227.970,227.970,19
20260205130600,228.260,228.260,227.930,227.930,6
20260205130700,228.240,228.250,227.880,227.880,22
20260205130800,228.230,228.230,228.040,228.040,10
20260205130900,228.190,228.190,227.870,227.870,8
20260205131000,228.170,228.170,227.860,227.860,20
20260205131100,227.860,228.160,227.860,228.160,27
20260205131200,227.980,228.670,227.980,228.670,76
20260205131300,228.700,228.700,228.500,228.520,24
20260205131400,228.520,228.690,228.410,228.410,26
20260205131500,228.320,228.350,228.320,228.350,8
20260205131600,228.340,228.690,228.340,228.690,7
20260205131700,228.700,228.700,228.510,228.700,14
20260205131800,228.650,228.650,228.290,228.450,15
20260205131900,228.690,228.690,228.570,228.680,30
20260205132000,228.450,228.900,228.450,228.900,22
20260205132100,228.700,228.890,228.700,228.890,6
20260205132200,228.900,229.190,228.870,228.880,22
20260205132300,228.630,229.050,228.610,229.050,16
20260205132400,229.050,229.050,229.050,229.050,0
20260205132500,228.630,229.020,228.630,229.020,7
20260205132600,228.740,228.930,228.740,228.930,6
20260205132700,228.740,229.010,228.740,228.920,13
20260205132800,228.640,229.010,228.640,228.890,18
20260205132900,229.050,229.750,229.010,229.750,52
20260205133000,229.740,229.740,229.310,229.700,15
20260205133100,229.400,229.400,228.800,228.800,27
20260205133200,229.190,229.460,228.990,229.010,25
20260205133300,228.930,228.930,228.780,228.890,72
20260205133400,229.420,229.500,229.370,229.500,32
20260205133500,229.670,229.690,229.350,229.690,13
20260205133600,229.350,229.800,229.350,229.800,39
20260205133700,229.900,229.990,229.430,229.760,18
20260205133800,230.010,230.010,229.830,229.860,25
20260205133900,230.090,230.100,229.850,229.850,15
20260205134000,230.100,230.110,229.690,229.690,25
20260205134100,229.380,229.800,229.380,229.800,19
20260205134200,229.870,230.110,229.780,229.900,55
20260205134300,229.900,230.090,229.900,230.090,8
20260205134400,229.830,229.830,229.500,229.670,78
20260205134500,229.520,230.110,229.520,229.870,207
20260205134600,229.780,229.780,229.690,229.690,16
20260205134700,229.720,229.750,229.700,229.700,9
20260205134800,229.690,229.690,229.520,229.520,48
20260205134900,229.540,229.740,229.540,229.740,10
20260205135000,229.800,229.840,229.800,229.810,7
20260205135100,229.530,229.880,229.400,229.880,37
20260205135200,229.800,229.800,229.800,229.800,6
20260205135300,229.800,230.020,229.660,230.020,30
20260205135400,229.860,230.110,229.860,230.110,9
20260205135500,230.080,230.080,230.080,230.080,4
20260205135600,230.110,230.110,229.860,229.860,17
20260205135700,229.860,230.100,229.860,230.100,31
20260205135800,230.100,230.110,229.860,229.870,14
20260205135900,229.860,229.900,229.860,229.900,20
20260205140000,229.770,229.960,229.770,229.960,10
20260205140100,229.770,230.060,229.690,230.060,28
20260205140200,229.690,229.690,229.690,229.690,6
20260205140300,229.470,229.480,229.390,229.470,16
20260205140400,229.470,229.470,229.470,229.470,0
20260205140500,229.400,229.400,229.110,229.130,39
20260205140600,229.410,229.440,229.140,229.440,22
20260205140700,229.150,229.250,229.130,229.250,47
20260205140800,229.440,229.440,229.150,229.150,17
20260205140900,229.080,229.140,228.550,228.550,30
20260205141000,229.090,229.090,229.060,229.060,12
20260205141100,228.640,229.640,228.570,229.640,146
20260205141200,229.180,229.280,228.890,229.280,10
20260205141300,229.440,229.440,229.440,229.440,4
20260205141400,228.890,229.300,228.890,229.300,4
20260205141500,228.900,229.350,228.900,229.190,6
20260205141600,228.930,228.930,228.930,228.930,8
20260205141700,228.900,229.130,228.900,228.900,22
20260205141800,228.880,228.880,228.870,228.880,10
20260205141900,228.680,228.680,228.620,228.620,4
20260205142000,228.630,228.940,228.590,228.940,37
20260205142100,228.570,228.900,228.570,228.580,14
20260205142200,228.570,228.570,228.320,228.320,11
20260205142300,228.690,228.700,228.340,228.340,19
20260205142400,228.710,228.800,228.700,228.700,18
20260205142500,228.450,228.450,228.420,228.420,8
20260205142600,228.450,228.800,228.440,228.450,21
20260205142700,228.420,228.770,228.350,228.720,25
20260205142800,228.390,228.390,228.390,228.390,6
20260205142900,228.380,228.690,228.380,228.380,9
20260205143000,228.690,229.130,228.690,228.880,87
20260205143100,228.930,229.350,228.840,229.200,30
20260205143200,229.210,229.710,229.210,229.710,28
20260205143300,229.260,229.260,229.210,229.210,17
20260205143400,230.000,230.000,229.350,229.510,35
20260205143500,229.420,229.770,229.420,229.770,21
20260205143600,229.750,229.800,229.750,229.780,26
20260205143700,229.830,229.930,229.830,229.930,18
20260205143800,229.570,229.880,229.570,229.880,8
20260205143900,229.530,229.910,229.520,229.900,13
20260205144000,229.710,229.890,229.510,229.510,19
20260205144100,229.830,229.920,229.390,229.910,49
20260205144200,229.400,229.890,229.400,229.890,27
20260205144300,229.800,229.890,229.410,229.420,22
20260205144400,229.420,229.890,229.420,229.510,260
20260205144500,229.460,229.710,229.460,229.480,29
20260205144600,229.480,229.490,229.200,229.310,56
20260205144700,229.500,229.580,229.470,229.580,46
20260205144800,229.620,229.680,229.510,229.510,33
20260205144900,229.220,229.220,229.020,229.020,30
20260205145000,228.970,229.470,228.960,229.470,55
20260205145100,229.320,229.790,228.980,228.990,59
20260205145200,229.030,229.660,229.030,229.190,27
20260205145300,229.260,229.320,229.000,229.290,45
20260205145400,229.290,229.370,228.620,229.090,55
20260205145500,228.660,228.810,228.660,228.810,51
20260205145600,228.750,229.090,228.750,228.790,43
20260205145700,228.780,229.080,228.680,229.080,82
20260205145800,229.080,229.080,229.080,229.080,0
20260205145900,229.080,229.080,229.080,229.080,0
20260205150000,228.400,228.400,228.400,228.400,144
20260206093000,229.310,229.310,229.310,229.310,19
20260206093100,229.310,229.760,227.000,228.690,171
20260206093200,227.040,228.760,227.040,228.760,111
20260206093300,228.770,228.770,227.450,227.450,32
20260206093400,227.340,227.340,226.080,226.860,81
20260206093500,226.610,227.870,226.610,227.310,56
20260206093600,227.770,228.690,227.730,228.690,95
20260206093700,228.690,228.690,227.810,227.810,31
20260206093800,227.380,227.380,226.490,226.490,69
20260206093900,226.960,226.970,226.950,226.960,32
20260206094000,227.200,227.200,226.680,227.120,26
20260206094100,227.220,227.740,227.000,227.310,61
20260206094200,227.780,227.780,227.210,227.660,23
20260206094300,227.760,228.240,227.490,227.490,21
20260206094400,227.480,227.530,227.000,227.070,38
20260206094500,226.970,227.000,226.830,226.830,32
20260206094600,226.950,227.480,226.820,227.100,95
20260206094700,227.060,227.520,227.060,227.520,10
20260206094800,227.520,227.990,227.520,227.730,42
20260206094900,227.860,228.090,227.860,228.060,29
20260206095000,227.690,227.690,227.350,227.350,21
20260206095100,227.360,228.210,227.320,228.210,29
20260206095200,228.180,228.180,227.720,227.720,77
20260206095300,228.030,228.220,227.680,227.680,53
20260206095400,227.610,227.880,227.310,227.880,16
20260206095500,227.810,228.410,227.810,228.120,21
20260206095600,228.500,228.500,228.500,228.500,8
20260206095700,228.500,228.690,228.420,228.510,19
20260206095800,228.510,229.350,228.400,228.410,40
20260206095900,229.090,229.110,228.410,228.990,24
20260206100000,229.320,230.790,229.320,230.170,103
20260206100100,230.150,230.700,230.150,230.330,132
20260206100200,230.690,230.800,230.290,230.290,31
20260206100300,230.280,230.750,230.240,230.350,27
20260206100400,230.340,230.670,230.260,230.650,48
20260206100500,230.240,230.800,230.240,230.800,60
20260206100600,230.990,231.600,230.380,231.010,160
20260206100700,230.560,230.980,230.250,230.250,86
20260206100800,230.010,230.310,230.000,230.310,14
20260206100900,230.260,230.600,229.890,229.960,27
20260206101000,229.950,230.340,229.890,229.890,12
20260206101100,230.340,230.340,230.250,230.250,43
20260206101200,229.800,229.800,229.800,229.800,10
20260206101300,229.730,229.980,229.490,229.970,53
20260206101400,229.560,230.030,229.560,230.030,20
20260206101500,229.560,230.000,229.440,229.440,21
20260206101600,229.160,230.050,229.160,230.050,23
20260206101700,230.050,230.180,230.050,230.180,4
20260206101800,230.220,231.470,230.220,231.470,87
20260206101900,231.510,231.530,231.470,231.500,50
20260206102000,231.490,231.500,231.480,231.480,34
20260206102100,231.500,231.500,231.160,231.500,18
20260206102200,231.200,231.500,231.200,231.490,36
20260206102300,231.590,231.790,231.340,231.340,62
20260206102400,231.770,231.770,231.700,231.700,18
20260206102500,231.700,231.700,231.350,231.360,35
20260206102600,231.100,231.340,231.030,231.280,30
20260206102700,231.280,231.630,231.280,231.630,8
20260206102800,231.640,231.760,231.590,231.590,37
20260206102900,231.760,231.790,231.600,231.730,18
20260206103000,231.720,231.820,231.390,231.820,33
20260206103100,231.760,231.830,231.700,231.820,14
20260206103200,231.820,231.960,231.820,231.950,50
20260206103300,231.930,231.960,231.890,231.890,23
20260206103400,231.550,231.960,231.470,231.470,33
20260206103500,231.330,231.960,231.330,231.960,31
20260206103600,231.970,232.060,231.820,232.060,56
20260206103700,232.280,232.500,232.260,232.500,15
20260206103800,232.100,232.100,231.850,231.990,21
20260206103900,231.990,232.320,231.990,232.250,27
20260206104000,232.210,232.210,232.210,232.210,3
20260206104100,232.160,232.200,231.130,231.150,104
20260206104200,230.850,230.850,230.670,230.670,12
20260206104300,230.600,230.600,230.270,230.530,24
20260206104400,230.760,230.760,230.730,230.730,4
20260206104500,230.380,231.150,230.380,231.150,16
20260206104600,231.210,231.210,231.090,231.090,9
20260206104700,231.090,231.090,231.080,231.080,5
20260206104800,231.100,231.100,230.670,230.670,35
20260206104900,230.250,230.670,230.250,230.670,56
20260206105000,230.670,230.670,230.670,230.670,0
20260206105100,230.350,230.530,230.350,230.500,10
20260206105200,230.200,230.540,230.200,230.540,4
20260206105300,230.500,230.600,230.500,230.600,14
20260206105400,230.400,230.400,230.330,230.330,10
20260206105500,230.000,230.170,230.000,230.170,88
20260206105600,230.530,230.530,230.530,230.530,8
20260206105700,230.510,230.510,230.100,230.300,8
20260206105800,230.030,230.520,230.030,230.500,12
20260206105900,230.510,230.510,230.130,230.130,4
20260206110000,230.460,230.460,230.460,230.460,4
20260206110100,230.110,230.110,230.050,230.050,25
20260206110200,230.430,230.430,230.430,230.430,2
20260206110300,230.060,230.060,229.720,229.750,94
20260206110400,229.710,229.710,229.680,229.680,14
20260206110500,229.650,229.880,229.500,229.740,22
20260206110600,229.880,230.020,229.880,230.020,17
20260206110700,230.280,230.290,230.060,230.290,14
20260206110800,230.280,230.280,230.280,230.280,2
20260206110900,230.280,230.440,230.280,230.440,7
20260206111000,230.440,230.480,230.140,230.420,19
20260206111100,230.490,230.540,230.490,230.540,14
20260206111200,230.590,230.590,230.590,230.590,19
20260206111300,230.570,230.570,230.570,230.570,2
20260206111400,230.180,230.500,230.180,230.500,25
20260206111500,230.490,230.490,230.490,230.490,6
20260206111600,230.470,230.600,230.460,230.470,16
20260206111700,230.600,231.090,230.600,231.090,24
20260206111800,230.990,230.990,230.060,230.460,15
20260206111900,230.220,230.880,230.220,230.880,16
20260206112000,230.370,230.370,230.280,230.280,9
20260206112100,230.610,230.610,230.610,230.610,4
20260206112200,230.280,230.540,230.050,230.540,10
20260206112300,230.540,230.540,230.540,230.540,0
20260206112400,230.050,230.310,229.980,230.310,72
20260206112500,229.870,229.870,229.870,229.870,2
20260206112600,229.880,229.880,229.880,229.880,14
20260206112700,229.800,229.970,229.760,229.760,13
20260206112800,229.900,229.900,229.650,229.850,95
20260206112900,229.960,230.980,229.960,230.870,102
20260206113000,230.460,230.460,230.460,230.460,20
20260206130100,231.040,232.050,230.520,231.640,140
20260206130200,231.350,231.350,231.050,231.050,5
20260206130300,231.470,231.500,231.470,231.500,14
20260206130400,231.780,231.780,231.560,231.560,25
20260206130500,231.900,231.980,231.900,231.980,16
20260206130600,231.980,232.050,231.860,231.860,12
20260206130700,231.990,232.180,231.990,232.180,22
20260206130800,232.170,233.080,232.170,233.080,211
20260206130900,233.210,233.990,232.600,232.600,95
20260206131000,232.890,232.890,232.500,232.500,4
20260206131100,232.380,232.380,232.180,232.180,72
20260206131200,232.190,232.190,231.610,231.970,91
20260206131300,232.360,232.450,232.360,232.450,10
20260206131400,232.880,233.480,232.880,233.470,39
20260206131500,233.480,233.570,233.150,233.570,30
20260206131600,233.550,233.550,233.200,233.200,63
20260206131700,233.200,233.460,233.200,233.390,16
20260206131800,233.380,233.450,233.380,233.450,8
20260206131900,233.400,233.450,233.300,233.390,19
20260206132000,233.490,233.790,233.360,233.790,27
20260206132100,233.350,233.750,233.350,233.750,9
20260206132200,233.750,233.750,233.700,233.700,6
20260206132300,233.700,233.730,233.390,233.730,12
20260206132400,233.200,233.200,233.020,233.020,117
20260206132500,233.000,233.350,233.000,233.350,10
20260206132600,233.410,233.710,233.410,233.710,4
20260206132700,233.710,233.720,233.410,233.720,19
20260206132800,233.420,233.630,233.200,233.200,50
20260206132900,233.100,233.100,233.000,233.000,50
20260206133000,233.100,233.100,233.090,233.090,6
20260206133100,233.090,233.090,232.840,232.930,48
20260206133200,232.930,232.930,232.930,232.930,0
20260206133300,232.840,233.070,232.830,233.070,42
20260206133400,232.990,233.500,232.990,233.500,23
20260206133500,233.500,233.500,233.030,233.500,25
20260206133600,233.480,233.480,233.030,233.470,6
20260206133700,233.460,233.460,233.460,233.460,3
20260206133800,233.100,233.100,232.500,232.500,121
20260206133900,232.800,233.000,232.800,233.000,8
20260206134000,232.800,232.800,232.500,232.500,125
20260206134100,232.690,232.690,232.690,232.690,4
20260206134200,232.940,232.940,232.940,232.940,6
20260206134300,232.900,232.900,232.900,232.900,4
20260206134400,232.880,232.900,232.800,232.800,27
20260206134500,232.780,232.890,232.600,232.600,11
20260206134600,232.730,232.730,232.730,232.730,4
20260206134700,232.600,232.600,232.540,232.540,60
20260206134800,232.470,232.490,232.050,232.490,61
20260206134900,232.600,232.900,232.600,232.900,17
20260206135000,232.900,232.900,232.900,232.900,0
20260206135100,232.870,232.920,232.870,232.870,36
20260206135200,232.820,232.890,232.820,232.890,14
20260206135300,233.330,233.330,232.100,232.100,115
20260206135400,232.440,233.150,232.340,233.130,26
20260206135500,233.140,233.280,233.140,233.240,19
20260206135600,233.250,233.250,233.250,233.250,4
20260206135700,232.770,233.270,232.770,233.260,12
20260206135800,232.900,232.900,232.750,232.750,15
20260206135900,232.880,232.880,232.860,232.860,6
20260206140000,232.860,232.860,232.670,232.790,6
20260206140100,232.770,233.260,232.770,233.260,20
20260206140200,233.250,233.250,233.250,233.250,2
20260206140300,233.200,233.200,232.950,232.950,10
20260206140400,233.200,233.240,233.200,233.240,14
20260206140500,232.990,232.990,232.990,232.990,2
20260206140600,232.960,233.190,232.960,233.190,4
20260206140700,232.960,232.960,232.660,232.770,25
20260206140800,232.880,232.920,232.880,232.920,4
20260206140900,232.780,232.900,232.770,232.770,8
20260206141000,232.710,232.710,232.710,232.710,4
20260206141100,232.630,232.630,232.220,232.220,11
20260206141200,232.750,232.750,232.260,232.260,4
20260206141300,232.730,232.730,232.730,232.730,2
20260206141400,231.930,231.930,231.720,231.720,46
20260206141500,232.250,232.250,232.250,232.250,5
20260206141600,232.140,232.140,232.140,232.140,2
20260206141700,232.230,232.720,232.080,232.160,20
20260206141800,232.480,232.480,232.080,232.460,10
20260206141900,232.080,232.080,232.080,232.080,1
20260206142000,232.000,232.000,232.000,232.000,7
20260206142100,232.000,232.000,232.000,232.000,1
20260206142200,231.960,232.400,231.960,232.400,7
20260206142300,232.090,232.090,232.090,232.090,2
20260206142400,232.130,232.400,232.130,232.400,10
20260206142500,232.260,232.260,232.100,232.140,21
20260206142600,232.140,232.140,232.140,232.140,0
20260206142700,232.080,232.080,231.690,231.820,38
20260206142800,232.110,232.110,232.100,232.100,5
20260206142900,231.820,232.050,231.810,231.810,6
20260206143000,232.020,232.020,231.640,232.000,25
20260206143100,232.000,232.000,231.790,231.820,17
20260206143200,231.820,232.210,231.820,232.210,4
20260206143300,232.210,232.220,232.110,232.110,8
20260206143400,231.830,231.950,231.750,231.950,30
20260206143500,232.110,232.110,231.800,232.110,37
20260206143600,231.820,232.100,231.820,232.100,10
20260206143700,232.100,232.100,231.780,231.780,23
20260206143800,232.060,232.060,231.480,232.060,37
20260206143900,232.060,232.060,232.060,232.060,55
20260206144000,231.690,231.690,231.690,231.690,2
20260206144100,232.000,232.100,231.690,232.100,38
20260206144200,232.060,232.060,231.850,231.850,8
20260206144300,231.760,232.030,231.760,232.030,7
20260206144400,231.760,231.910,231.450,231.630,25
20260206144500,231.880,231.880,231.450,231.820,12
20260206144600,231.780,232.030,231.450,232.030,24
20260206144700,231.980,232.010,231.980,232.010,18
20260206144800,231.630,232.020,231.630,232.020,17
20260206144900,232.020,232.020,231.690,232.020,14
20260206145000,231.990,231.990,231.700,231.700,12
20260206145100,231.880,231.990,231.550,231.560,31
20260206145200,231.790,231.790,231.090,231.090,45
20260206145300,231.080,231.380,231.080,231.380,19
20260206145400,231.410,231.790,231.410,231.780,23
20260206145500,231.770,231.880,231.360,231.370,44
20260206145600,231.750,231.750,231.220,231.220,74
20260206145700,231.690,231.690,231.000,231.540,480
20260206145800,231.540,231.540,231.540,231.540,0
20260206145900,231.540,231.540,231.540,231.540,0
20260206150000,230.000,230.000,230.000,230.000,95
20260209093000,230.000,230.000,230.000,230.000,6
20260209093100,230.010,232.740,230.010,232.660,137
20260209093200,231.880,232.660,230.310,231.370,175
20260209093300,231.170,232.000,230.430,231.660,102
20260209093400,231.660,233.000,230.740,233.000,141
20260209093500,233.040,233.760,232.390,233.460,78
20260209093600,233.460,233.610,232.210,232.280,102
20260209093700,232.030,232.230,231.620,231.620,28
20260209093800,231.620,231.620,230.550,230.550,44
20260209093900,230.410,230.410,229.230,229.240,67
20260209094000,229.250,229.670,229.170,229.310,86
20260209094100,229.290,229.510,228.550,228.570,99
20260209094200,228.960,229.340,228.770,229.280,34
20260209094300,229.280,229.280,229.270,229.280,10
20260209094400,229.320,229.320,228.770,228.780,55
20260209094500,228.860,229.130,228.200,228.480,74
20260209094600,228.130,229.000,228.110,229.000,44
20260209094700,228.480,228.820,228.330,228.330,43
20260209094800,228.630,228.630,228.330,228.400,19
20260209094900,228.330,228.480,228.000,228.480,176
20260209095000,228.180,228.480,228.180,228.190,10
20260209095100,228.520,228.860,228.520,228.850,9
20260209095200,228.860,229.130,228.860,229.130,6
20260209095300,229.100,229.100,229.100,229.100,4
20260209095400,229.090,229.090,228.830,228.830,12
20260209095500,229.090,229.090,229.090,229.090,2
20260209095600,228.830,228.830,228.780,228.780,4
20260209095700,228.570,229.000,228.570,228.950,20
20260209095800,228.680,228.920,228.650,228.920,14
20260209095900,228.920,228.920,228.200,228.200,46
20260209100000,228.300,228.550,228.300,228.550,47
20260209100100,228.550,228.890,228.280,228.890,24
20260209100200,228.910,228.910,228.910,228.910,2
20260209100300,228.850,228.920,228.850,228.920,5
20260209100400,228.480,228.780,228.480,228.780,9
20260209100500,228.780,228.780,228.780,228.780,0
20260209100600,228.480,228.480,228.280,228.310,17
20260209100700,228.490,229.030,228.490,228.550,33
20260209100800,228.890,229.030,228.520,229.030,32
20260209100900,228.510,228.890,228.310,228.810,27
20260209101000,228.340,229.100,228.340,229.100,71
20260209101100,229.080,229.630,228.500,229.540,70
20260209101200,229.250,229.250,228.700,229.140,22
20260209101300,228.790,229.140,228.780,229.130,11
20260209101400,229.110,229.540,229.110,229.540,33
20260209101500,229.540,229.540,228.980,229.430,15
20260209101600,229.440,229.470,229.050,229.050,9
20260209101700,229.180,229.180,228.980,229.040,11
20260209101800,228.810,228.890,228.810,228.890,13
20260209101900,228.870,229.000,228.570,228.620,31
20260209102000,228.910,228.910,228.580,228.590,10
20260209102100,228.590,228.670,228.020,228.020,146
20260209102200,228.030,228.030,227.080,227.520,181
20260209102300,227.330,228.540,227.100,228.000,93
20260209102400,227.970,227.970,227.770,227.770,24
20260209102500,227.960,228.400,227.960,228.400,27
20260209102600,228.490,228.510,228.490,228.510,10
20260209102700,228.510,228.510,228.150,228.470,24
20260209102800,228.470,228.470,228.470,228.470,0
20260209102900,228.460,228.640,228.460,228.640,12
20260209103000,228.730,228.800,228.470,228.800,19
20260209103100,228.500,228.560,228.490,228.560,23
20260209103200,228.500,228.790,228.500,228.790,5
20260209103300,228.780,228.790,228.000,228.540,41
20260209103400,227.820,228.300,227.820,228.300,9
20260209103500,227.800,228.300,227.330,227.330,99
20260209103600,227.330,227.640,227.290,227.320,21
20260209103700,227.630,227.640,227.630,227.640,57
20260209103800,227.980,227.980,227.980,227.980,2
20260209103900,227.940,228.240,227.940,228.240,22
20260209104000,228.460,228.460,228.150,228.150,11
20260209104100,228.140,228.140,228.140,228.140,2
20260209104200,228.140,228.140,228.140,228.140,22
20260209104300,228.130,228.130,227.940,228.000,52
20260209104400,228.460,228.460,227.980,227.980,19
20260209104500,228.000,228.600,228.000,228.600,27
20260209104600,228.600,228.750,228.350,228.350,21
20260209104700,228.370,229.000,228.370,228.970,25
20260209104800,228.970,228.970,228.970,228.970,0
20260209104900,228.950,229.000,228.950,229.000,20
20260209105000,229.000,229.280,229.000,229.000,33
20260209105100,229.280,229.280,228.800,228.800,17
20260209105200,228.800,228.800,228.800,228.800,0
20260209105300,228.410,228.780,228.410,228.780,8
20260209105400,228.780,228.780,228.780,228.780,12
20260209105500,228.830,229.000,228.830,228.990,19
20260209105600,228.540,228.990,228.540,228.990,11
20260209105700,228.990,228.990,228.990,228.990,0
20260209105800,228.610,228.610,228.610,228.610,4
20260209105900,228.610,228.700,228.100,228.100,16
20260209110000,228.570,228.810,228.100,228.810,53
20260209110100,228.170,228.800,228.140,228.140,11
20260209110200,228.590,228.590,228.590,228.590,2
20260209110300,228.590,228.590,228.140,228.140,4
20260209110400,228.160,228.190,228.160,228.190,4
20260209110500,228.310,228.320,228.310,228.320,12
20260209110600,228.000,228.000,227.650,227.650,24
20260209110700,227.650,227.650,226.330,227.050,339
20260209110800,227.050,227.150,226.610,226.610,22
20260209110900,227.020,227.170,226.990,227.170,24
20260209111000,227.170,227.410,227.140,227.410,25
20260209111100,227.380,227.390,227.280,227.280,19
20260209111200,227.360,227.360,227.150,227.150,8
20260209111300,227.150,227.200,227.150,227.200,6
20260209111400,227.100,227.700,226.800,227.700,114
20260209111500,227.630,227.630,227.590,227.590,6
20260209111600,227.160,227.520,227.160,227.460,11
20260209111700,227.160,227.370,227.160,227.300,23
20260209111800,227.110,227.240,227.090,227.130,15
20260209111900,227.100,227.100,227.000,227.000,35
20260209112000,227.010,227.090,227.010,227.060,19
20260209112100,227.180,227.180,227.150,227.180,13
20260209112200,227.250,227.410,227.150,227.210,12
20260209112300,227.150,227.220,227.150,227.220,6
20260209112400,227.180,227.530,227.180,227.270,38
20260209112500,227.460,227.460,227.330,227.330,10
20260209112600,227.250,227.250,227.070,227.070,20
20260209112700,227.080,227.350,227.040,227.350,50
20260209112800,227.570,227.600,227.570,227.600,74
20260209112900,227.310,227.310,227.300,227.310,10
20260209113000,227.450,227.450,227.290,227.410,34
20260209130100,227.380,227.600,227.300,227.380,44
20260209130200,227.300,227.320,226.950,226.960,202
20260209130300,227.260,227.650,227.260,227.260,17
20260209130400,227.030,227.080,226.960,227.050,42
20260209130500,227.080,227.240,227.080,227.210,20
20260209130600,227.210,227.210,227.050,227.100,25
20260209130700,227.080,227.170,227.070,227.170,20
20260209130800,227.180,227.180,227.180,227.180,4
20260209130900,227.410,227.410,227.190,227.290,8
20260209131000,227.190,227.410,227.180,227.180,17
20260209131100,227.180,227.180,227.070,227.070,30
20260209131200,227.010,227.060,227.010,227.060,16
20260209131300,227.040,227.040,227.010,227.010,23
20260209131400,227.090,227.090,227.040,227.040,10
20260209131500,227.040,227.260,227.040,227.130,23
20260209131600,227.130,227.240,227.080,227.240,10
20260209131700,227.090,227.240,227.080,227.080,17
20260209131800,227.070,227.070,227.000,227.060,30
20260209131900,227.030,227.150,227.030,227.150,23
20260209132000,227.320,228.060,227.320,227.900,156
20260209132100,227.680,227.780,227.680,227.740,62
20260209132200,227.310,227.920,227.310,227.410,30
20260209132300,227.430,227.670,227.380,227.380,16
20260209132400,227.280,227.400,227.050,227.050,29
20260209132500,227.050,227.380,227.050,227.080,8
20260209132600,227.050,227.220,227.050,227.120,10
20260209132700,227.120,227.290,227.120,227.150,13
20260209132800,227.290,227.330,227.130,227.330,13
20260209132900,227.140,227.300,227.130,227.300,19
20260209133000,227.140,227.140,227.140,227.140,10
20260209133100,227.280,227.330,227.280,227.300,20
20260209133200,227.400,227.610,227.400,227.610,11
20260209133300,227.450,227.650,227.450,227.650,11
20260209133400,227.510,227.690,227.510,227.690,76
20260209133500,227.690,227.690,227.450,227.450,21
20260209133600,227.600,227.600,227.480,227.480,10
20260209133700,227.570,227.600,227.570,227.600,11
20260209133800,227.660,227.720,227.660,227.720,24
20260209133900,227.710,227.710,227.700,227.700,6
20260209134000,227.700,227.740,227.690,227.740,20
20260209134100,227.740,227.770,227.740,227.770,10
20260209134200,227.700,227.700,227.690,227.690,12
20260209134300,227.680,227.710,227.650,227.710,53
20260209134400,227.710,227.710,227.680,227.700,8
20260209134500,227.710,227.710,227.680,227.690,10
20260209134600,227.690,227.690,227.680,227.680,10
20260209134700,227.690,227.700,227.680,227.680,10
20260209134800,227.710,227.830,227.680,227.800,14
20260209134900,227.770,227.800,227.770,227.770,10
20260209135000,227.700,227.700,227.680,227.700,13
20260209135100,227.740,227.900,227.740,227.900,9
20260209135200,228.200,228.510,228.200,228.210,25
20260209135300,228.210,228.210,228.020,228.020,8
20260209135400,228.020,228.020,227.950,227.950,13
20260209135500,227.980,228.110,227.980,228.110,4
20260209135600,228.080,228.080,228.050,228.080,12
20260209135700,228.030,228.040,228.030,228.040,4
20260209135800,228.110,228.110,228.000,228.010,12
20260209135900,228.050,228.100,228.050,228.100,11
20260209140000,228.090,228.430,228.080,228.430,15
20260209140100,228.150,228.150,228.150,228.150,2
20260209140200,228.290,228.320,228.200,228.310,12
20260209140300,228.300,228.300,228.230,228.260,49
20260209140400,228.260,228.270,228.260,228.270,16
20260209140500,228.210,228.220,228.210,228.210,8
20260209140600,228.250,228.920,228.220,228.470,37
20260209140700,228.220,228.670,228.220,228.590,14
20260209140800,228.590,228.590,228.590,228.590,0
20260209140900,228.490,228.550,228.490,228.550,5
20260209141000,228.580,228.580,228.440,228.440,17
20260209141100,228.260,228.260,228.260,228.260,2
20260209141200,228.380,228.410,228.350,228.410,8
20260209141300,228.410,228.490,228.370,228.490,92
20260209141400,228.490,228.520,228.490,228.520,6
20260209141500,228.460,229.000,228.460,229.000,58
20260209141600,229.200,229.200,229.030,229.070,23
20260209141700,229.050,229.940,229.000,229.770,93
20260209141800,229.770,229.770,229.210,229.300,23
20260209141900,229.540,229.540,229.300,229.500,22
20260209142000,229.510,229.510,229.300,229.300,32
20260209142100,229.380,229.380,229.210,229.300,31
20260209142200,229.370,229.370,229.160,229.300,16
20260209142300,229.270,229.270,229.150,229.230,11
20260209142400,229.230,229.230,229.160,229.160,29
20260209142500,229.220,229.380,229.220,229.380,34
20260209142600,229.380,229.400,229.340,229.370,26
20260209142700,229.400,229.630,229.250,229.590,34
20260209142800,229.850,230.000,229.790,230.000,50
20260209142900,229.980,229.980,229.950,229.950,6
20260209143000,229.890,229.890,229.890,229.890,5
20260209143100,229.800,229.800,229.460,229.460,63
20260209143200,229.660,229.660,229.400,229.450,33
20260209143300,229.400,229.400,229.400,229.400,2
20260209143400,229.490,229.490,229.490,229.490,6
20260209143500,229.460,229.480,229.460,229.480,4
20260209143600,229.400,229.400,229.260,229.260,30
20260209143700,229.480,229.900,229.480,229.900,56
20260209143800,229.830,229.830,229.500,229.500,8
20260209143900,229.800,229.810,229.780,229.790,35
20260209144000,229.770,229.770,229.510,229.770,29
20260209144100,229.770,229.770,229.580,229.580,17
20260209144200,229.580,229.670,229.460,229.460,58
20260209144300,229.610,229.610,229.610,229.610,23
20260209144400,229.600,229.600,229.580,229.580,18
20260209144500,229.490,229.500,229.360,229.360,15
20260209144600,229.310,229.430,229.310,229.430,10
20260209144700,229.430,229.430,229.410,229.430,5
20260209144800,229.420,229.560,229.420,229.560,6
20260209144900,229.580,229.580,229.450,229.450,12
20260209145000,229.570,229.630,229.570,229.630,26
20260209145100,229.600,229.600,229.570,229.570,11
20260209145200,229.560,229.560,229.450,229.450,54
20260209145300,229.480,229.620,229.480,229.620,53
20260209145400,229.800,229.800,229.700,229.800,18
20260209145500,229.800,229.800,229.620,229.620,40
20260209145600,229.620,229.900,229.450,229.450,75
20260209145700,229.450,229.450,229.390,229.450,18
20260209145800,229.450,229.450,229.450,229.450,0
20260209145900,229.450,229.450,229.450,229.450,0
20260209150000,229.380,229.380,229.380,229.380,93
20260210093000,231.880,231.880,231.880,231.880,44
20260210093100,229.550,231.900,228.990,231.000,242
20260210093200,232.440,236.120,232.440,235.930,692
20260210093300,235.780,235.990,235.240,235.860,523
20260210093400,236.200,237.840,235.730,237.540,439
20260210093500,237.720,237.720,236.090,237.590,245
20260210093600,237.240,238.170,236.200,237.710,695
20260210093700,237.270,237.840,235.820,237.700,407
20260210093800,237.840,238.990,237.840,238.230,403
20260210093900,238.230,239.170,238.080,238.990,601
20260210094000,238.900,239.500,237.240,238.450,319
20260210094100,238.230,238.760,237.000,237.450,122
20260210094200,237.010,237.010,236.320,236.910,61
20260210094300,236.900,236.900,236.900,236.900,8
20260210094400,236.570,236.570,235.660,236.020,134
20260210094500,236.020,236.020,235.080,235.080,55
20260210094600,235.080,235.320,235.080,235.220,48
20260210094700,235.320,235.320,235.000,235.320,149
20260210094800,235.320,235.320,234.950,235.000,105
20260210094900,234.250,234.770,234.250,234.400,63
20260210095000,234.760,234.760,234.240,234.280,125
20260210095100,234.280,235.000,234.070,234.400,135
20260210095200,234.420,234.980,234.420,234.980,12
20260210095300,234.420,234.950,234.420,234.510,25
20260210095400,234.530,234.920,233.330,233.430,152
20260210095500,233.440,233.910,233.440,233.910,11
20260210095600,233.510,233.690,233.510,233.690,10
20260210095700,233.550,233.550,233.050,233.320,137
20260210095800,233.350,233.780,233.350,233.780,10
20260210095900,233.760,233.760,233.360,233.500,28
20260210100000,233.500,233.780,233.380,233.400,14
20260210100100,234.120,234.120,233.790,233.820,46
20260210100200,233.840,233.910,233.800,233.800,42
20260210100300,234.120,234.120,233.810,233.950,41
20260210100400,233.950,233.950,233.100,233.300,157
20260210100500,233.300,233.320,232.500,232.500,106
20260210100600,232.740,232.740,232.430,232.470,35
20260210100700,232.450,232.740,232.450,232.740,9
20260210100800,232.990,233.390,232.900,233.390,21
20260210100900,233.380,233.390,233.380,233.390,16
20260210101000,233.390,233.390,233.390,233.390,0
20260210101100,233.510,234.230,233.510,234.230,18
20260210101200,233.590,235.350,233.590,235.350,67
20260210101300,234.620,236.000,234.620,236.000,113
20260210101400,236.000,236.000,235.470,235.990,19
20260210101500,235.470,235.880,235.370,235.880,16
20260210101600,235.810,235.820,235.380,235.790,17
20260210101700,235.450,235.780,235.450,235.780,4
20260210101800,235.780,235.780,235.580,235.580,6
20260210101900,235.600,235.880,235.600,235.810,47
20260210102000,235.880,236.340,235.800,236.260,76
20260210102100,235.800,235.800,234.900,234.900,40
20260210102200,235.040,235.370,234.160,235.370,211
20260210102300,234.690,234.690,234.080,234.080,189
20260210102400,233.620,234.050,233.040,233.050,74
20260210102500,233.050,233.860,233.010,233.860,104
20260210102600,233.860,234.140,233.350,234.140,32
20260210102700,233.860,233.860,233.360,233.360,43
20260210102800,233.360,234.090,233.310,233.400,40
20260210102900,233.400,233.400,233.400,233.400,0
20260210103000,234.140,235.200,234.140,234.460,200
20260210103100,234.460,234.460,234.460,234.460,0
20260210103200,234.460,234.460,234.460,234.460,0
20260210103300,234.460,234.460,234.460,234.460,0
20260210103400,234.980,236.950,234.540,236.950,188
20260210103500,236.960,236.960,236.390,236.820,93
20260210103600,236.810,236.860,236.450,236.700,91
20260210103700,236.690,236.690,236.470,236.600,48
20260210103800,236.600,236.960,236.440,236.860,87
20260210103900,236.710,236.880,236.600,236.880,72
20260210104000,237.430,238.400,237.430,238.290,246
20260210104100,238.020,238.370,237.660,237.660,71
20260210104200,237.660,238.880,237.660,237.950,179
20260210104300,237.920,238.490,237.770,238.120,65
20260210104400,238.110,238.440,238.090,238.090,76
20260210104500,238.110,238.410,237.730,237.910,63
20260210104600,237.890,238.400,237.870,238.190,48
20260210104700,238.150,239.150,238.150,239.150,398
20260210104800,238.900,239.460,238.760,239.250,130
20260210104900,239.250,239.360,238.940,239.000,38
20260210105000,239.320,239.810,239.320,239.410,231
20260210105100,239.760,239.770,239.120,239.400,33
20260210105200,239.400,239.680,239.380,239.500,16
20260210105300,239.470,239.500,238.470,238.470,96
20260210105400,239.060,239.060,237.990,238.110,91
20260210105500,238.110,238.620,238.000,238.000,46
20260210105600,237.990,237.990,237.280,237.330,86
20260210105700,237.330,237.530,236.860,237.490,45
20260210105800,237.120,237.260,236.880,237.260,35
20260210105900,237.060,237.760,236.880,237.420,232
20260210110000,237.420,238.000,236.880,237.720,60
20260210110100,237.710,238.740,237.710,238.740,56
20260210110200,238.740,238.810,238.180,238.710,44
20260210110300,238.770,238.820,238.260,238.780,30
20260210110400,238.240,238.960,238.240,238.850,58
20260210110500,238.840,238.960,238.440,238.470,42
20260210110600,238.940,238.940,238.450,238.450,18
20260210110700,238.890,238.920,238.430,238.880,32
20260210110800,238.900,238.900,238.800,238.800,10
20260210110900,238.440,238.880,238.400,238.750,74
20260210111000,238.730,238.730,238.320,238.340,34
20260210111100,238.320,238.700,238.240,238.700,27
20260210111200,238.680,238.680,238.270,238.280,17
20260210111300,238.260,238.740,238.240,238.740,42
20260210111400,238.740,238.740,238.240,238.670,16
20260210111500,238.710,238.750,238.300,238.750,29
20260210111600,238.750,238.750,238.740,238.750,35
20260210111700,238.700,238.710,238.290,238.290,37
20260210111800,238.730,238.920,238.270,238.920,86
20260210111900,238.900,241.410,238.880,240.320,833
20260210112000,241.120,241.160,240.630,241.000,151
20260210112100,240.990,240.990,240.430,240.900,45
20260210112200,240.480,241.500,240.480,241.500,120
20260210112300,241.520,242.240,241.500,242.240,176
20260210112400,242.330,242.500,241.950,242.490,53
20260210112500,242.170,242.950,242.170,242.790,105
20260210112600,242.790,242.980,242.000,242.000,88
20260210112700,242.000,242.800,241.810,242.790,96
20260210112800,242.220,242.800,242.220,242.250,41
20260210112900,242.600,244.440,242.230,244.200,416
20260210113000,244.240,244.430,241.910,242.390,507
20260210130100,241.980,243.650,241.550,241.580,191
20260210130200,241.260,241.580,241.160,241.160,50
20260210130300,241.150,241.600,240.940,241.600,16
20260210130400,241.630,242.410,241.630,241.970,48
20260210130500,241.690,241.970,241.690,241.820,24
20260210130600,241.970,242.430,241.870,241.870,133
20260210130700,241.710,241.740,241.390,241.390,17
20260210130800,241.400,241.710,241.400,241.710,17
20260210130900,241.410,241.800,241.390,241.800,18
20260210131000,241.820,242.000,241.400,241.400,143
20260210131100,241.830,241.830,241.270,241.370,28
20260210131200,241.620,241.620,241.600,241.600,12
20260210131300,241.600,241.730,241.600,241.720,56
20260210131400,241.830,241.830,241.130,241.380,37
20260210131500,241.560,241.580,241.080,241.090,16
20260210131600,241.090,241.430,241.090,241.110,25
20260210131700,241.430,241.430,241.090,241.430,24
20260210131800,241.430,241.430,241.090,241.330,31
20260210131900,241.090,241.090,240.990,241.000,41
20260210132000,240.940,240.990,240.300,240.520,69
20260210132100,240.690,241.290,240.410,241.290,40
20260210132200,240.440,241.090,240.440,240.460,15
20260210132300,241.000,241.110,240.460,241.110,87
20260210132400,241.300,242.000,240.770,241.920,174
20260210132500,241.010,241.730,241.010,241.140,86
20260210132600,241.710,241.810,241.170,241.710,52
20260210132700,241.700,242.000,241.700,241.920,60
20260210132800,241.930,241.930,241.280,241.860,49
20260210132900,242.000,242.040,241.400,241.410,36
20260210133000,242.040,242.100,242.040,242.100,79
20260210133100,242.100,242.100,241.520,242.000,36
20260210133200,242.010,242.100,241.510,242.100,121
20260210133300,242.200,242.800,242.160,242.160,234
20260210133400,242.220,242.740,242.130,242.600,46
20260210133500,242.640,243.070,242.570,243.070,97
20260210133600,243.070,243.070,242.700,242.710,33
20260210133700,243.000,243.580,243.000,243.000,104
20260210133800,243.580,243.580,243.000,243.510,89
20260210133900,243.510,243.590,243.050,243.530,51
20260210134000,243.050,243.540,243.050,243.170,51
20260210134100,243.500,243.500,243.180,243.490,73
20260210134200,243.500,243.660,243.200,243.660,76
20260210134300,243.660,243.660,243.090,243.580,65
20260210134400,243.460,243.790,243.280,243.790,62
20260210134500,243.800,243.900,243.420,243.430,54
20260210134600,243.900,244.000,243.430,243.580,81
20260210134700,243.550,243.980,243.030,243.500,75
20260210134800,243.370,243.480,243.050,243.060,96
20260210134900,243.430,243.430,242.200,242.900,130
20260210135000,242.070,243.000,242.070,243.000,28
20260210135100,242.280,242.900,241.510,241.510,80
20260210135200,242.780,242.780,241.600,242.660,28
20260210135300,241.580,242.660,241.550,242.550,51
20260210135400,242.590,242.590,241.580,242.560,7
20260210135500,241.590,242.560,241.590,242.540,61
20260210135600,242.420,242.430,241.750,241.750,16
20260210135700,242.000,242.430,241.530,241.540,97
20260210135800,241.550,241.580,241.120,241.320,55
20260210135900,241.320,241.610,241.320,241.610,18
20260210140000,241.610,241.610,241.130,241.170,60
20260210140100,241.170,241.240,241.170,241.240,17
20260210140200,241.250,241.320,241.160,241.300,18
20260210140300,241.150,241.380,241.150,241.350,28
20260210140400,241.360,241.420,241.170,241.420,22
20260210140500,241.420,241.420,241.010,241.010,58
20260210140600,241.010,241.140,240.420,240.420,132
20260210140700,240.400,241.400,240.380,241.260,33
20260210140800,240.410,241.250,240.410,241.210,26
20260210140900,240.500,241.190,240.460,240.460,30
20260210141000,240.500,241.180,240.500,240.500,42
20260210141100,241.100,241.100,240.500,241.080,46
20260210141200,241.110,241.140,240.500,241.140,27
20260210141300,240.510,241.150,240.500,241.140,32
20260210141400,240.480,241.140,240.460,240.460,33
20260210141500,240.460,241.140,240.390,240.390,100
20260210141600,240.560,240.660,240.480,240.660,29
20260210141700,240.660,240.660,240.320,240.390,48
20260210141800,240.230,240.710,240.100,240.680,50
20260210141900,240.710,240.750,240.490,240.750,38
20260210142000,240.750,240.790,240.210,240.790,49
20260210142100,240.840,240.840,240.690,240.840,30
20260210142200,240.820,240.830,240.490,240.830,36
20260210142300,240.250,240.870,240.250,240.870,16
20260210142400,240.870,240.870,240.410,240.440,15
20260210142500,240.900,240.950,240.410,240.430,58
20260210142600,240.430,240.950,240.430,240.950,20
20260210142700,240.920,240.950,240.450,240.950,37
20260210142800,240.950,240.950,240.500,240.500,25
20260210142900,240.950,241.000,240.500,241.000,73
20260210143000,241.000,241.090,240.450,240.450,67
20260210143100,241.090,241.120,240.440,241.000,69
20260210143200,240.470,241.140,240.440,240.450,54
20260210143300,241.130,241.130,240.500,240.600,20
20260210143400,241.100,241.100,240.610,241.020,23
20260210143500,240.710,241.100,240.710,241.000,60
20260210143600,241.000,241.100,240.900,241.100,37
20260210143700,241.010,241.200,241.000,241.000,130
20260210143800,241.050,241.240,241.000,241.240,11
20260210143900,241.240,241.890,241.240,241.510,78
20260210144000,241.480,242.400,241.360,242.090,158
20260210144100,242.090,242.500,242.090,242.500,21
20260210144200,242.500,243.000,242.490,242.770,152
20260210144300,242.880,243.490,242.550,243.490,220
20260210144400,243.500,243.500,243.130,243.200,101
20260210144500,243.200,243.480,242.950,243.100,118
20260210144600,243.100,243.800,243.090,243.540,122
20260210144700,243.100,243.100,241.630,242.530,146
20260210144800,242.530,243.460,242.150,243.460,48
20260210144900,241.760,243.330,241.760,242.000,117
20260210145000,242.000,242.980,241.970,242.000,24
20260210145100,242.000,242.850,242.000,242.010,19
20260210145200,242.450,242.730,242.200,242.200,41
20260210145300,242.500,242.710,242.200,242.710,63
20260210145400,242.210,242.490,242.190,242.190,30
20260210145500,242.000,242.490,241.050,241.150,87
20260210145600,242.470,242.470,241.550,241.880,32
20260210145700,241.600,241.890,241.070,241.070,229
20260210145800,241.070,241.070,241.070,241.070,0
20260210145900,241.070,241.070,241.070,241.070,0
20260210150000,241.200,241.200,241.200,241.200,91
20260211093000,244.990,244.990,244.990,244.990,72
20260211093100,242.990,242.990,241.730,241.950,148
20260211093200,242.490,242.490,241.050,241.750,64
20260211093300,241.430,242.130,241.050,241.790,68
20260211093400,242.360,242.360,241.130,241.130,100
20260211093500,241.180,241.530,240.870,241.330,76
20260211093600,241.210,241.210,240.570,240.640,46
20260211093700,240.650,240.950,240.650,240.950,32
20260211093800,240.950,240.970,240.920,240.960,25
20260211093900,240.960,241.140,240.730,240.790,74
20260211094000,241.120,241.120,240.330,240.330,79
20260211094100,240.600,241.710,240.600,241.710,70
20260211094200,242.100,242.100,240.900,241.530,54
20260211094300,241.520,241.520,241.420,241.420,40
20260211094400,241.320,241.780,241.190,241.700,29
20260211094500,241.710,241.760,241.240,241.260,50
20260211094600,241.570,241.800,241.570,241.790,57
20260211094700,241.820,242.700,241.820,242.670,83
20260211094800,242.750,243.050,242.660,242.670,70
20260211094900,242.670,242.670,241.800,241.820,27
20260211095000,241.800,243.000,241.700,242.980,139
20260211095100,243.350,243.350,242.940,242.940,46
20260211095200,243.080,243.570,243.050,243.570,64
20260211095300,243.570,243.570,243.040,243.050,48
20260211095400,243.040,243.500,243.040,243.500,57
20260211095500,243.490,243.490,242.820,242.820,10
20260211095600,242.840,243.500,242.840,243.430,58
20260211095700,243.310,243.500,243.120,243.500,34
20260211095800,243.480,243.480,243.100,243.380,21
20260211095900,243.380,243.950,243.160,243.950,104
20260211100000,243.890,243.950,243.520,243.560,40
20260211100100,243.510,243.890,243.510,243.850,22
20260211100200,243.930,243.930,243.520,243.920,39
20260211100300,243.800,243.800,243.460,243.460,55
20260211100400,243.460,243.830,243.320,243.380,20
20260211100500,243.360,243.690,243.360,243.640,18
20260211100600,243.130,243.650,243.000,243.650,71
20260211100700,243.650,243.650,243.620,243.620,14
20260211100800,243.600,243.600,243.030,243.340,10
20260211100900,243.210,243.210,243.190,243.190,19
20260211101000,242.680,243.160,242.680,243.160,4
20260211101100,243.090,243.090,243.090,243.090,8
20260211101200,242.700,242.700,242.700,242.700,2
20260211101300,242.650,243.010,242.650,243.010,6
20260211101400,243.010,243.010,243.010,243.010,6
20260211101500,242.700,242.700,241.030,241.450,777
20260211101600,241.100,241.420,241.100,241.420,31
20260211101700,241.440,241.480,241.180,241.180,47
20260211101800,241.370,241.500,241.200,241.500,51
20260211101900,241.540,242.020,241.540,242.020,16
20260211102000,241.970,242.110,241.970,242.070,74
20260211102100,241.750,242.060,241.740,241.740,7
20260211102200,241.500,241.940,241.200,241.870,48
20260211102300,241.960,242.580,241.960,242.560,43
20260211102400,242.060,242.060,242.060,242.060,2
20260211102500,242.060,242.470,241.740,241.740,30
20260211102600,241.700,242.270,241.700,242.270,23
20260211102700,241.640,242.090,241.590,242.090,12
20260211102800,241.620,242.070,241.510,242.070,11
20260211102900,242.120,242.120,241.380,241.380,45
20260211103000,241.940,241.940,241.460,241.460,4
20260211103100,241.430,241.940,241.430,241.940,11
20260211103200,242.020,242.350,241.990,242.330,71
20260211103300,242.410,242.560,241.990,241.990,30
20260211103400,242.030,242.420,242.030,242.420,15
20260211103500,241.990,242.240,241.980,242.110,29
20260211103600,241.990,242.250,241.610,241.670,34
20260211103700,241.740,241.740,241.740,241.740,6
20260211103800,241.980,241.980,241.700,241.700,19
20260211103900,241.690,241.920,241.630,241.920,20
20260211104000,241.920,241.980,241.640,241.980,18
20260211104100,241.980,242.640,241.980,242.330,86
20260211104200,242.330,242.640,242.330,242.640,6
20260211104300,242.630,242.630,242.310,242.310,6
20260211104400,242.310,242.690,242.020,242.630,40
20260211104500,242.690,242.700,242.400,242.400,43
20260211104600,242.400,242.400,242.400,242.400,0
20260211104700,242.700,242.700,242.700,242.700,23
20260211104800,242.720,243.420,242.720,243.420,87
20260211104900,243.350,243.350,243.350,243.350,4
20260211105000,242.900,243.290,242.710,242.800,28
20260211105100,242.810,242.810,242.810,242.810,7
20260211105200,242.800,242.800,242.800,242.800,6
20260211105300,242.900,242.940,242.710,242.710,12
20260211105400,242.700,242.900,242.410,242.900,14
20260211105500,242.890,242.900,242.220,242.220,16
20260211105600,242.660,242.660,241.930,241.930,15
20260211105700,241.920,242.560,241.910,242.560,14
20260211105800,242.570,242.700,242.570,242.700,30
20260211105900,242.800,242.890,242.800,242.890,7
20260211110000,242.900,242.900,242.800,242.800,19
20260211110100,242.940,242.950,242.400,242.400,22
20260211110200,242.960,242.960,242.420,242.940,16
20260211110300,242.580,242.580,242.580,242.580,2
20260211110400,242.580,242.590,242.580,242.590,14
20260211110500,242.590,242.600,241.980,242.010,38
20260211110600,242.500,242.500,242.000,242.000,4
20260211110700,241.920,242.430,241.750,241.750,29
20260211110800,242.240,242.240,242.240,242.240,6
20260211110900,241.800,242.370,241.750,241.750,17
20260211111000,241.800,242.150,241.800,241.800,9
20260211111100,241.600,241.600,241.600,241.600,2
20260211111200,241.600,242.050,241.560,241.560,19
20260211111300,241.530,242.030,241.530,241.790,71
20260211111400,241.700,242.040,241.690,242.040,9
20260211111500,242.060,242.460,242.060,242.460,47
20260211111600,242.040,242.040,242.040,242.040,2
20260211111700,242.450,242.450,242.040,242.040,19
20260211111800,242.430,242.430,242.050,242.420,19
20260211111900,241.960,241.960,241.960,241.960,6
20260211112000,241.960,241.960,241.960,241.960,0
20260211112100,241.960,242.440,241.960,242.440,12
20260211112200,241.960,242.390,241.960,242.390,10
20260211112300,242.390,242.390,242.390,242.390,0
20260211112400,241.950,242.230,241.800,241.800,24
20260211112500,241.800,241.800,241.010,241.010,42
20260211112600,242.240,242.250,241.810,241.940,33
20260211112700,242.240,242.250,242.240,242.250,4
20260211112800,241.590,242.230,241.590,242.230,6
20260211112900,241.760,242.180,241.760,242.180,4
20260211113000,241.570,241.570,241.570,241.570,9
20260211130100,241.690,241.690,241.150,241.570,51
20260211130200,241.150,241.660,241.150,241.660,4
20260211130300,241.170,241.480,241.100,241.180,19
20260211130400,241.100,241.500,241.040,241.500,10
20260211130500,241.140,241.140,241.130,241.130,27
20260211130600,241.050,241.330,241.010,241.170,43
20260211130700,241.060,241.250,241.060,241.150,17
20260211130800,241.140,241.320,241.130,241.320,11
20260211130900,241.100,241.320,241.100,241.100,10
20260211131000,241.100,241.100,241.050,241.050,38
20260211131100,241.040,241.040,241.040,241.040,2
20260211131200,241.100,241.240,241.040,241.240,30
20260211131300,241.320,241.320,241.250,241.250,13
20260211131400,241.330,241.420,241.320,241.420,31
20260211131500,241.420,241.420,241.420,241.420,2
20260211131600,241.420,241.510,241.180,241.510,37
20260211131700,241.510,241.510,241.290,241.290,21
20260211131800,241.330,241.460,241.310,241.310,17
20260211131900,241.510,241.850,241.510,241.850,50
20260211132000,241.850,241.850,241.550,241.700,22
20260211132100,241.750,241.750,241.540,241.540,20
20260211132200,241.760,241.910,241.760,241.870,13
20260211132300,241.850,242.420,241.850,242.420,141
20260211132400,242.060,242.130,242.030,242.130,68
20260211132500,241.930,242.140,241.920,242.140,24
20260211132600,242.040,242.040,241.870,242.000,67
20260211132700,241.590,242.000,241.590,242.000,5
20260211132800,242.000,242.000,242.000,242.000,6
20260211132900,241.920,241.920,241.910,241.910,4
20260211133000,241.690,242.800,241.690,242.800,175
20260211133100,242.900,243.150,242.850,243.140,64
20260211133200,242.890,242.990,242.890,242.890,29
20260211133300,242.890,242.940,242.890,242.940,12
20260211133400,242.840,242.840,242.840,242.840,4
20260211133500,242.840,243.070,242.580,243.070,107
20260211133600,243.000,243.000,242.760,242.970,47
20260211133700,242.970,242.970,242.970,242.970,0
20260211133800,242.960,242.960,242.590,242.590,8
20260211133900,242.930,242.930,242.620,242.630,14
20260211134000,242.580,242.710,242.330,242.330,89
20260211134100,242.700,242.700,242.070,242.070,15
20260211134200,241.880,242.210,241.700,242.000,31
20260211134300,241.900,242.300,241.900,242.220,23
20260211134400,242.120,242.220,242.000,242.010,10
20260211134500,242.000,242.000,242.000,242.000,2
20260211134600,242.000,242.170,242.000,242.170,8
20260211134700,242.090,242.170,242.000,242.170,19
20260211134800,242.010,242.170,242.000,242.000,8
20260211134900,242.280,242.720,242.220,242.300,79
20260211135000,242.300,242.680,242.300,242.680,4
20260211135100,242.680,242.680,242.680,242.680,0
20260211135200,242.630,242.630,242.320,242.320,8
20260211135300,242.340,242.620,242.300,242.300,30
20260211135400,242.300,242.590,242.000,242.000,33
20260211135500,242.030,242.070,241.700,242.070,20
20260211135600,241.730,241.980,241.670,241.670,18
20260211135700,241.980,241.980,241.560,241.930,30
20260211135800,241.560,241.930,241.560,241.930,7
20260211135900,241.550,241.990,241.540,241.550,21
20260211140000,241.870,241.870,241.190,241.190,47
20260211140100,241.150,241.580,241.150,241.580,78
20260211140200,241.580,241.680,241.580,241.630,22
20260211140300,241.630,241.630,241.630,241.630,0
20260211140400,241.830,241.830,241.830,241.830,2
20260211140500,241.840,241.840,241.510,241.510,28
20260211140600,241.510,241.510,241.210,241.210,28
20260211140700,241.210,241.510,241.210,241.210,9
20260211140800,241.200,241.200,241.190,241.190,25
20260211140900,241.190,241.200,241.180,241.180,18
20260211141000,241.000,241.290,241.000,241.000,191
20260211141100,241.010,241.170,241.010,241.150,112
20260211141200,241.160,241.280,241.160,241.280,104
20260211141300,241.100,241.110,241.100,241.110,4
20260211141400,241.260,241.270,241.000,241.000,110
20260211141500,241.000,241.270,241.000,241.270,38
20260211141600,241.020,241.030,241.020,241.030,6
20260211141700,241.030,241.230,241.010,241.100,37
20260211141800,241.220,241.230,241.090,241.120,20
20260211141900,241.120,241.190,241.100,241.100,10
20260211142000,241.080,241.530,241.080,241.230,64
20260211142100,241.230,241.230,241.100,241.230,7
20260211142200,241.100,241.100,241.100,241.100,4
20260211142300,241.100,241.100,241.100,241.100,16
20260211142400,241.210,241.530,241.090,241.530,49
20260211142500,241.270,241.270,241.270,241.270,2
20260211142600,241.510,241.520,241.290,241.300,45
20260211142700,241.300,241.510,241.300,241.510,24
20260211142800,241.500,241.500,241.290,241.290,27
20260211142900,241.300,241.390,241.290,241.290,16
20260211143000,241.290,241.290,241.260,241.260,23
20260211143100,241.250,241.400,241.180,241.290,39
20260211143200,241.180,241.400,241.180,241.180,10
20260211143300,241.180,241.190,241.180,241.190,16
20260211143400,241.400,241.400,241.160,241.400,16
20260211143500,241.400,241.400,241.150,241.150,33
20260211143600,241.410,241.450,241.150,241.150,21
20260211143700,241.150,241.150,241.060,241.080,64
20260211143800,241.080,241.090,241.060,241.090,9
20260211143900,241.040,241.190,241.000,241.000,65
20260211144000,241.090,241.190,241.000,241.000,14
20260211144100,241.220,241.220,241.000,241.010,43
20260211144200,241.000,241.220,241.000,241.000,30
20260211144300,241.000,241.220,241.000,241.010,16
20260211144400,241.000,241.200,241.000,241.000,28
20260211144500,241.160,241.200,241.000,241.200,19
20260211144600,241.010,241.200,241.000,241.200,37
20260211144700,241.220,241.220,241.000,241.010,14
20260211144800,241.010,241.220,241.000,241.210,40
20260211144900,241.000,241.200,241.000,241.180,38
20260211145000,241.000,241.220,241.000,241.220,13
20260211145100,241.220,241.660,241.150,241.320,50
20260211145200,241.470,241.630,241.330,241.630,21
20260211145300,241.330,241.630,241.290,241.630,34
20260211145400,241.630,241.640,241.300,241.640,23
20260211145500,241.660,241.660,241.330,241.660,32
20260211145600,241.660,241.670,241.550,241.670,60
20260211145700,241.720,241.980,241.330,241.330,54
20260211145800,241.330,241.330,241.330,241.330,0
20260211145900,241.330,241.330,241.330,241.330,0
20260211150000,240.960,240.960,240.960,240.960,82
20260212093000,241.970,241.970,241.970,241.970,16
20260212093100,242.570,242.570,239.880,240.190,111
20260212093200,240.310,240.910,240.190,240.190,49
20260212093300,239.990,239.990,239.030,239.030,94
20260212093400,239.410,239.430,239.180,239.180,17
20260212093500,239.360,239.430,239.240,239.260,30
20260212093600,239.270,239.980,239.260,239.980,86
20260212093700,239.680,239.690,239.240,239.410,26
20260212093800,239.580,239.690,239.580,239.580,25
20260212093900,239.610,239.720,239.610,239.720,7
20260212094000,239.800,239.810,239.620,239.620,14
20260212094100,239.810,240.800,239.810,240.790,27
20260212094200,240.790,241.450,240.510,240.840,87
20260212094300,241.100,241.100,240.640,241.020,15
20260212094400,241.120,241.450,240.650,240.650,34
20260212094500,241.050,241.080,240.850,240.850,7
20260212094600,241.110,241.420,240.980,241.050,41
20260212094700,241.390,241.390,240.300,240.840,74
20260212094800,240.470,240.470,240.300,240.300,21
20260212094900,240.000,240.010,240.000,240.010,8
20260212095000,240.000,240.220,239.880,240.220,20
20260212095100,239.770,240.290,239.770,240.190,33
20260212095200,240.190,240.190,239.790,240.140,25
20260212095300,240.140,240.170,239.870,240.170,11
20260212095400,240.190,240.610,240.190,240.600,34
20260212095500,240.600,240.750,240.480,240.750,14
20260212095600,240.830,240.830,240.420,240.810,8
20260212095700,240.840,240.980,240.610,240.610,43
20260212095800,240.800,240.800,239.960,240.310,62
20260212095900,240.320,240.320,239.970,240.250,18
20260212100000,240.210,240.310,239.910,240.310,15
20260212100100,240.310,240.400,240.220,240.400,9
20260212100200,240.250,240.680,240.250,240.680,14
20260212100300,240.390,240.550,240.390,240.530,65
20260212100400,240.540,240.540,240.280,240.280,8
20260212100500,240.530,240.530,240.530,240.530,8
20260212100600,240.540,240.540,240.300,240.530,9
20260212100700,240.530,240.670,240.530,240.660,13
20260212100800,240.810,241.350,240.810,241.350,52
20260212100900,241.290,241.770,241.290,241.760,133
20260212101000,241.730,241.730,241.330,241.730,28
20260212101100,241.690,241.700,241.300,241.610,21
20260212101200,241.550,241.550,241.550,241.550,2
20260212101300,241.290,241.290,241.170,241.280,12
20260212101400,241.050,241.050,241.030,241.050,10
20260212101500,241.040,241.320,241.040,241.320,29
20260212101600,241.500,241.610,241.500,241.610,13
20260212101700,241.600,241.600,241.320,241.320,16
20260212101800,241.070,241.070,241.060,241.060,4
20260212101900,241.060,241.240,240.960,241.220,13
20260212102000,240.970,241.300,240.970,241.300,18
20260212102100,241.300,241.590,241.270,241.590,39
20260212102200,241.650,241.950,241.650,241.950,37
20260212102300,241.950,241.950,241.420,241.640,61
20260212102400,241.640,241.640,241.640,241.640,0
20260212102500,241.640,241.640,241.640,241.640,0
20260212102600,241.280,241.280,241.270,241.280,17
20260212102700,240.980,240.980,240.980,240.980,3
20260212102800,240.980,241.230,240.980,241.230,26
20260212102900,240.980,241.220,240.980,240.980,11
20260212103000,240.910,241.010,240.910,241.010,45
20260212103100,240.420,241.220,240.420,241.220,17
20260212103200,240.990,240.990,240.990,240.990,11
20260212103300,240.970,240.970,240.970,240.970,2
20260212103400,240.980,240.980,240.970,240.970,16
20260212103500,240.770,240.980,240.770,240.980,8
20260212103600,240.800,241.270,240.760,241.270,29
20260212103700,240.880,241.240,240.800,240.950,55
20260212103800,240.640,240.780,240.500,240.750,19
20260212103900,240.740,240.740,240.740,240.740,2
20260212104000,241.000,241.260,241.000,241.000,62
20260212104100,241.260,241.260,240.820,241.190,31
20260212104200,240.840,241.590,240.840,241.590,54
20260212104300,241.590,241.590,241.140,241.140,9
20260212104400,241.450,241.470,241.450,241.470,16
20260212104500,241.470,241.480,241.470,241.480,6
20260212104600,241.490,241.490,241.490,241.490,11
20260212104700,241.550,241.550,241.380,241.380,16
20260212104800,241.370,241.370,241.150,241.150,15
20260212104900,241.150,241.150,241.030,241.150,7
20260212105000,241.320,241.320,241.150,241.150,6
20260212105100,241.030,241.030,241.030,241.030,6
20260212105200,241.140,241.140,240.190,240.380,370
20260212105300,240.380,240.780,240.190,240.190,62
20260212105400,240.010,240.520,240.010,240.430,59
20260212105500,240.010,240.430,239.900,239.900,53
20260212105600,240.220,240.220,239.800,239.800,21
20260212105700,239.770,240.050,239.770,240.040,7
20260212105800,239.800,240.000,239.780,240.000,10
20260212105900,239.990,239.990,239.770,239.780,10
20260212110000,239.760,239.950,239.620,239.620,26
20260212110100,239.620,240.330,239.620,240.330,44
20260212110200,240.330,240.330,240.320,240.320,36
20260212110300,240.190,240.190,240.000,240.190,11
20260212110400,240.190,240.190,240.190,240.190,20
20260212110500,240.190,240.190,240.180,240.180,28
20260212110600,240.180,240.180,240.180,240.180,4
20260212110700,240.190,240.190,240.190,240.190,4
20260212110800,240.140,240.140,240.140,240.140,5
20260212110900,239.940,239.990,239.940,239.970,30
20260212111000,239.990,240.000,239.990,240.000,5
20260212111100,240.070,240.100,240.070,240.100,8
20260212111200,240.190,240.350,240.190,240.350,35
20260212111300,240.100,240.180,240.100,240.100,6
20260212111400,240.260,240.260,240.100,240.100,7
20260212111500,240.270,240.370,240.270,240.270,8
20260212111600,240.270,240.270,240.270,240.270,0
20260212111700,240.150,240.160,240.150,240.160,6
20260212111800,240.180,240.180,240.160,240.160,5
20260212111900,240.000,240.000,240.000,240.000,2
20260212112000,240.000,240.290,240.000,240.290,4
20260212112100,240.290,240.290,240.290,240.290,0
20260212112200,240.000,240.170,240.000,240.170,4
20260212112300,240.000,240.000,240.000,240.000,4
20260212112400,240.000,240.000,239.880,239.990,15
20260212112500,240.000,240.000,240.000,240.000,10
20260212112600,239.990,239.990,239.860,239.860,5
20260212112700,239.980,239.980,239.980,239.980,3
20260212112800,239.930,239.930,239.930,239.930,2
20260212112900,239.910,239.910,239.810,239.810,12
20260212113000,239.780,239.780,239.780,239.780,2
20260212130100,239.790,240.000,239.710,239.800,83
20260212130200,239.680,239.680,239.580,239.580,19
20260212130300,239.780,239.780,239.580,239.770,11
20260212130400,239.580,239.680,239.580,239.670,12
20260212130500,239.650,239.650,239.250,239.250,232
20260212130600,239.120,239.120,239.000,239.000,129
20260212130700,239.120,239.400,239.120,239.400,44
20260212130800,239.300,239.760,239.300,239.300,15
20260212130900,239.790,239.790,239.790,239.790,2
20260212131000,239.440,239.440,239.440,239.440,2
20260212131100,239.430,239.430,239.430,239.430,2
20260212131200,239.430,239.430,239.410,239.410,8
20260212131300,239.710,239.710,239.320,239.630,11
20260212131400,239.300,239.540,239.260,239.540,19
20260212131500,239.180,239.180,239.180,239.180,10
20260212131600,239.180,239.180,239.180,239.180,2
20260212131700,239.140,239.380,239.060,239.380,12
20260212131800,239.380,239.380,239.120,239.120,6
20260212131900,239.350,239.350,239.020,239.020,12
20260212132000,239.030,239.030,239.030,239.030,27
20260212132100,239.030,239.030,239.020,239.020,6
20260212132200,239.020,239.030,239.000,239.000,15
20260212132300,239.030,239.160,238.750,238.750,204
20260212132400,238.740,238.740,238.640,238.640,23
20260212132500,238.640,238.640,238.640,238.640,0
20260212132600,238.800,238.990,238.800,238.800,12
20260212132700,238.800,238.800,238.500,238.500,21
20260212132800,238.800,238.800,238.330,238.330,46
20260212132900,238.360,238.780,238.360,238.780,6
20260212133000,238.750,238.760,238.570,238.570,14
20260212133100,238.570,238.570,238.570,238.570,2
20260212133200,238.760,238.840,238.530,238.570,43
20260212133300,238.470,238.470,238.380,238.380,13
20260212133400,238.350,238.360,238.330,238.360,18
20260212133500,238.360,238.360,238.270,238.270,22
20260212133600,238.170,238.170,238.000,238.000,55
20260212133700,238.000,238.140,238.000,238.140,45
20260212133800,238.190,238.250,238.140,238.150,10
20260212133900,238.330,238.360,238.330,238.360,20
20260212134000,238.350,238.460,238.250,238.360,20
20260212134100,238.350,238.490,238.350,238.350,16
20260212134200,238.580,238.580,238.580,238.580,4
20260212134300,238.580,238.700,238.580,238.700,7
20260212134400,238.700,238.700,238.590,238.590,22
20260212134500,238.590,238.590,238.570,238.580,26
20260212134600,238.580,238.580,238.190,238.190,44
20260212134700,238.190,238.330,238.080,238.080,36
20260212134800,238.110,238.210,238.020,238.210,47
20260212134900,238.050,238.050,237.860,238.000,413
20260212135000,237.790,237.980,237.600,237.600,51
20260212135100,237.960,237.960,237.520,237.530,39
20260212135200,237.650,237.890,237.520,237.520,29
20260212135300,237.480,237.860,237.480,237.480,35
20260212135400,237.480,237.480,237.350,237.430,25
20260212135500,237.250,237.670,237.250,237.260,35
20260212135600,237.270,237.620,237.260,237.300,19
20260212135700,237.310,237.570,237.300,237.300,16
20260212135800,237.540,237.540,237.330,237.510,14
20260212135900,237.300,237.480,237.300,237.330,34
20260212140000,237.460,237.460,237.270,237.270,48
20260212140100,237.310,237.340,237.120,237.340,77
20260212140200,237.530,237.810,237.340,237.340,24
20260212140300,237.470,237.520,237.460,237.510,105
20260212140400,237.600,237.600,237.340,237.340,41
20260212140500,237.370,237.370,237.170,237.170,50
20260212140600,237.150,237.150,237.130,237.150,61
20260212140700,237.120,237.120,237.000,237.000,80
20260212140800,237.010,237.010,236.390,236.410,91
20260212140900,236.750,236.750,236.380,236.380,52
20260212141000,236.380,236.570,236.330,236.390,43
20260212141100,236.550,236.550,236.390,236.390,49
20260212141200,236.330,236.490,236.330,236.490,46
20260212141300,236.420,236.640,236.420,236.550,52
20260212141400,236.430,236.430,236.320,236.340,33
20260212141500,236.330,236.330,236.300,236.300,40
20260212141600,236.300,236.300,236.270,236.270,49
20260212141700,236.260,236.260,236.090,236.090,99
20260212141800,236.090,236.770,236.090,236.580,127
20260212141900,236.580,236.970,236.580,236.750,59
20260212142000,236.510,236.750,236.400,236.610,177
20260212142100,236.620,236.940,236.500,236.500,39
20260212142200,236.500,237.700,236.500,237.250,465
20260212142300,236.970,237.230,236.750,236.820,68
20260212142400,236.830,237.210,236.830,237.210,113
20260212142500,237.230,237.260,237.000,237.000,67
20260212142600,237.100,237.750,237.100,237.370,266
20260212142700,237.370,237.500,237.360,237.360,86
20260212142800,237.130,237.130,236.560,236.970,35
20260212142900,236.700,236.900,236.700,236.890,72
20260212143000,236.750,236.950,236.700,236.940,109
20260212143100,236.800,237.100,236.780,237.100,77
20260212143200,237.100,237.100,237.060,237.060,71
20260212143300,237.060,237.060,236.820,236.820,23
20260212143400,236.840,237.030,236.830,236.990,151
20260212143500,237.060,237.060,236.840,236.840,25
20260212143600,236.850,237.000,236.800,237.000,79
20260212143700,237.080,237.090,236.570,236.570,82
20260212143800,236.570,236.870,236.570,236.610,84
20260212143900,236.600,236.620,236.510,236.570,58
20260212144000,236.790,237.240,236.790,236.920,225
20260212144100,236.910,236.910,236.510,236.510,25
20260212144200,236.510,236.860,236.510,236.620,42
20260212144300,236.630,236.790,236.600,236.770,46
20260212144400,236.760,236.760,236.500,236.500,77
20260212144500,236.510,236.530,236.500,236.500,69
20260212144600,236.500,236.630,236.500,236.630,44
20260212144700,236.630,236.850,236.630,236.850,22
20260212144800,236.790,236.920,236.700,236.700,32
20260212144900,236.700,236.700,236.520,236.520,32
20260212145000,236.630,236.800,236.530,236.530,74
20260212145100,236.760,236.820,236.630,236.800,25
20260212145200,236.760,236.760,236.620,236.620,33
20260212145300,236.610,236.610,236.500,236.500,28
20260212145400,236.520,236.520,236.400,236.400,51
20260212145500,236.420,236.990,236.420,236.920,149
20260212145600,236.820,236.860,236.420,236.420,77
20260212145700,236.410,236.800,236.160,236.800,105
20260212145800,236.800,236.800,236.800,236.800,0
20260212145900,236.800,236.800,236.800,236.800,0
20260212150000,236.650,236.650,236.650,236.650,88
20260213093000,234.250,234.250,234.250,234.250,24
20260213093100,234.000,239.500,234.000,237.790,213
20260213093200,238.000,239.260,235.660,235.940,95
20260213093300,237.060,237.060,235.550,235.750,23
20260213093400,235.750,235.840,235.210,235.840,81
20260213093500,236.240,236.660,236.240,236.660,19
20260213093600,236.270,236.270,235.760,236.180,59
20260213093700,236.150,236.670,235.620,235.620,96
20260213093800,236.130,236.390,236.130,236.390,23
20260213093900,236.360,236.360,236.000,236.000,20
20260213094000,236.000,236.360,235.950,235.970,24
20260213094100,235.970,236.330,235.800,235.810,17
20260213094200,235.970,236.120,235.820,236.120,17
20260213094300,236.310,236.310,236.010,236.210,25
20260213094400,236.190,236.190,236.040,236.170,11
20260213094500,236.210,236.210,235.810,235.990,16
20260213094600,235.990,236.000,235.990,235.990,6
20260213094700,236.000,236.330,235.990,236.000,14
20260213094800,235.890,235.890,235.640,235.670,18
20260213094900,235.640,235.750,235.640,235.640,30
20260213095000,235.640,235.640,235.400,235.640,17
20260213095100,235.960,235.960,235.960,235.960,2
20260213095200,235.930,235.930,235.790,235.790,6
20260213095300,235.640,236.140,235.640,235.800,25
20260213095400,235.850,235.850,235.800,235.820,11
20260213095500,235.820,235.820,235.410,235.410,14
20260213095600,235.410,236.100,235.410,236.100,16
20260213095700,235.870,236.570,235.870,236.570,84
20260213095800,236.570,236.570,236.570,236.570,0
20260213095900,236.900,236.900,236.340,236.340,12
20260213100000,236.620,236.620,236.090,236.620,11
20260213100100,236.140,236.290,236.000,236.000,44
20260213100200,236.000,236.000,235.680,235.680,9
20260213100300,235.670,235.800,235.620,235.660,26
20260213100400,235.650,235.840,235.650,235.670,12
20260213100500,235.670,235.670,235.620,235.620,10
20260213100600,235.500,235.620,235.360,235.490,18
20260213100700,235.490,235.490,235.000,235.000,585
20260213100800,234.990,235.050,234.280,234.290,589
20260213100900,234.270,234.280,233.100,233.230,123
20260213101000,233.230,233.950,233.230,233.800,114
20260213101100,233.800,233.800,233.470,233.510,65
20260213101200,233.510,233.800,233.430,233.800,41
20260213101300,233.500,233.510,233.500,233.510,27
20260213101400,233.520,233.920,233.520,233.530,10
20260213101500,233.530,233.530,233.530,233.530,17
20260213101600,233.500,233.560,233.430,233.560,45
20260213101700,233.870,234.190,233.870,234.190,4
20260213101800,234.200,234.200,233.870,233.870,8
20260213101900,233.860,233.860,233.860,233.860,2
20260213102000,234.040,234.960,233.860,234.340,81
20260213102100,234.000,235.130,234.000,235.130,133
20260213102200,235.090,235.090,234.670,234.940,25
20260213102300,234.930,235.080,234.900,235.080,17
20260213102400,234.940,235.060,234.570,235.000,31
20260213102500,234.600,235.060,234.580,235.060,78
20260213102600,235.060,235.060,234.900,235.050,11
20260213102700,234.960,235.050,234.960,235.050,4
20260213102800,234.960,235.390,234.960,234.970,19
20260213102900,235.150,235.400,235.060,235.400,19
20260213103000,235.460,235.780,235.460,235.480,15
20260213103100,235.480,235.480,235.480,235.480,0
20260213103200,235.630,235.650,235.500,235.650,7
20260213103300,235.650,235.650,235.650,235.650,0
20260213103400,235.490,235.590,235.320,235.570,14
20260213103500,235.570,235.570,235.230,235.300,25
20260213103600,235.650,235.700,235.510,235.510,17
20260213103700,235.700,235.700,235.350,235.690,50
20260213103800,235.520,235.600,235.510,235.600,16
20260213103900,235.440,235.440,235.440,235.440,2
20260213104000,235.440,235.440,235.440,235.440,0
20260213104100,235.440,235.440,235.440,235.440,4
20260213104200,235.430,235.800,235.430,235.780,50
20260213104300,235.300,235.300,234.570,234.590,196
20260213104400,234.820,234.820,234.500,234.600,18
20260213104500,234.760,234.760,234.600,234.600,4
20260213104600,234.680,234.680,234.640,234.640,15
20260213104700,234.600,234.600,234.600,234.600,2
20260213104800,234.960,234.960,234.960,234.960,2
20260213104900,234.620,234.620,234.600,234.600,11
20260213105000,234.600,234.600,234.600,234.600,2
20260213105100,234.650,234.650,234.650,234.650,2
20260213105200,234.650,234.650,234.650,234.650,3
20260213105300,234.510,234.510,234.500,234.500,6
20260213105400,234.500,234.500,234.500,234.500,0
20260213105500,234.600,234.620,234.500,234.500,22
20260213105600,234.550,234.550,234.550,234.550,4
20260213105700,234.270,234.270,234.050,234.050,82
20260213105800,234.190,234.210,234.190,234.210,17
20260213105900,234.190,234.190,234.190,234.190,7
20260213110000,234.260,234.810,234.050,234.810,105
20260213110100,234.820,235.120,234.640,234.760,90
20260213110200,235.000,235.000,234.480,234.480,15
20260213110300,234.390,234.390,234.390,234.390,6
20260213110400,234.400,234.400,234.390,234.390,4
20260213110500,234.390,234.390,234.390,234.390,2
20260213110600,234.380,234.380,234.380,234.380,7
20260213110700,234.370,234.370,234.270,234.270,9
20260213110800,234.300,234.330,234.110,234.110,21
20260213110900,234.120,234.120,234.120,234.120,6
20260213111000,234.120,234.120,234.120,234.120,8
20260213111100,234.150,234.150,234.120,234.120,33
20260213111200,234.110,234.110,234.110,234.110,7
20260213111300,234.120,234.600,234.120,234.600,10
20260213111400,234.600,234.600,234.300,234.300,4
20260213111500,234.200,234.580,234.160,234.580,10
20260213111600,234.160,234.520,234.150,234.500,22
20260213111700,234.480,234.480,234.160,234.160,15
20260213111800,234.350,234.350,234.120,234.120,10
20260213111900,234.120,234.280,234.120,234.270,27
20260213112000,234.110,234.260,234.000,234.260,81
20260213112100,234.240,234.240,234.040,234.050,20
20260213112200,234.060,234.190,233.770,234.140,462
20260213112300,234.140,234.170,233.650,234.150,135
20260213112400,233.750,234.080,233.520,233.520,34
20260213112500,233.980,234.150,233.790,234.150,18
20260213112600,234.150,234.680,234.150,234.580,27
20260213112700,234.590,234.590,234.580,234.580,4
20260213112800,234.280,234.280,234.280,234.280,4
20260213112900,234.280,234.520,234.280,234.520,13
20260213113000,234.260,234.260,234.260,234.260,2
20260213130100,234.260,234.510,234.260,234.510,8
20260213130200,234.040,234.440,233.950,234.440,12
20260213130300,234.390,234.390,233.950,233.950,4
20260213130400,233.950,233.950,233.950,233.950,0
20260213130500,234.350,234.360,234.000,234.020,19
20260213130600,234.020,234.020,234.020,234.020,0
20260213130700,234.000,234.000,233.610,233.970,50
20260213130800,233.980,234.330,233.970,234.330,22
20260213130900,234.330,234.330,234.330,234.330,0
20260213131000,234.060,234.060,233.800,233.970,29
20260213131100,233.600,234.150,233.590,233.590,59
20260213131200,233.600,234.090,233.600,234.000,12
20260213131300,233.800,233.960,233.610,233.960,38
20260213131400,233.940,233.940,233.620,233.620,15
20260213131500,233.570,233.570,233.570,233.570,2
20260213131600,233.900,233.900,233.650,233.650,10
20260213131700,233.630,233.890,233.630,233.640,10
20260213131800,233.900,233.920,233.580,233.920,25
20260213131900,233.920,233.950,233.580,233.950,21
20260213132000,233.570,233.990,233.570,233.700,12
20260213132100,233.700,233.930,233.580,233.580,10
20260213132200,233.660,233.880,233.660,233.880,5
20260213132300,233.880,233.880,233.670,233.850,8
20260213132400,233.670,233.850,233.670,233.670,6
20260213132500,233.660,233.850,233.660,233.850,4
20260213132600,233.840,233.840,233.840,233.840,4
20260213132700,233.600,233.610,233.600,233.610,6
20260213132800,233.430,233.850,233.430,233.820,260
20260213132900,233.430,233.770,233.430,233.760,12
20260213133000,233.430,233.740,233.430,233.720,15
20260213133100,233.710,233.710,233.500,233.710,12
20260213133200,233.720,233.720,233.720,233.720,2
20260213133300,233.720,233.720,233.510,233.720,18
20260213133400,233.730,233.750,233.730,233.750,6
20260213133500,233.500,233.500,233.500,233.500,4
20260213133600,233.800,233.820,233.500,233.820,22
20260213133700,233.470,233.810,233.470,233.800,10
20260213133800,233.490,233.800,233.490,233.800,8
20260213133900,233.810,233.810,233.810,233.810,2
20260213134000,233.500,233.810,233.500,233.520,12
20260213134100,233.920,234.560,233.920,234.080,75
20260213134200,234.550,234.560,234.550,234.550,18
20260213134300,234.550,234.550,234.550,234.550,0
20260213134400,234.540,234.540,234.540,234.540,2
20260213134500,234.490,234.500,234.190,234.500,6
20260213134600,234.510,234.510,234.190,234.510,10
20260213134700,234.190,234.510,234.190,234.510,4
20260213134800,234.220,234.220,234.220,234.220,2
20260213134900,234.530,234.530,234.150,234.150,6
20260213135000,234.530,234.530,233.990,233.990,6
20260213135100,233.990,233.990,233.990,233.990,2
20260213135200,234.430,234.430,233.990,234.000,21
20260213135300,234.310,234.360,234.310,234.360,8
20260213135400,234.000,234.000,234.000,234.000,2
20260213135500,234.130,234.230,233.990,234.230,8
20260213135600,234.230,234.230,234.230,234.230,0
20260213135700,233.990,234.220,233.800,234.220,23
20260213135800,234.220,234.220,234.220,234.220,6
20260213135900,234.220,234.360,234.220,234.360,13
20260213140000,234.360,234.360,234.360,234.360,0
20260213140100,234.370,234.370,233.930,233.930,13
20260213140200,233.930,233.930,233.930,233.930,0
20260213140300,233.930,233.930,233.930,233.930,0
20260213140400,234.330,234.330,233.500,233.780,128
20260213140500,233.780,233.780,233.740,233.740,12
20260213140600,233.750,233.750,233.750,233.750,7
20260213140700,233.760,233.810,233.760,233.790,34
20260213140800,233.790,234.000,233.780,233.780,84
20260213140900,233.650,233.650,233.520,233.520,6
20260213141000,233.530,233.530,233.530,233.530,4
20260213141100,233.530,233.550,233.390,233.550,66
20260213141200,233.550,233.550,233.390,233.390,9
20260213141300,233.390,233.390,233.390,233.390,2
20260213141400,233.390,233.400,233.390,233.390,12
20260213141500,233.500,233.620,233.500,233.620,6
20260213141600,233.430,233.430,233.360,233.360,11
20260213141700,233.360,233.360,233.360,233.360,0
20260213141800,233.410,233.630,233.410,233.630,13
20260213141900,233.520,233.520,233.520,233.520,2
20260213142000,233.510,233.510,233.510,233.510,4
20260213142100,233.500,233.800,233.490,233.790,23
20260213142200,233.790,233.790,233.570,233.570,10
20260213142300,233.570,233.760,233.570,233.760,8
20260213142400,233.570,233.750,233.370,233.430,30
20260213142500,233.460,233.480,233.330,233.330,45
20260213142600,233.350,233.470,233.330,233.470,15
20260213142700,233.480,233.500,233.330,233.360,22
20260213142800,233.360,233.360,233.360,233.360,2
20260213142900,233.360,233.360,233.360,233.360,0
20260213143000,233.410,233.410,233.200,233.200,173
20260213143100,233.250,233.250,233.010,233.010,96
20260213143200,233.060,233.340,233.060,233.340,31
20260213143300,233.070,233.350,233.070,233.070,27
20260213143400,233.320,233.320,233.320,233.320,4
20260213143500,233.320,233.320,233.110,233.110,5
20260213143600,233.200,233.310,233.200,233.310,11
20260213143700,233.330,233.330,233.120,233.120,22
20260213143800,233.130,233.130,232.900,232.900,348
20260213143900,232.770,232.770,232.540,232.550,80
20260213144000,232.550,232.650,232.520,232.550,34
20260213144100,232.530,232.620,232.220,232.400,91
20260213144200,232.250,232.460,232.250,232.330,20
20260213144300,232.360,232.590,232.350,232.580,18
20260213144400,232.350,232.570,232.320,232.320,36
20260213144500,232.300,232.450,232.200,232.300,79
20260213144600,232.440,232.440,232.080,232.080,63
20260213144700,232.100,232.300,232.100,232.110,38
20260213144800,232.310,232.310,232.150,232.150,81
20260213144900,232.150,232.200,232.150,232.170,69
20260213145000,232.290,232.390,232.160,232.300,29
20260213145100,232.210,232.580,232.210,232.280,60
20260213145200,232.160,232.380,232.160,232.380,17
20260213145300,232.190,232.390,232.190,232.220,36
20260213145400,232.410,232.420,232.190,232.230,89
20260213145500,232.550,232.550,232.090,232.220,145
20260213145600,232.330,232.330,232.160,232.170,35
20260213145700,232.170,232.170,232.080,232.090,74
20260213145800,232.090,232.090,232.090,232.090,0
20260213145900,232.090,232.090,232.090,232.090,0
20260213150000,232.420,232.420,232.420,232.420,72
20260224093000,234.470,234.470,234.470,234.470,16
20260224093100,234.600,234.600,232.460,233.270,74
20260224093200,233.260,233.260,232.260,232.720,60
20260224093300,232.850,233.990,232.310,233.990,70
20260224093400,233.370,234.280,233.370,234.280,42
20260224093500,234.010,235.800,234.010,235.560,105
20260224093600,235.400,235.400,234.550,235.030,63
20260224093700,235.000,235.210,234.510,235.200,65
20260224093800,235.340,235.340,234.730,235.190,43
20260224093900,234.730,235.060,234.330,234.340,67
20260224094000,234.780,234.790,234.480,234.480,59
20260224094100,234.570,234.570,233.650,233.650,134
20260224094200,233.960,233.970,233.550,233.930,78
20260224094300,233.930,235.000,233.490,234.010,124
20260224094400,234.450,234.460,234.010,234.010,54
20260224094500,233.870,234.000,233.870,234.000,15
20260224094600,233.980,233.980,233.630,233.630,21
20260224094700,233.650,233.650,233.200,233.210,51
20260224094800,233.400,233.580,233.400,233.580,15
20260224094900,233.620,233.920,233.620,233.910,13
20260224095000,233.720,234.000,233.700,233.700,78
20260224095100,233.440,233.440,233.000,233.380,152
20260224095200,233.000,233.380,233.000,233.330,26
20260224095300,233.330,233.330,232.190,232.190,423
20260224095400,232.500,232.500,232.100,232.450,145
20260224095500,232.440,232.460,232.250,232.440,8
20260224095600,232.440,232.500,232.250,232.500,35
20260224095700,232.510,232.620,232.120,232.220,10
20260224095800,232.220,232.220,232.220,232.220,0
20260224095900,232.200,232.560,232.200,232.500,23
20260224100000,232.140,233.410,232.110,233.410,58
20260224100100,233.300,233.300,233.300,233.300,11
20260224100200,233.300,233.300,233.300,233.300,2
20260224100300,232.950,233.390,232.930,232.930,24
20260224100400,233.290,233.290,233.290,233.290,3
20260224100500,233.290,233.290,232.890,232.890,4
20260224100600,232.890,232.890,232.890,232.890,0
20260224100700,232.850,232.850,232.850,232.850,2
20260224100800,233.060,233.280,233.060,233.280,8
20260224100900,233.060,233.060,232.860,232.860,4
20260224101000,232.860,232.860,232.860,232.860,0
20260224101100,232.760,232.760,232.760,232.760,6
20260224101200,232.750,233.270,232.750,233.270,33
20260224101300,233.030,233.290,233.030,233.060,45
20260224101400,233.050,233.060,232.780,233.060,15
20260224101500,233.060,233.380,233.060,233.190,30
20260224101600,233.190,233.390,232.840,233.390,20
20260224101700,233.600,233.600,233.390,233.390,11
20260224101800,232.970,233.090,232.970,233.090,5
20260224101900,233.280,233.390,233.280,233.390,30
20260224102000,233.560,233.560,233.560,233.560,2
20260224102100,233.560,233.560,233.560,233.560,0
20260224102200,233.130,233.130,233.130,233.130,38
20260224102300,233.090,233.090,233.090,233.090,7
20260224102400,233.090,233.090,232.830,232.830,6
20260224102500,232.810,232.810,232.810,232.810,4
20260224102600,232.810,232.810,232.810,232.810,0
20260224102700,233.140,233.140,233.130,233.130,10
20260224102800,233.140,233.140,233.120,233.120,5
20260224102900,233.120,233.130,233.120,233.130,10
20260224103000,233.120,233.130,232.820,232.820,8
20260224103100,232.480,232.690,232.360,232.690,24
20260224103200,232.590,232.680,232.590,232.670,12
20260224103300,232.700,232.700,232.690,232.690,10
20260224103400,232.690,232.690,232.530,232.530,17
20260224103500,232.540,232.540,232.340,232.530,34
20260224103600,232.490,232.490,232.350,232.350,4
20260224103700,232.340,232.340,232.300,232.310,11
20260224103800,232.290,232.500,232.290,232.500,33
20260224103900,232.490,232.490,232.350,232.350,24
20260224104000,232.300,232.480,232.300,232.480,10
20260224104100,232.300,232.450,232.000,232.410,139
20260224104200,232.430,232.430,232.430,232.430,2
20260224104300,232.420,232.420,232.410,232.410,9
20260224104400,232.410,232.410,232.230,232.370,7
20260224104500,232.230,232.230,232.130,232.130,12
20260224104600,232.230,232.400,232.130,232.400,42
20260224104700,232.500,232.500,232.500,232.500,4
20260224104800,232.500,232.730,232.500,232.730,22
20260224104900,232.320,232.320,232.320,232.320,2
20260224105000,232.300,232.300,232.300,232.300,9
20260224105100,232.300,232.800,232.300,232.800,59
20260224105200,232.940,233.010,232.610,232.610,45
20260224105300,232.910,232.910,232.910,232.910,3
20260224105400,232.570,232.850,232.370,232.370,19
20260224105500,232.850,232.850,232.850,232.850,2
20260224105600,232.310,232.310,232.290,232.290,9
20260224105700,232.290,232.290,232.180,232.280,66
20260224105800,232.160,232.290,232.160,232.290,21
20260224105900,232.440,232.440,232.440,232.440,8
20260224110000,232.440,232.880,232.440,232.880,81
20260224110100,232.920,234.000,232.920,233.320,72
20260224110200,233.530,233.530,232.920,233.030,6
20260224110300,232.730,232.730,232.720,232.720,4
20260224110400,232.690,232.690,232.690,232.690,3
20260224110500,232.670,232.670,232.500,232.500,5
20260224110600,232.440,232.730,232.440,232.730,28
20260224110700,232.730,232.790,232.730,232.790,8
20260224110800,232.800,232.800,232.700,232.700,6
20260224110900,232.620,232.620,232.610,232.610,4
20260224111000,232.600,232.600,232.600,232.600,3
20260224111100,232.600,232.600,232.600,232.600,0
20260224111200,232.470,232.990,232.470,232.960,55
20260224111300,232.960,232.960,232.910,232.910,15
20260224111400,232.680,232.680,232.680,232.680,4
20260224111500,232.550,232.680,232.550,232.680,22
20260224111600,232.660,232.660,232.650,232.650,4
20260224111700,232.650,232.960,232.600,232.960,13
20260224111800,232.690,232.690,232.580,232.580,4
20260224111900,232.690,232.690,232.550,232.550,4
20260224112000,232.550,232.550,232.390,232.470,19
20260224112100,232.440,232.480,232.440,232.480,16
20260224112200,232.480,232.530,232.440,232.440,9
20260224112300,232.510,232.680,232.510,232.680,21
20260224112400,232.670,232.670,232.440,232.440,14
20260224112500,232.400,232.400,232.320,232.320,13
20260224112600,232.460,232.460,232.300,232.300,16
20260224112700,232.450,232.450,232.450,232.450,2
20260224112800,232.400,232.400,232.150,232.150,48
20260224112900,232.140,232.270,232.100,232.260,14
20260224113000,232.100,232.100,232.100,232.100,2
20260224130100,232.110,232.110,230.820,230.820,363
20260224130200,231.210,231.360,231.210,231.340,14
20260224130300,231.240,231.240,231.000,231.000,20
20260224130400,231.330,231.430,231.330,231.430,35
20260224130500,231.430,231.430,231.430,231.430,0
20260224130600,231.430,231.430,231.060,231.060,35
20260224130700,231.080,231.500,231.080,231.490,26
20260224130800,231.130,231.510,231.130,231.510,10
20260224130900,231.510,231.510,231.510,231.510,2
20260224131000,231.530,231.690,231.530,231.600,32
20260224131100,232.020,232.020,232.020,232.020,4
20260224131200,231.980,231.980,231.980,231.980,2
20260224131300,231.960,231.960,231.950,231.950,5
20260224131400,231.770,231.770,231.770,231.770,4
20260224131500,231.900,232.680,231.900,232.430,107
20260224131600,232.430,232.430,232.430,232.430,0
20260224131700,232.630,232.630,232.630,232.630,2
20260224131800,232.340,232.340,232.220,232.220,21
20260224131900,232.270,232.270,232.270,232.270,5
20260224132000,232.270,232.270,232.270,232.270,0
20260224132100,231.900,231.900,231.900,231.900,10
20260224132200,231.900,231.900,231.900,231.900,0
20260224132300,231.890,231.890,231.890,231.890,2
20260224132400,231.810,231.810,231.810,231.810,2
20260224132500,231.820,231.820,231.800,231.800,5
20260224132600,231.800,231.870,231.770,231.770,7
20260224132700,231.770,231.770,231.770,231.770,4
20260224132800,232.220,232.300,232.220,232.300,57
20260224132900,232.080,232.080,232.080,232.080,4
20260224133000,231.790,231.790,231.790,231.790,2
20260224133100,232.070,232.070,232.070,232.070,2
20260224133200,232.050,232.050,232.050,232.050,2
20260224133300,231.990,231.990,231.990,231.990,2
20260224133400,231.790,231.790,231.790,231.790,6
20260224133500,231.780,231.780,231.780,231.780,5
20260224133600,231.700,231.700,231.500,231.500,21
20260224133700,231.550,231.600,231.550,231.600,6
20260224133800,231.460,231.460,231.460,231.460,2
20260224133900,231.450,231.450,231.200,231.450,22
20260224134000,231.350,231.470,231.350,231.470,34
20260224134100,231.480,231.480,231.480,231.480,4
20260224134200,231.490,232.050,231.490,231.760,40
20260224134300,231.960,232.010,231.610,232.010,10
20260224134400,232.010,232.150,232.010,232.150,37
20260224134500,232.060,232.060,232.060,232.060,12
20260224134600,232.120,232.120,232.120,232.120,3
20260224134700,232.090,232.130,232.090,232.130,9
20260224134800,231.810,231.810,231.810,231.810,2
20260224134900,231.810,231.810,231.810,231.810,0
20260224135000,231.810,231.810,231.810,231.810,0
20260224135100,231.920,232.060,231.920,232.060,49
20260224135200,232.140,232.480,232.130,232.420,19
20260224135300,232.130,232.450,232.130,232.450,10
20260224135400,232.450,232.700,232.450,232.670,13
20260224135500,232.690,232.690,232.260,232.490,32
20260224135600,232.460,232.510,232.460,232.510,10
20260224135700,232.680,232.680,232.670,232.670,7
20260224135800,232.670,232.670,232.280,232.630,30
20260224135900,232.630,232.630,232.630,232.630,0
20260224140000,232.530,232.530,232.190,232.190,4
20260224140100,232.450,232.450,232.000,232.000,10
20260224140200,232.270,232.270,232.000,232.000,19
20260224140300,232.000,232.000,232.000,232.000,0
20260224140400,232.030,232.030,231.790,231.790,43
20260224140500,231.630,231.650,231.630,231.650,6
20260224140600,231.340,231.340,231.330,231.330,11
20260224140700,231.330,231.590,231.320,231.320,14
20260224140800,231.320,231.320,231.320,231.320,0
20260224140900,231.320,231.510,231.320,231.320,20
20260224141000,231.350,231.350,231.350,231.350,4
20260224141100,231.240,231.350,231.210,231.220,31
20260224141200,231.340,231.360,231.330,231.330,18
20260224141300,231.420,231.420,231.000,231.000,124
20260224141400,231.000,231.220,230.910,230.920,24
20260224141500,231.030,231.030,231.030,231.030,27
20260224141600,231.000,231.000,231.000,231.000,11
20260224141700,231.010,231.010,231.010,231.010,2
20260224141800,231.120,231.140,231.090,231.090,23
20260224141900,231.140,231.140,231.030,231.030,7
20260224142000,231.130,231.140,231.120,231.120,11
20260224142100,231.130,231.130,231.030,231.030,15
20260224142200,231.120,231.530,231.120,231.140,56
20260224142300,231.140,231.140,231.140,231.140,0
20260224142400,231.140,231.140,231.140,231.140,0
20260224142500,231.340,231.540,231.340,231.540,8
20260224142600,231.350,231.350,231.240,231.240,23
20260224142700,231.240,231.240,231.240,231.240,0
20260224142800,231.180,231.200,231.180,231.190,9
20260224142900,231.210,231.260,231.190,231.210,37
20260224143000,231.250,231.280,231.190,231.260,18
20260224143100,231.260,231.260,231.080,231.080,18
20260224143200,231.120,231.160,231.120,231.160,3
20260224143300,231.120,231.120,231.000,231.000,13
20260224143400,230.980,231.070,230.980,231.070,15
20260224143500,231.110,231.120,231.000,231.120,15
20260224143600,231.010,231.010,230.900,230.900,209
20260224143700,230.870,230.900,230.840,230.840,21
20260224143800,230.860,230.890,230.800,230.800,35
20260224143900,230.800,230.800,230.720,230.720,17
20260224144000,230.810,230.880,230.760,230.760,18
20260224144100,230.770,230.770,230.770,230.770,2
20260224144200,230.830,230.830,230.830,230.830,15
20260224144300,230.830,231.050,230.800,230.910,37
20260224144400,231.050,231.110,230.860,230.860,17
20260224144500,230.860,230.860,230.860,230.860,0
20260224144600,231.080,231.080,230.870,230.880,27
20260224144700,230.900,230.900,230.900,230.900,12
20260224144800,231.070,231.070,231.070,231.070,4
20260224144900,230.940,230.940,230.930,230.930,21
20260224145000,230.930,230.930,230.870,230.870,42
20260224145100,230.870,230.930,230.870,230.930,44
20260224145200,230.880,230.950,230.880,230.950,19
20260224145300,231.070,231.070,230.950,231.050,53
20260224145400,230.960,231.040,230.850,230.850,34
20260224145500,231.000,231.000,230.830,230.830,27
20260224145600,230.810,230.850,230.300,230.500,59
20260224145700,230.470,230.850,230.410,230.650,25
20260224145800,230.650,230.650,230.650,230.650,0
20260224145900,230.650,230.650,230.650,230.650,0
20260224150000,230.280,230.280,230.280,230.280,112
20260225093000,230.230,230.230,230.230,230.230,34
20260225093100,231.770,231.770,230.200,231.000,55
20260225093200,231.000,231.730,230.310,231.290,182
20260225093300,231.730,232.960,231.730,232.940,208
20260225093400,232.940,232.940,231.490,232.080,49
20260225093500,232.080,232.080,231.640,231.640,14
20260225093600,231.640,232.060,231.640,231.820,53
20260225093700,231.820,232.050,231.650,231.650,38
20260225093800,231.620,231.650,231.290,231.320,33
20260225093900,231.310,231.860,231.310,231.320,43
20260225094000,231.290,231.870,231.290,231.300,59
20260225094100,231.290,231.640,231.070,231.640,37
20260225094200,231.660,232.320,231.240,232.290,69
20260225094300,232.340,232.380,231.650,232.140,53
20260225094400,231.730,232.130,231.640,232.070,36
20260225094500,231.290,232.080,231.290,231.590,28
20260225094600,231.800,231.800,231.230,231.740,38
20260225094700,231.750,231.840,231.750,231.840,18
20260225094800,231.950,231.960,231.930,231.950,24
20260225094900,232.170,232.380,231.570,231.950,113
20260225095000,231.480,231.900,231.400,231.400,21
20260225095100,231.720,231.720,231.440,231.440,8
20260225095200,231.710,231.710,231.710,231.710,8
20260225095300,231.720,231.860,231.720,231.860,24
20260225095400,231.860,231.860,231.850,231.860,6
20260225095500,231.960,231.960,231.440,231.440,37
20260225095600,231.300,231.620,231.260,231.260,22
20260225095700,231.290,231.620,231.230,231.230,27
20260225095800,231.580,231.940,231.580,231.940,19
20260225095900,231.940,231.940,231.940,231.940,0
20260225100000,231.920,231.970,231.500,231.940,21
20260225100100,231.570,231.950,231.540,231.570,17
20260225100200,231.570,231.570,231.570,231.570,0
20260225100300,231.340,231.340,230.540,230.540,157
20260225100400,230.950,230.950,230.560,230.560,28
20260225100500,230.770,230.780,230.560,230.780,15
20260225100600,230.950,230.960,230.950,230.960,7
20260225100700,231.140,231.140,231.140,231.140,3
20260225100800,230.790,230.790,230.790,230.790,2
20260225100900,230.790,231.140,230.790,231.140,8
20260225101000,231.140,231.140,230.580,230.580,6
20260225101100,230.950,230.950,230.580,230.600,6
20260225101200,230.590,230.940,230.550,230.930,31
20260225101300,230.920,230.960,230.910,230.960,15
20260225101400,230.610,231.080,230.610,231.000,12
20260225101500,231.080,231.440,231.040,231.440,31
20260225101600,231.500,231.600,231.330,231.330,22
20260225101700,231.330,231.330,231.250,231.250,7
20260225101800,231.330,231.600,231.330,231.600,20
20260225101900,231.600,231.600,231.230,231.240,18
20260225102000,231.520,231.520,231.100,231.100,16
20260225102100,231.350,231.360,230.700,230.700,40
20260225102200,230.630,230.630,230.250,230.250,58
20260225102300,230.530,230.530,230.270,230.300,29
20260225102400,230.250,230.490,230.250,230.490,25
20260225102500,230.550,230.910,230.400,230.870,84
20260225102600,230.860,230.920,230.440,230.920,23
20260225102700,230.910,230.910,230.310,230.310,22
20260225102800,230.230,230.240,230.050,230.050,77
20260225102900,230.230,230.310,230.060,230.310,28
20260225103000,230.300,230.300,230.100,230.120,14
20260225103100,230.100,230.300,230.060,230.260,31
20260225103200,230.260,230.280,229.800,229.800,130
20260225103300,229.870,229.870,229.300,229.300,62
20260225103400,229.370,229.370,229.060,229.060,74
20260225103500,229.270,229.290,229.180,229.180,25
20260225103600,229.200,229.200,228.600,228.930,201
20260225103700,229.500,229.500,228.930,229.370,26
20260225103800,229.300,229.300,228.940,228.950,23
20260225103900,228.960,228.960,228.800,228.800,64
20260225104000,228.690,228.800,228.660,228.800,39
20260225104100,228.800,228.820,228.500,228.810,168
20260225104200,228.900,229.130,228.480,229.120,60
20260225104300,229.140,229.220,228.920,228.920,30
20260225104400,229.520,229.520,228.980,228.980,22
20260225104500,228.960,229.360,228.960,228.980,27
20260225104600,228.990,229.360,228.980,229.360,23
20260225104700,229.350,229.350,229.350,229.350,15
20260225104800,229.350,229.350,228.990,228.990,5
20260225104900,228.990,229.110,228.980,229.110,12
20260225105000,229.310,229.330,229.310,229.330,23
20260225105100,229.110,229.120,229.110,229.120,11
20260225105200,229.120,229.120,229.120,229.120,2
20260225105300,229.130,229.130,229.130,229.130,2
20260225105400,229.480,229.480,229.150,229.150,4
20260225105500,229.150,229.160,229.150,229.160,8
20260225105600,229.430,229.440,229.150,229.180,10
20260225105700,229.130,229.130,229.130,229.130,2
20260225105800,229.350,229.480,229.350,229.480,18
20260225105900,229.590,229.690,229.590,229.690,8
20260225110000,229.690,229.690,229.530,229.530,3
20260225110100,229.860,229.860,229.860,229.860,8
20260225110200,229.810,229.850,229.810,229.850,9
20260225110300,229.870,229.870,229.870,229.870,5
20260225110400,229.870,229.870,229.870,229.870,4
20260225110500,229.610,229.610,229.610,229.610,4
20260225110600,229.360,229.520,229.000,229.040,134
20260225110700,229.510,229.510,229.510,229.510,2
20260225110800,229.010,229.010,229.000,229.000,24
20260225110900,229.450,229.450,229.440,229.440,7
20260225111000,229.450,229.450,229.190,229.420,66
20260225111100,229.420,229.420,229.190,229.420,8
20260225111200,229.190,229.420,229.190,229.350,134
20260225111300,229.350,229.430,229.350,229.430,12
20260225111400,229.430,229.440,229.430,229.440,6
20260225111500,229.230,229.440,229.230,229.440,4
20260225111600,229.230,229.370,229.230,229.370,10
20260225111700,229.230,229.380,229.230,229.300,18
20260225111800,229.290,229.290,229.290,229.290,2
20260225111900,229.230,229.320,229.230,229.320,62
20260225112000,229.370,229.370,229.280,229.280,4
20260225112100,229.280,229.280,229.280,229.280,2
20260225112200,229.060,229.060,229.060,229.060,2
20260225112300,229.060,229.260,229.060,229.260,14
20260225112400,229.300,229.420,229.300,229.420,21
20260225112500,229.280,229.300,229.260,229.300,32
20260225112600,229.310,229.320,229.300,229.320,26
20260225112700,229.400,229.440,229.320,229.320,5
20260225112800,229.500,229.790,229.500,229.790,12
20260225112900,229.790,229.980,229.790,229.840,31
20260225113000,229.840,229.860,229.840,229.840,10
20260225130100,229.760,230.000,229.200,229.220,43
20260225130200,229.710,230.140,229.470,230.130,37
20260225130300,230.020,230.020,229.390,229.390,108
20260225130400,229.390,230.100,229.390,230.100,42
20260225130500,230.130,230.600,230.130,230.290,34
20260225130600,229.820,229.820,229.820,229.820,2
20260225130700,229.910,230.300,229.830,230.150,62
20260225130800,230.410,230.410,229.870,229.970,28
20260225130900,229.910,229.910,229.800,229.800,20
20260225131000,229.790,230.170,229.790,230.170,17
20260225131100,229.800,230.510,229.800,230.340,81
20260225131200,230.340,230.340,230.340,230.340,0
20260225131300,230.490,230.490,230.010,230.020,26
20260225131400,229.870,230.050,229.830,229.830,8
20260225131500,229.850,229.850,229.850,229.850,3
20260225131600,229.860,229.860,229.860,229.860,8
20260225131700,229.860,229.860,229.860,229.860,0
20260225131800,229.860,229.860,229.860,229.860,0
20260225131900,230.390,230.600,230.270,230.600,52
20260225132000,230.000,230.000,229.890,229.890,18
20260225132100,230.480,230.480,230.020,230.020,6
20260225132200,230.020,230.020,230.020,230.020,0
20260225132300,230.480,231.000,230.130,230.990,44
20260225132400,230.980,231.300,230.510,230.620,48
20260225132500,230.570,230.570,230.570,230.570,2
20260225132600,230.910,231.250,230.910,231.250,44
20260225132700,230.770,231.490,230.770,231.490,92
20260225132800,231.300,231.500,231.300,231.480,81
20260225132900,231.480,231.500,231.070,231.500,51
20260225133000,231.480,231.500,231.130,231.500,12
20260225133100,231.620,231.620,231.110,231.110,81
20260225133200,231.110,231.190,231.110,231.190,6
20260225133300,231.700,231.760,231.280,231.700,26
20260225133400,231.530,231.830,231.510,231.830,27
20260225133500,231.510,231.510,231.510,231.510,6
20260225133600,231.520,231.810,231.520,231.810,6
20260225133700,231.810,231.820,231.810,231.810,9
20260225133800,231.810,231.810,231.520,231.540,14
20260225133900,231.790,231.790,231.780,231.790,7
20260225134000,231.790,231.790,231.790,231.790,0
20260225134100,231.530,231.530,231.430,231.430,12
20260225134200,231.430,231.430,231.430,231.430,0
20260225134300,231.720,231.720,231.620,231.620,7
20260225134400,231.740,231.750,231.580,231.580,53
20260225134500,231.580,231.580,231.580,231.580,0
20260225134600,231.610,231.830,231.610,231.830,26
20260225134700,231.820,231.990,231.820,231.990,26
20260225134800,232.190,232.190,232.010,232.010,25
20260225134900,231.990,232.050,231.990,232.050,12
20260225135000,232.050,232.060,231.900,232.060,12
20260225135100,232.060,232.070,232.040,232.070,20
20260225135200,232.030,232.030,232.030,232.030,8
20260225135300,231.900,232.250,231.900,232.250,20
20260225135400,232.090,232.500,232.090,232.500,105
20260225135500,232.960,233.000,232.570,233.000,197
20260225135600,232.400,232.840,232.250,232.840,49
20260225135700,232.570,232.630,232.290,232.630,29
20260225135800,232.630,232.630,232.630,232.630,0
20260225135900,232.350,232.510,232.290,232.510,43
20260225140000,232.510,232.560,232.450,232.560,14
20260225140100,232.550,232.620,232.550,232.620,7
20260225140200,232.630,232.630,232.570,232.570,9
20260225140300,232.570,232.580,232.290,232.290,29
20260225140400,232.590,232.590,232.570,232.570,37
20260225140500,232.570,232.570,232.570,232.570,0
20260225140600,232.590,232.590,232.590,232.590,2
20260225140700,232.590,232.590,232.580,232.580,32
20260225140800,232.580,232.580,232.580,232.580,0
20260225140900,232.290,232.570,232.290,232.290,28
20260225141000,232.290,232.290,232.290,232.290,0
20260225141100,232.290,232.290,231.560,231.880,86
20260225141200,232.200,232.460,231.930,231.950,13
20260225141300,232.330,232.330,232.330,232.330,2
20260225141400,232.160,232.160,231.900,231.900,10
20260225141500,231.910,231.910,231.900,231.900,4
20260225141600,231.830,231.830,231.550,231.550,8
20260225141700,232.000,232.090,231.560,231.560,29
20260225141800,232.020,232.200,231.640,232.200,28
20260225141900,232.040,232.040,232.040,232.040,2
20260225142000,232.050,232.050,231.750,232.000,6
20260225142100,231.980,231.980,231.760,231.970,6
20260225142200,231.980,232.000,231.980,232.000,8
20260225142300,232.170,232.190,232.170,232.170,8
20260225142400,232.160,232.160,232.000,232.010,12
20260225142500,232.010,232.010,232.010,232.010,0
20260225142600,232.010,232.010,232.010,232.010,0
20260225142700,232.000,232.130,231.770,231.790,12
20260225142800,232.090,232.090,232.080,232.090,35
20260225142900,232.070,232.090,231.770,231.800,57
20260225143000,232.000,232.100,232.000,232.100,12
20260225143100,232.100,232.220,232.100,232.220,33
20260225143200,232.230,232.330,232.200,232.200,20
20260225143300,232.380,232.380,232.010,232.060,34
20260225143400,231.760,231.890,231.060,231.670,576
20260225143500,231.430,231.890,230.880,231.620,176
20260225143600,231.810,232.280,231.810,232.280,52
20260225143700,232.880,232.900,231.970,232.900,165
20260225143800,232.630,232.990,232.160,232.990,81
20260225143900,232.980,233.110,232.720,233.110,83
20260225144000,233.170,233.260,232.830,232.830,19
20260225144100,233.250,233.260,232.870,233.230,54
20260225144200,232.920,233.210,232.910,232.920,10
20260225144300,232.930,233.280,232.920,233.280,128
20260225144400,233.260,233.490,232.930,233.410,131
20260225144500,233.430,233.500,233.100,233.500,57
20260225144600,233.120,233.580,233.030,233.500,73
20260225144700,233.510,233.680,233.210,233.680,121
20260225144800,233.690,233.990,233.690,233.990,172
20260225144900,233.590,233.990,233.570,233.690,169
20260225145000,233.700,233.990,233.700,233.990,271
20260225145100,233.990,234.290,233.990,234.120,158
20260225145200,234.120,234.160,234.100,234.160,25
20260225145300,234.180,234.300,234.180,234.300,54
20260225145400,234.440,234.460,234.300,234.400,89
20260225145500,234.450,234.450,234.080,234.200,30
20260225145600,234.400,234.990,234.400,234.510,172
20260225145700,234.500,235.000,234.500,234.550,151
20260225145800,234.880,234.880,234.880,234.880,0
20260225145900,234.880,234.880,234.880,234.880,0
20260225150000,234.490,234.490,234.490,234.490,83
20260226093000,233.120,233.120,233.120,233.120,33
20260226093100,233.120,233.200,232.150,233.020,244
20260226093200,233.070,233.930,233.060,233.500,79
20260226093300,233.500,233.500,231.750,232.010,100
20260226093400,231.760,232.310,231.630,232.310,47
20260226093500,232.230,232.520,232.230,232.320,33
20260226093600,232.020,232.030,231.910,231.910,50
20260226093700,231.800,231.800,231.480,231.650,123
20260226093800,231.790,232.150,231.790,232.150,30
20260226093900,231.840,232.620,231.840,232.610,35
20260226094000,232.610,232.630,231.830,231.830,53
20260226094100,231.830,232.080,231.810,231.810,29
20260226094200,232.060,232.440,231.850,231.930,34
20260226094300,232.430,232.440,231.810,231.810,50
20260226094400,231.750,232.160,231.400,231.500,48
20260226094500,231.510,231.510,231.270,231.270,20
20260226094600,231.060,231.510,231.060,231.170,40
20260226094700,231.180,231.520,231.180,231.220,21
20260226094800,231.220,231.220,230.440,230.580,339
20260226094900,230.590,230.980,230.560,230.610,23
20260226095000,230.610,230.940,230.600,230.920,31
20260226095100,230.780,230.780,230.000,230.000,229
20260226095200,230.000,230.380,230.000,230.090,82
20260226095300,230.100,230.100,229.200,229.330,376
20260226095400,229.330,229.730,229.330,229.730,18
20260226095500,229.730,229.730,228.510,228.510,123
20260226095600,228.510,228.950,228.510,228.890,88
20260226095700,228.940,228.940,228.650,228.700,42
20260226095800,228.700,229.240,228.670,228.900,90
20260226095900,228.920,228.950,228.740,228.750,48
20260226100000,228.760,228.780,228.700,228.780,58
20260226100100,228.790,229.380,228.790,229.200,39
20260226100200,229.240,229.780,229.240,229.540,58
20260226100300,229.560,229.730,229.210,229.210,36
20260226100400,229.260,229.260,229.150,229.150,17
20260226100500,229.150,229.350,228.890,229.350,32
20260226100600,229.330,229.330,228.910,228.910,40
20260226100700,228.920,229.000,228.900,229.000,47
20260226100800,229.000,229.070,228.600,228.650,168
20260226100900,228.660,228.670,228.600,228.670,107
20260226101000,228.670,228.680,228.270,228.370,219
20260226101100,228.280,228.280,228.070,228.110,127
20260226101200,228.110,228.150,228.060,228.070,129
20260226101300,228.080,228.150,228.080,228.140,25
20260226101400,228.150,228.270,228.150,228.170,55
20260226101500,228.350,228.350,228.350,228.350,2
20260226101600,228.400,228.400,228.110,228.110,116
20260226101700,228.140,228.190,228.030,228.100,183
20260226101800,228.040,228.100,227.600,227.600,279
20260226101900,227.600,227.970,227.270,227.970,123
20260226102000,227.950,227.970,227.660,227.950,14
20260226102100,227.940,227.940,227.680,227.940,46
20260226102200,227.780,227.780,227.680,227.680,22
20260226102300,227.690,227.690,227.500,227.500,90
20260226102400,227.460,227.570,227.460,227.570,14
20260226102500,227.460,227.570,227.430,227.430,75
20260226102600,227.440,227.640,227.440,227.500,15
20260226102700,227.630,227.630,227.370,227.370,63
20260226102800,227.410,227.410,226.960,226.960,169
20260226102900,226.960,227.000,226.690,227.000,49
20260226103000,226.780,226.990,226.770,226.990,85
20260226103100,227.010,227.030,226.980,227.020,38
20260226103200,227.030,227.260,226.750,227.260,96
20260226103300,226.860,227.000,226.860,227.000,6
20260226103400,227.250,227.250,227.010,227.010,14
20260226103500,227.270,227.270,227.010,227.270,18
20260226103600,227.020,227.360,227.020,227.360,25
20260226103700,227.360,227.360,227.060,227.080,15
20260226103800,227.080,227.410,227.080,227.410,26
20260226103900,227.190,227.260,227.190,227.260,6
20260226104000,227.560,227.790,227.430,227.790,8
20260226104100,227.790,227.790,227.040,227.080,170
20260226104200,227.080,227.200,227.030,227.200,24
20260226104300,227.200,227.200,227.010,227.010,74
20260226104400,227.010,227.010,226.750,226.750,194
20260226104500,226.750,227.000,226.750,226.780,25
20260226104600,226.780,226.780,226.780,226.780,0
20260226104700,226.810,226.850,226.800,226.800,16
20260226104800,226.840,226.840,226.800,226.800,26
20260226104900,226.810,226.810,226.700,226.700,97
20260226105000,226.700,226.810,226.200,226.200,488
20260226105100,226.320,226.560,226.100,226.330,34
20260226105200,226.430,226.430,226.340,226.420,33
20260226105300,226.390,226.420,226.390,226.420,19
20260226105400,226.620,226.620,226.620,226.620,4
20260226105500,226.500,226.610,226.450,226.510,29
20260226105600,226.510,226.510,226.450,226.450,26
20260226105700,226.380,226.450,226.320,226.320,65
20260226105800,226.290,226.290,226.100,226.100,32
20260226105900,226.100,226.100,226.000,226.100,79
20260226110000,226.100,226.140,226.090,226.140,22
20260226110100,226.140,226.300,226.100,226.300,52
20260226110200,226.300,226.300,226.300,226.300,10
20260226110300,226.650,226.680,226.380,226.680,49
20260226110400,226.470,226.680,226.470,226.680,6
20260226110500,226.660,226.660,226.500,226.500,11
20260226110600,226.520,226.590,226.490,226.520,38
20260226110700,226.500,226.520,226.460,226.460,20
20260226110800,226.460,226.460,226.370,226.370,14
20260226110900,226.430,226.500,226.410,226.500,33
20260226111000,226.500,226.510,226.500,226.510,4
20260226111100,226.630,226.630,226.500,226.510,18
20260226111200,226.510,226.510,226.510,226.510,4
20260226111300,226.500,226.530,226.410,226.530,40
20260226111400,226.410,226.500,226.410,226.410,19
20260226111500,226.380,226.410,226.370,226.370,14
20260226111600,226.370,226.370,226.330,226.360,31
20260226111700,226.320,226.500,226.320,226.490,30
20260226111800,226.500,226.670,226.500,226.670,12
20260226111900,226.670,226.680,226.670,226.680,23
20260226112000,226.700,226.700,226.690,226.690,13
20260226112100,226.600,226.600,226.600,226.600,4
20260226112200,226.600,226.790,226.600,226.790,32
20260226112300,226.800,226.990,226.800,226.930,14
20260226112400,226.920,226.920,226.800,226.800,25
20260226112500,226.940,226.940,226.930,226.930,8
20260226112600,226.810,226.810,226.530,226.530,39
20260226112700,226.530,226.530,226.530,226.530,5
20260226112800,226.530,226.530,226.530,226.530,9
20260226112900,226.500,226.540,226.430,226.470,25
20260226113000,226.640,226.830,226.430,226.480,132
20260226130100,226.360,226.820,226.200,226.200,132
20260226130200,226.180,226.310,226.180,226.220,32
20260226130300,226.210,226.250,226.180,226.180,27
20260226130400,226.180,226.210,226.100,226.100,14
20260226130500,226.110,226.110,226.090,226.090,34
20260226130600,226.090,226.110,226.060,226.060,34
20260226130700,226.080,226.170,226.060,226.170,36
20260226130800,226.160,226.160,226.060,226.120,36
20260226130900,226.130,226.220,226.120,226.220,29
20260226131000,226.150,226.150,226.130,226.130,53
20260226131100,226.140,226.250,226.140,226.250,23
20260226131200,226.250,226.250,226.140,226.150,26
20260226131300,226.250,226.260,226.250,226.260,10
20260226131400,226.340,226.340,226.340,226.340,15
20260226131500,226.380,226.460,226.330,226.330,44
20260226131600,226.260,226.260,226.250,226.260,17
20260226131700,226.220,226.220,226.170,226.170,13
20260226131800,226.220,226.220,226.170,226.220,17
20260226131900,226.220,226.220,226.170,226.180,28
20260226132000,226.190,226.190,226.060,226.080,136
20260226132100,226.080,226.260,226.070,226.080,15
20260226132200,226.080,226.170,226.080,226.170,10
20260226132300,226.170,226.170,226.080,226.170,20
20260226132400,226.150,226.150,226.070,226.090,36
20260226132500,226.080,226.150,226.050,226.150,95
20260226132600,226.150,226.150,226.020,226.070,18
20260226132700,226.050,226.070,226.050,226.060,10
20260226132800,226.070,226.210,226.060,226.210,35
20260226132900,226.090,226.160,226.070,226.160,32
20260226133000,226.170,226.190,226.160,226.190,42
20260226133100,226.170,226.360,226.170,226.360,16
20260226133200,226.370,226.370,226.200,226.200,16
20260226133300,226.230,226.230,226.200,226.220,48
20260226133400,226.200,226.220,226.190,226.190,22
20260226133500,226.210,226.210,226.110,226.110,36
20260226133600,226.110,226.160,226.100,226.160,20
20260226133700,226.160,226.380,226.160,226.380,37
20260226133800,226.300,226.300,226.160,226.160,13
20260226133900,226.160,226.160,226.160,226.160,18
20260226134000,226.080,226.100,226.050,226.100,168
20260226134100,226.110,226.160,226.080,226.160,12
20260226134200,226.080,226.120,226.080,226.120,19
20260226134300,226.120,226.300,226.120,226.280,29
20260226134400,226.200,226.290,226.200,226.290,14
20260226134500,226.290,226.400,226.290,226.400,14
20260226134600,226.410,226.410,226.290,226.290,20
20260226134700,226.290,226.350,226.280,226.320,23
20260226134800,226.340,226.360,226.220,226.230,25
20260226134900,226.370,226.400,226.370,226.400,28
20260226135000,226.400,226.400,226.240,226.350,21
20260226135100,226.230,226.230,226.200,226.200,15
20260226135200,226.310,226.310,226.180,226.180,8
20260226135300,226.170,226.180,226.170,226.180,10
20260226135400,226.180,226.180,226.170,226.170,45
20260226135500,226.170,226.180,226.170,226.170,15
20260226135600,226.180,226.330,226.180,226.310,44
20260226135700,226.310,226.440,226.310,226.440,4
20260226135800,226.270,226.290,226.220,226.220,16
20260226135900,226.290,226.430,226.220,226.380,29
20260226140000,226.240,226.240,226.240,226.240,8
20260226140100,226.230,226.230,226.220,226.230,20
20260226140200,226.210,226.230,226.200,226.200,19
20260226140300,226.180,226.200,226.180,226.180,25
20260226140400,226.200,226.200,226.180,226.180,11
20260226140500,226.180,226.190,226.170,226.170,38
20260226140600,226.170,226.170,226.170,226.170,18
20260226140700,226.170,226.170,226.150,226.150,20
20260226140800,226.150,226.190,226.150,226.150,32
20260226140900,226.200,226.200,226.160,226.160,19
20260226141000,226.150,226.150,226.080,226.090,27
20260226141100,226.090,226.100,226.070,226.090,37
20260226141200,226.080,226.080,226.000,226.000,240
20260226141300,226.090,226.090,226.010,226.010,8
20260226141400,226.020,226.090,226.020,226.020,10
20260226141500,226.020,226.020,226.010,226.010,23
20260226141600,226.000,226.020,226.000,226.000,35
20260226141700,226.000,226.020,226.000,226.020,77
20260226141800,226.010,226.110,226.010,226.110,31
20260226141900,226.110,226.120,226.010,226.030,20
20260226142000,226.100,226.100,226.100,226.100,2
20260226142100,226.040,226.060,226.030,226.050,21
20260226142200,226.050,226.050,226.030,226.040,23
20260226142300,226.040,226.110,226.040,226.100,40
20260226142400,226.080,226.100,226.030,226.030,18
20260226142500,226.040,226.040,226.030,226.030,44
20260226142600,226.030,226.030,225.900,226.000,121
20260226142700,225.900,226.010,225.900,226.000,62
20260226142800,226.040,226.040,225.990,226.000,34
20260226142900,225.990,225.990,225.990,225.990,4
20260226143000,225.990,226.000,225.990,226.000,34
20260226143100,225.990,225.990,225.900,225.910,131
20260226143200,225.920,226.000,225.900,225.980,45
20260226143300,225.930,226.010,225.920,226.010,60
20260226143400,225.920,225.920,225.910,225.910,33
20260226143500,225.900,225.920,225.900,225.920,60
20260226143600,225.960,225.960,225.910,225.920,35
20260226143700,225.920,225.990,225.920,225.990,32
20260226143800,225.990,226.060,225.950,225.950,29
20260226143900,225.950,226.040,225.950,226.000,52
20260226144000,225.950,226.030,225.950,226.020,23
20260226144100,225.970,225.980,225.960,225.970,26
20260226144200,226.000,226.000,225.970,225.990,30
20260226144300,225.970,226.000,225.970,225.990,24
20260226144400,225.990,226.310,225.970,226.300,120
20260226144500,226.320,226.600,226.320,226.600,80
20260226144600,226.190,226.350,226.100,226.200,32
20260226144700,226.190,226.190,226.010,226.090,29
20260226144800,226.100,226.180,226.100,226.130,13
20260226144900,227.010,227.010,227.000,227.010,172
20260226145000,227.000,227.290,227.000,227.200,161
20260226145100,227.200,227.400,227.200,227.390,73
20260226145200,227.340,227.620,227.340,227.620,78
20260226145300,227.610,227.620,227.300,227.300,34
20260226145400,227.490,227.960,227.460,227.500,96
20260226145500,227.840,228.000,227.500,227.780,145
20260226145600,227.510,227.970,227.000,227.860,139
20260226145700,227.860,227.860,227.250,227.250,34
20260226145800,227.250,227.250,227.250,227.250,0
20260226145900,227.250,227.250,227.250,227.250,0
20260226150000,227.500,227.500,227.500,227.500,191
20260227093000,230.990,230.990,230.990,230.990,191
20260227093100,230.220,235.010,230.100,235.010,856
20260227093200,235.440,242.000,235.440,241.000,1096
20260227093300,242.000,246.000,242.000,245.000,1374
20260227093400,247.600,250.030,246.600,248.140,1747
20260227093500,248.610,250.950,248.210,249.640,1546
20260227093600,249.630,249.630,247.190,247.190,427
20260227093700,247.270,247.270,245.840,246.390,523
20260227093800,246.390,248.500,246.390,247.990,470
20260227093900,248.210,248.210,246.930,246.930,219
20260227094000,246.950,247.800,246.950,247.400,205
20260227094100,248.360,249.490,248.360,248.910,678
20260227094200,248.880,248.880,247.480,247.480,71
20260227094300,247.990,249.340,247.990,249.000,266
20260227094400,249.200,251.720,249.200,251.500,1281
20260227094500,251.770,251.800,251.400,251.440,299
20260227094600,251.440,252.000,251.230,251.230,246
20260227094700,250.900,252.180,250.700,252.070,425
20260227094800,251.500,252.880,251.500,252.880,334
20260227094900,252.880,252.890,251.870,252.500,106
20260227095000,252.040,252.290,251.560,251.670,77
20260227095100,251.650,251.650,251.000,251.000,34
20260227095200,250.700,251.000,250.490,250.740,190
20260227095300,250.990,250.990,250.450,250.540,126
20260227095400,250.510,250.780,250.470,250.470,40
20260227095500,250.050,250.050,249.150,249.150,62
20260227095600,249.150,249.400,249.150,249.400,79
20260227095700,249.400,249.930,249.400,249.890,49
20260227095800,249.920,250.000,249.390,249.880,201
20260227095900,249.850,249.850,249.000,249.160,131
20260227100000,249.350,249.350,248.340,248.340,90
20260227100100,248.770,249.130,248.500,248.530,118
20260227100200,249.080,249.090,248.540,248.660,56
20260227100300,249.220,249.360,248.660,248.660,144
20260227100400,248.370,248.370,246.500,246.730,167
20260227100500,246.690,247.530,246.490,246.500,87
20260227100600,246.440,246.500,246.200,246.350,144
20260227100700,246.620,246.730,246.620,246.730,84
20260227100800,246.780,247.290,246.780,246.780,31
20260227100900,246.750,247.120,246.060,246.990,122
20260227101000,246.990,247.340,246.800,246.800,90
20260227101100,246.800,246.860,246.360,246.850,40
20260227101200,246.850,247.070,246.020,246.020,146
20260227101300,246.020,246.020,245.200,245.300,58
20260227101400,245.540,245.540,245.100,245.100,41
20260227101500,245.490,245.540,245.110,245.540,81
20260227101600,245.600,245.790,245.290,245.370,32
20260227101700,245.370,245.600,245.360,245.370,18
20260227101800,245.370,245.380,244.550,244.850,110
20260227101900,244.850,244.850,244.840,244.840,16
20260227102000,244.840,245.750,244.840,245.750,85
20260227102100,245.760,246.010,245.180,245.180,185
20260227102200,245.200,246.850,245.200,246.840,75
20260227102300,246.820,246.820,246.250,246.250,18
20260227102400,246.200,246.250,245.500,245.600,87
20260227102500,246.180,246.180,246.180,246.180,10
20260227102600,246.160,246.160,245.590,245.590,22
20260227102700,245.600,246.170,245.500,246.170,165
20260227102800,245.910,246.710,245.910,246.690,39
20260227102900,246.390,246.750,245.530,245.530,117
20260227103000,245.970,246.800,245.600,245.700,229
20260227103100,245.650,246.320,245.510,246.320,30
20260227103200,245.750,246.220,245.500,245.500,39
20260227103300,245.580,246.220,245.200,246.220,31
20260227103400,246.220,246.300,245.710,246.300,75
20260227103500,246.310,246.920,246.300,246.300,65
20260227103600,246.300,246.870,245.970,246.870,29
20260227103700,246.890,246.930,246.760,246.760,20
20260227103800,246.760,246.760,246.420,246.760,12
20260227103900,246.460,246.460,246.430,246.430,23
20260227104000,246.890,246.900,246.430,246.440,13
20260227104100,246.430,246.890,245.490,246.750,48
20260227104200,246.750,246.800,246.250,246.450,88
20260227104300,246.350,246.500,245.530,246.500,103
20260227104400,245.620,246.590,245.620,246.590,23
20260227104500,245.730,246.660,245.730,245.800,18
20260227104600,246.380,246.500,245.820,246.500,39
20260227104700,246.500,246.870,246.130,246.130,118
20260227104800,246.860,247.160,245.850,247.160,223
20260227104900,247.450,247.700,245.860,245.880,84
20260227105000,246.930,247.260,246.120,247.260,29
20260227105100,246.570,247.560,246.570,246.670,14
20260227105200,247.430,247.430,246.680,247.370,22
20260227105300,246.690,246.690,246.690,246.690,4
20260227105400,247.280,247.280,246.000,246.570,23
20260227105500,246.000,246.500,246.000,246.500,4
20260227105600,246.010,246.030,246.010,246.030,6
20260227105700,246.500,246.590,246.030,246.590,10
20260227105800,246.590,246.590,246.590,246.590,0
20260227105900,246.030,246.630,245.800,246.240,57
20260227110000,246.240,246.240,246.240,246.240,0
20260227110100,246.070,246.070,246.000,246.070,26
20260227110200,246.010,246.030,246.000,246.030,24
20260227110300,246.030,246.580,245.600,245.600,21
20260227110400,246.530,246.540,246.110,246.310,29
20260227110500,246.310,246.310,246.310,246.310,0
20260227110600,246.460,246.460,245.710,245.880,14
20260227110700,246.290,246.300,246.290,246.300,7
20260227110800,245.730,246.290,245.730,245.730,15
20260227110900,245.730,246.150,245.690,245.690,29
20260227111000,245.690,245.690,245.500,245.500,24
20260227111100,245.690,245.690,245.500,245.500,11
20260227111200,245.500,245.500,245.050,245.060,13
20260227111300,245.050,245.470,245.040,245.460,26
20260227111400,245.510,245.550,245.120,245.120,25
20260227111500,245.120,245.120,245.120,245.120,2
20260227111600,245.130,245.170,245.130,245.170,4
20260227111700,245.120,245.490,245.060,245.440,33
20260227111800,245.440,245.440,245.430,245.430,16
20260227111900,245.160,245.410,245.120,245.410,18
20260227112000,245.070,245.070,244.020,244.360,104
20260227112100,244.020,244.560,244.020,244.080,98
20260227112200,243.900,244.130,243.330,243.490,87
20260227112300,244.100,244.110,243.510,243.800,16
20260227112400,244.110,244.390,243.830,244.390,31
20260227112500,243.900,244.390,243.730,243.730,88
20260227112600,244.380,244.380,243.630,243.710,23
20260227112700,243.710,244.100,243.630,243.630,8
20260227112800,243.620,244.360,243.620,243.630,18
20260227112900,243.660,244.320,243.570,243.600,45
20260227113000,244.270,244.280,243.660,244.270,23
20260227130100,244.020,244.280,243.690,243.860,44
20260227130200,243.860,243.860,243.090,243.100,136
20260227130300,243.660,243.660,243.130,243.600,6
20260227130400,243.130,243.660,243.130,243.150,12
20260227130500,243.670,243.670,243.190,243.190,6
20260227130600,244.000,244.000,243.600,243.600,6
20260227130700,243.600,243.600,243.280,243.280,28
20260227130800,243.600,243.600,243.300,243.300,10
20260227130900,243.600,243.600,243.050,243.120,42
20260227131000,243.600,243.600,243.030,243.030,12
20260227131100,243.030,243.070,242.150,242.150,148
20260227131200,242.150,242.150,242.080,242.090,18
20260227131300,242.080,242.080,241.300,241.300,32
20260227131400,241.320,241.990,241.320,241.990,18
20260227131500,241.990,242.580,241.990,242.580,9
20260227131600,242.580,242.580,242.580,242.580,0
20260227131700,242.570,242.670,242.570,242.670,32
20260227131800,242.630,242.630,241.600,241.600,49
20260227131900,241.340,241.820,241.340,241.820,12
20260227132000,241.850,241.850,241.850,241.850,4
20260227132100,242.560,242.560,241.860,241.910,12
20260227132200,242.050,242.080,242.050,242.050,20
20260227132300,241.830,241.830,241.050,241.240,79
20260227132400,241.080,241.290,241.080,241.290,20
20260227132500,241.290,241.290,241.080,241.120,27
20260227132600,241.290,241.390,241.170,241.170,20
20260227132700,241.270,241.290,241.080,241.100,30
20260227132800,241.290,241.290,241.070,241.280,6
20260227132900,241.190,241.190,240.260,240.260,129
20260227133000,240.600,240.610,240.600,240.610,8
20260227133100,240.610,240.880,240.520,240.600,76
20260227133200,240.600,240.600,240.360,240.360,62
20260227133300,240.270,240.530,240.100,240.500,83
20260227133400,240.430,240.500,240.420,240.420,14
20260227133500,240.400,240.400,240.130,240.390,24
20260227133600,240.420,240.880,240.420,240.880,20
20260227133700,240.880,241.180,240.880,241.180,150
20260227133800,241.660,242.390,241.660,242.370,8
20260227133900,242.390,242.390,242.380,242.390,25
20260227134000,242.380,242.500,242.380,242.500,69
20260227134100,242.500,242.580,242.310,242.480,74
20260227134200,242.480,243.540,242.380,243.540,87
20260227134300,243.500,243.500,243.390,243.390,35
20260227134400,243.390,243.390,243.110,243.350,14
20260227134500,243.370,243.740,243.370,243.740,50
20260227134600,243.810,243.830,243.500,243.740,71
20260227134700,243.500,243.800,243.390,243.800,26
20260227134800,243.310,243.760,243.310,243.730,15
20260227134900,243.700,243.720,243.420,243.430,17
20260227135000,243.430,243.980,243.430,243.970,49
20260227135100,243.840,244.490,243.840,244.490,87
20260227135200,244.370,244.500,244.080,244.500,94
20260227135300,244.490,244.490,244.010,244.440,18
20260227135400,244.500,244.980,244.400,244.980,137
20260227135500,244.400,244.930,244.400,244.930,20
20260227135600,244.900,244.990,244.890,244.890,63
20260227135700,244.600,244.850,244.050,244.050,22
20260227135800,244.600,244.890,244.600,244.890,24
20260227135900,244.890,245.570,244.890,245.570,69
20260227140000,245.570,246.190,245.570,246.190,134
20260227140100,245.970,245.970,245.380,245.890,34
20260227140200,245.800,245.800,245.590,245.590,30
20260227140300,246.040,247.500,246.040,247.500,144
20260227140400,247.500,247.500,246.590,246.700,67
20260227140500,246.700,247.460,246.700,247.000,56
20260227140600,247.500,247.500,246.460,246.940,103
20260227140700,246.960,247.490,246.450,247.000,138
20260227140800,247.240,247.270,247.210,247.260,31
20260227140900,247.020,247.450,247.020,247.340,102
20260227141000,247.290,247.330,247.020,247.020,47
20260227141100,247.330,247.330,246.530,246.980,142
20260227141200,246.800,246.980,246.490,246.490,35
20260227141300,246.880,246.890,246.140,246.820,31
20260227141400,246.790,246.800,246.040,246.160,88
20260227141500,246.160,246.320,246.160,246.320,32
20260227141600,246.320,246.320,246.180,246.180,68
20260227141700,246.180,247.270,246.180,246.370,132
20260227141800,246.820,247.300,246.820,247.300,6
20260227141900,246.590,247.030,246.490,247.030,70
20260227142000,246.910,247.000,246.550,246.740,223
20260227142100,246.740,247.000,246.500,247.000,108
20260227142200,247.000,247.000,246.500,246.500,54
20260227142300,246.520,246.570,246.500,246.560,31
20260227142400,246.740,246.740,246.020,246.210,130
20260227142500,246.120,246.660,246.000,246.000,89
20260227142600,246.000,246.000,245.160,245.910,64
20260227142700,245.240,245.940,245.240,245.300,24
20260227142800,245.310,246.100,245.310,246.100,55
20260227142900,246.100,246.100,245.670,245.840,20
20260227143000,246.570,246.650,246.040,246.650,38
20260227143100,246.270,246.890,246.270,246.890,39
20260227143200,246.890,246.890,246.470,246.470,35
20260227143300,246.500,246.650,246.270,246.330,51
20260227143400,246.330,246.450,246.000,246.050,56
20260227143500,246.100,246.190,246.000,246.190,34
20260227143600,246.010,246.190,246.010,246.170,42
20260227143700,246.170,246.170,246.010,246.030,11
20260227143800,246.020,246.080,245.290,245.290,251
20260227143900,245.370,245.910,245.370,245.760,40
20260227144000,245.320,245.790,245.320,245.670,24
20260227144100,245.350,246.460,245.350,246.460,173
20260227144200,246.890,247.000,245.630,246.150,248
20260227144300,246.120,246.120,245.940,246.020,55
20260227144400,246.120,246.330,246.000,246.330,76
20260227144500,246.500,246.740,246.330,246.330,102
20260227144600,246.060,246.230,245.220,245.390,106
20260227144700,245.390,245.970,245.380,245.970,56
20260227144800,245.770,246.000,245.720,246.000,35
20260227144900,245.710,245.720,245.410,245.410,64
20260227145000,245.700,245.700,245.520,245.680,29
20260227145100,245.680,245.680,245.360,245.360,84
20260227145200,245.370,245.370,245.210,245.230,34
20260227145300,245.320,245.470,245.210,245.460,165
20260227145400,245.380,245.670,245.380,245.510,101
20260227145500,245.510,245.590,245.100,245.150,86
20260227145600,245.150,245.410,245.150,245.380,125
20260227145700,245.380,245.510,245.000,245.010,161
20260227145800,244.610,244.610,244.610,244.610,2
20260227145900,244.610,244.610,244.610,244.610,0
20260227150000,246.240,246.240,246.240,246.240,721
20260302093000,241.990,241.990,241.990,241.990,46
20260302093100,241.990,243.790,240.260,242.510,337
20260302093200,243.290,245.440,243.280,244.040,198
20260302093300,244.590,244.590,243.500,243.600,244
20260302093400,243.720,244.040,243.000,243.000,272
20260302093500,243.000,243.000,242.500,242.520,144
20260302093600,242.410,242.410,240.310,240.310,211
20260302093700,241.270,241.270,240.460,240.580,182
20260302093800,240.460,240.460,240.050,240.050,246
20260302093900,240.010,240.020,239.650,239.830,247
20260302094000,239.950,242.860,239.950,242.710,192
20260302094100,242.710,243.770,242.170,243.670,93
20260302094200,243.230,243.570,242.730,242.730,239
20260302094300,242.730,244.260,242.730,243.990,136
20260302094400,244.200,244.460,243.990,244.000,119
20260302094500,243.660,243.660,242.820,242.970,75
20260302094600,242.980,243.000,241.780,241.780,104
20260302094700,242.120,242.120,241.420,241.420,82
20260302094800,241.600,241.600,240.010,240.020,75
20260302094900,240.020,240.460,239.710,240.460,211
20260302095000,240.440,240.540,240.010,240.040,74
20260302095100,239.960,240.040,239.190,239.210,162
20260302095200,239.220,239.220,238.400,238.750,201
20260302095300,238.800,239.220,238.530,238.980,83
20260302095400,238.900,238.900,238.310,238.310,69
20260302095500,238.340,238.510,238.120,238.510,62
20260302095600,238.680,240.030,238.680,239.800,146
20260302095700,239.710,239.720,239.120,239.210,33
20260302095800,239.000,239.400,238.830,239.110,73
20260302095900,239.640,239.640,238.820,238.830,46
20260302100000,238.820,238.820,238.530,238.770,106
20260302100100,238.500,239.320,238.500,239.320,175
20260302100200,239.320,239.710,239.040,239.710,83
20260302100300,239.720,239.720,239.060,239.610,193
20260302100400,240.000,240.920,240.000,240.220,87
20260302100500,240.230,240.710,240.210,240.630,61
20260302100600,240.650,240.650,239.880,239.880,19
20260302100700,239.880,239.880,239.170,239.180,16
20260302100800,239.180,239.180,238.580,238.580,50
20260302100900,239.020,239.020,238.510,238.970,32
20260302101000,238.540,239.040,238.500,238.500,125
20260302101100,238.500,238.950,238.500,238.950,37
20260302101200,238.940,239.170,238.120,238.600,66
20260302101300,238.120,238.550,238.120,238.540,59
20260302101400,238.190,238.770,238.180,238.240,80
20260302101500,238.250,238.260,238.240,238.260,29
20260302101600,238.220,238.350,237.800,238.000,180
20260302101700,238.020,238.020,237.740,237.750,54
20260302101800,237.760,238.500,237.520,237.520,66
20260302101900,237.800,238.330,237.610,238.330,25
20260302102000,238.000,238.320,237.640,238.000,40
20260302102100,238.000,238.060,237.790,237.790,29
20260302102200,237.860,238.230,237.860,237.950,20
20260302102300,238.250,238.400,238.250,238.260,24
20260302102400,238.000,238.000,237.750,237.750,23
20260302102500,237.700,237.780,237.700,237.750,19
20260302102600,237.650,237.960,237.500,237.500,56
20260302102700,237.350,237.560,237.330,237.560,26
20260302102800,237.560,237.560,237.370,237.390,15
20260302102900,237.560,237.560,237.430,237.530,20
20260302103000,237.380,237.380,237.070,237.070,98
20260302103100,237.080,237.290,237.080,237.290,66
20260302103200,237.410,237.990,237.370,237.980,19
20260302103300,237.360,237.480,237.180,237.480,24
20260302103400,237.480,237.550,237.100,237.100,30
20260302103500,237.090,237.160,237.090,237.140,35
20260302103600,237.100,237.300,237.100,237.300,15
20260302103700,237.240,237.240,237.100,237.110,28
20260302103800,237.210,237.490,237.210,237.490,20
20260302103900,237.490,237.550,237.300,237.550,31
20260302104000,237.810,237.830,237.810,237.830,40
20260302104100,237.600,237.850,237.600,237.850,5
20260302104200,237.990,238.390,237.860,238.200,54
20260302104300,237.890,237.890,237.890,237.890,10
20260302104400,237.880,237.880,237.870,237.870,6
20260302104500,237.880,237.880,237.740,237.810,26
20260302104600,237.910,238.010,237.800,237.800,18
20260302104700,237.910,238.160,237.600,237.650,24
20260302104800,238.010,238.180,238.010,238.180,14
20260302104900,238.190,238.760,238.190,238.760,28
20260302105000,238.530,238.530,238.220,238.220,4
20260302105100,238.530,238.530,238.530,238.530,4
20260302105200,238.520,238.520,238.270,238.270,10
20260302105300,238.270,238.530,238.200,238.200,19
20260302105400,238.200,238.200,238.000,238.010,24
20260302105500,237.700,237.700,237.600,237.600,20
20260302105600,237.530,237.630,237.300,237.630,27
20260302105700,237.410,237.410,237.410,237.410,2
20260302105800,237.430,238.040,237.430,238.040,37
20260302105900,238.040,238.040,238.040,238.040,5
20260302110000,238.050,238.050,237.670,237.670,3
20260302110100,238.000,238.000,237.680,237.680,30
20260302110200,237.730,238.000,237.580,237.760,73
20260302110300,237.700,237.700,237.700,237.700,15
20260302110400,237.760,238.200,237.760,238.200,53
20260302110500,238.270,238.530,238.270,238.360,24
20260302110600,238.360,238.460,238.250,238.460,9
20260302110700,238.240,238.460,238.240,238.460,10
20260302110800,238.400,238.510,238.330,238.330,36
20260302110900,238.130,238.330,237.880,237.880,15
20260302111000,237.770,237.780,237.770,237.770,12
20260302111100,237.770,238.510,237.750,238.510,139
20260302111200,238.130,238.130,238.130,238.130,42
20260302111300,238.130,238.130,238.130,238.130,10
20260302111400,238.130,238.130,238.130,238.130,0
20260302111500,238.130,238.130,237.770,237.770,15
20260302111600,238.130,238.130,237.760,237.760,19
20260302111700,237.760,237.910,237.700,237.910,41
20260302111800,238.170,238.450,237.970,237.970,41
20260302111900,237.930,237.990,237.640,237.640,60
20260302112000,237.980,238.000,237.530,237.980,36
20260302112100,237.980,237.980,237.980,237.980,10
20260302112200,238.000,238.100,237.960,237.960,9
20260302112300,237.960,238.250,237.960,238.250,143
20260302112400,238.610,238.840,238.270,238.270,39
20260302112500,238.810,239.150,238.560,239.150,45
20260302112600,238.640,238.690,238.120,238.690,29
20260302112700,238.410,238.410,237.670,237.670,10
20260302112800,237.670,238.210,237.670,237.750,22
20260302112900,237.710,238.700,237.710,238.700,62
20260302113000,238.660,238.910,238.390,238.900,71
20260302130100,238.900,239.780,238.400,238.670,144
20260302130200,238.490,238.540,238.010,238.010,21
20260302130300,238.000,238.470,238.000,238.470,18
20260302130400,238.040,238.590,238.040,238.530,55
20260302130500,238.210,238.210,237.930,238.200,29
20260302130600,238.200,238.210,238.030,238.210,22
20260302130700,238.220,238.220,238.000,238.000,6
20260302130800,238.000,238.000,237.890,237.890,10
20260302130900,238.210,238.480,238.210,238.480,33
20260302131000,238.280,238.670,238.270,238.670,24
20260302131100,238.940,239.220,238.610,239.140,44
20260302131200,239.100,239.120,239.100,239.120,7
20260302131300,238.660,239.120,238.660,238.670,14
20260302131400,238.720,240.600,238.720,240.600,206
20260302131500,240.100,240.780,240.100,240.310,48
20260302131600,240.620,240.700,240.250,240.250,8
20260302131700,240.300,240.650,240.300,240.650,26
20260302131800,240.670,240.680,240.300,240.310,19
20260302131900,240.310,240.310,240.160,240.160,14
20260302132000,240.160,240.960,240.160,240.960,54
20260302132100,240.970,241.320,240.970,241.020,35
20260302132200,240.720,241.190,240.720,241.190,24
20260302132300,241.160,241.180,240.790,240.790,28
20260302132400,240.780,241.140,240.780,241.140,21
20260302132500,241.150,241.470,241.150,241.350,20
20260302132600,241.660,241.680,241.000,241.460,60
20260302132700,241.300,241.300,240.750,240.750,20
20260302132800,240.500,240.910,240.500,240.820,47
20260302132900,240.510,240.820,240.150,240.150,36
20260302133000,240.100,240.540,239.780,239.810,42
20260302133100,239.600,240.300,239.600,239.760,155
20260302133200,239.840,239.880,239.600,239.600,132
20260302133300,239.600,239.610,239.600,239.600,86
20260302133400,239.600,239.900,239.600,239.610,70
20260302133500,239.600,240.070,239.600,239.600,81
20260302133600,239.600,239.610,239.600,239.600,47
20260302133700,239.600,239.630,239.600,239.600,54
20260302133800,239.600,239.650,239.600,239.650,55
20260302133900,239.610,239.610,239.530,239.600,105
20260302134000,239.600,239.930,239.600,239.600,71
20260302134100,239.950,240.370,239.600,239.600,90
20260302134200,239.600,239.600,239.060,239.080,113
20260302134300,239.080,239.800,238.960,239.750,130
20260302134400,239.770,239.930,239.320,239.410,87
20260302134500,240.030,240.480,239.920,239.920,80
20260302134600,240.610,240.610,239.620,240.280,36
20260302134700,240.280,240.280,239.690,239.850,10
20260302134800,240.270,240.270,238.590,238.750,199
20260302134900,239.140,239.150,238.590,238.590,41
20260302135000,238.600,239.080,238.600,238.730,24
20260302135100,239.080,239.080,238.590,238.820,31
20260302135200,238.600,238.820,238.600,238.600,10
20260302135300,238.810,238.810,238.580,238.580,15
20260302135400,238.580,238.580,238.210,238.210,63
20260302135500,238.210,238.410,238.000,238.010,57
20260302135600,238.010,238.350,237.770,237.770,66
20260302135700,237.890,238.100,237.610,237.690,81
20260302135800,237.730,237.730,237.530,237.530,42
20260302135900,237.530,238.040,237.510,237.510,66
20260302140000,237.500,238.100,237.500,238.100,89
20260302140100,238.790,238.850,238.200,238.200,30
20260302140200,238.200,238.350,238.090,238.350,24
20260302140300,238.610,238.620,238.580,238.620,30
20260302140400,238.640,238.990,238.640,238.960,37
20260302140500,238.960,238.970,238.650,238.870,14
20260302140600,238.260,238.710,238.240,238.710,11
20260302140700,238.260,238.320,238.100,238.320,27
20260302140800,238.310,238.650,238.190,238.650,22
20260302140900,238.710,238.800,238.710,238.800,80
20260302141000,238.950,238.950,238.210,238.210,8
20260302141100,238.290,238.290,238.290,238.290,4
20260302141200,238.290,238.290,238.290,238.290,0
20260302141300,238.400,238.420,238.400,238.420,4
20260302141400,238.850,238.970,238.690,238.970,47
20260302141500,239.010,239.160,239.010,239.160,23
20260302141600,238.960,239.380,238.960,239.380,32
20260302141700,239.380,239.380,239.350,239.380,14
20260302141800,239.500,239.500,239.500,239.500,33
20260302141900,239.340,239.340,239.080,239.080,6
20260302142000,238.870,239.190,238.780,238.800,41
20260302142100,238.780,239.150,238.510,238.510,12
20260302142200,238.500,238.890,238.420,238.420,30
20260302142300,238.520,238.880,238.520,238.880,6
20260302142400,238.490,238.870,238.490,238.870,6
20260302142500,238.490,238.870,238.490,238.490,16
20260302142600,238.450,238.450,238.450,238.450,2
20260302142700,238.450,238.860,238.450,238.470,73
20260302142800,238.880,238.880,238.520,238.520,100
20260302142900,238.560,238.620,238.450,238.620,227
20260302143000,238.620,238.780,238.330,238.780,137
20260302143100,238.530,239.130,238.530,239.130,14
20260302143200,238.770,238.770,238.770,238.770,4
20260302143300,238.780,238.780,238.780,238.780,7
20260302143400,238.780,238.780,238.780,238.780,16
20260302143500,238.780,238.780,238.780,238.780,8
20260302143600,238.900,238.900,238.770,238.770,7
20260302143700,238.680,238.680,238.250,238.490,81
20260302143800,238.500,238.760,238.500,238.620,49
20260302143900,238.940,238.940,238.470,238.830,20
20260302144000,238.320,238.710,238.310,238.350,30
20260302144100,238.710,238.750,238.360,238.450,45
20260302144200,238.430,238.520,238.420,238.420,18
20260302144300,238.400,238.950,238.400,238.950,41
20260302144400,239.080,239.340,239.070,239.340,24
20260302144500,239.010,239.300,239.010,239.300,10
20260302144600,238.900,239.100,238.570,238.570,12
20260302144700,238.610,239.040,238.610,239.020,15
20260302144800,238.670,238.690,238.670,238.690,15
20260302144900,239.060,239.170,238.670,238.680,52
20260302145000,239.010,239.010,238.690,238.690,12
20260302145100,238.680,239.100,238.580,239.100,46
20260302145200,239.020,239.100,238.720,238.720,24
20260302145300,239.090,239.090,238.780,238.900,65
20260302145400,238.790,239.060,238.790,239.010,19
20260302145500,239.060,239.100,238.800,239.030,41
20260302145600,238.680,238.910,238.450,238.450,94
20260302145700,238.410,239.070,238.310,239.070,82
20260302145800,239.070,239.070,239.070,239.070,0
20260302145900,239.070,239.070,239.070,239.070,0
20260302150000,238.620,238.620,238.620,238.620,117
20260303093000,238.490,238.490,238.490,238.490,15
20260303093100,238.000,240.300,238.000,240.300,246
20260303093200,240.700,240.790,238.810,238.810,114
20260303093300,238.140,238.810,238.140,238.290,65
20260303093400,238.290,238.940,238.050,238.940,46
20260303093500,239.330,239.820,239.330,239.630,42
20260303093600,239.590,242.200,239.590,242.000,165
20260303093700,241.800,242.000,240.760,241.310,203
20260303093800,241.240,241.300,240.500,240.500,111
20260303093900,240.420,240.450,240.050,240.310,84
20260303094000,240.240,240.270,239.700,240.150,134
20260303094100,239.730,239.730,239.150,239.190,91
20260303094200,239.210,239.960,238.800,239.730,266
20260303094300,239.750,239.950,239.100,239.100,57
20260303094400,239.110,239.500,238.680,239.490,78
20260303094500,239.660,239.660,239.030,239.050,56
20260303094600,239.520,239.700,238.790,238.790,129
20260303094700,238.780,238.780,238.010,238.010,129
20260303094800,238.010,238.400,237.520,238.290,151
20260303094900,237.810,238.220,237.550,237.550,48
20260303095000,237.770,238.350,237.770,237.870,126
20260303095100,237.910,238.250,237.670,237.770,193
20260303095200,237.730,238.610,237.690,238.540,190
20260303095300,238.130,238.760,237.940,238.250,160
20260303095400,238.300,239.210,238.190,238.190,117
20260303095500,238.120,238.270,237.730,237.740,93
20260303095600,238.000,238.660,237.770,238.620,46
20260303095700,238.620,239.990,238.620,239.670,83
20260303095800,239.200,240.000,239.200,239.260,125
20260303095900,239.230,239.230,238.480,239.140,64
20260303100000,238.690,239.490,238.690,239.490,51
20260303100100,239.450,239.760,238.910,239.260,86
20260303100200,239.250,239.660,238.840,239.600,120
20260303100300,239.600,239.750,239.050,239.100,103
20260303100400,239.100,239.730,238.770,239.730,48
20260303100500,239.440,239.750,239.200,239.740,65
20260303100600,239.220,239.650,239.210,239.210,41
20260303100700,239.190,239.580,238.450,238.450,49
20260303100800,238.830,239.750,238.830,239.630,119
20260303100900,239.180,239.620,238.300,238.350,70
20260303101000,239.050,239.050,238.000,238.270,91
20260303101100,238.060,239.180,238.060,239.180,88
20260303101200,239.300,239.650,239.270,239.650,58
20260303101300,238.860,239.540,238.370,238.440,223
20260303101400,238.460,239.490,238.460,238.980,124
20260303101500,239.260,239.650,238.980,239.300,61
20260303101600,238.900,238.940,238.420,238.420,81
20260303101700,238.430,238.840,238.180,238.180,36
20260303101800,238.670,238.670,238.000,238.120,48
20260303101900,238.060,238.620,238.030,238.220,43
20260303102000,237.920,238.040,237.090,237.890,188
20260303102100,237.890,237.890,237.210,237.220,45
20260303102200,237.430,237.820,237.160,237.640,52
20260303102300,237.640,238.220,237.300,238.220,67
20260303102400,238.170,238.170,237.160,237.400,67
20260303102500,237.160,237.380,236.270,236.510,163
20260303102600,237.030,237.030,236.510,236.800,27
20260303102700,236.650,236.960,236.520,236.950,101
20260303102800,236.960,237.030,236.760,237.030,64
20260303102900,236.740,237.010,236.130,236.160,140
20260303103000,236.890,237.000,236.360,236.860,56
20260303103100,236.440,237.150,236.420,236.420,59
20260303103200,237.290,237.290,237.090,237.280,27
20260303103300,236.640,237.380,236.580,237.380,43
20260303103400,237.740,237.860,236.810,237.520,20
20260303103500,237.870,237.870,237.160,237.650,39
20260303103600,237.540,237.630,237.150,237.150,30
20260303103700,237.150,237.890,237.150,237.230,33
20260303103800,237.860,237.860,237.160,237.160,44
20260303103900,236.680,237.240,236.650,237.170,34
20260303104000,236.890,237.190,236.390,236.910,27
20260303104100,237.110,237.450,236.380,236.380,37
20260303104200,237.270,237.560,237.000,237.560,68
20260303104300,236.720,237.520,236.720,237.170,22
20260303104400,236.560,237.160,236.510,237.100,31
20260303104500,236.530,237.120,236.530,237.120,30
20260303104600,237.150,237.390,236.700,237.320,20
20260303104700,236.700,237.420,236.700,236.700,20
20260303104800,236.720,237.170,236.700,237.170,29
20260303104900,236.740,237.250,236.570,237.250,26
20260303105000,237.210,237.210,236.610,237.100,18
20260303105100,236.560,237.020,236.560,236.560,30
20260303105200,237.020,237.020,236.570,236.570,23
20260303105300,236.560,236.880,236.350,236.860,30
20260303105400,236.860,236.970,236.860,236.970,16
20260303105500,236.440,236.970,236.440,236.970,12
20260303105600,236.550,236.970,236.510,236.970,14
20260303105700,236.520,237.020,236.520,237.020,26
20260303105800,237.020,237.880,237.020,237.620,94
20260303105900,237.900,238.610,237.900,238.070,133
20260303110000,238.560,238.600,238.340,238.340,22
20260303110100,238.570,238.570,237.170,238.180,62
20260303110200,238.350,238.350,238.340,238.340,4
20260303110300,237.630,238.580,237.630,238.310,56
20260303110400,238.600,238.710,238.320,238.710,21
20260303110500,238.610,238.610,238.480,238.600,16
20260303110600,238.030,238.030,237.990,237.990,14
20260303110700,237.860,237.860,237.860,237.860,21
20260303110800,237.630,237.630,236.800,236.800,12
20260303110900,237.670,237.670,236.830,236.830,19
20260303111000,236.950,236.950,236.820,236.820,8
20260303111100,236.800,236.860,236.800,236.860,21
20260303111200,236.860,237.250,236.860,237.250,5
20260303111300,236.870,236.870,236.860,236.860,14
20260303111400,237.170,237.170,236.590,236.590,14
20260303111500,236.590,236.590,236.590,236.590,1
20260303111600,236.590,237.040,236.590,237.020,29
20260303111700,237.130,237.130,237.130,237.130,4
20260303111800,236.650,237.570,236.650,237.530,36
20260303111900,236.890,236.890,236.820,236.820,4
20260303112000,236.800,237.610,236.800,237.610,12
20260303112100,236.850,237.480,236.660,236.690,8
20260303112200,237.340,237.390,236.710,237.390,21
20260303112300,237.390,237.390,237.380,237.380,20
20260303112400,236.800,237.340,236.800,237.340,8
20260303112500,237.000,237.320,237.000,237.320,13
20260303112600,237.010,237.990,237.010,237.990,62
20260303112700,238.140,238.140,237.050,237.950,20
20260303112800,238.080,238.100,238.050,238.050,27
20260303112900,238.100,238.100,237.290,237.330,24
20260303113000,237.230,238.010,237.230,238.010,13
20260303130100,237.230,237.870,237.050,237.100,53
20260303130200,236.900,237.780,236.880,237.770,62
20260303130300,237.410,237.780,236.760,237.780,21
20260303130400,236.990,236.990,236.990,236.990,2
20260303130500,236.980,237.670,236.760,237.670,28
20260303130600,236.790,237.530,236.790,237.530,13
20260303130700,236.750,237.500,236.750,236.750,18
20260303130800,237.460,237.460,236.650,236.650,19
20260303130900,236.550,237.010,236.350,237.000,123
20260303131000,236.830,237.030,236.390,237.030,8
20260303131100,236.450,237.080,236.450,237.080,5
20260303131200,237.080,237.080,237.080,237.080,4
20260303131300,236.550,236.680,236.400,236.680,44
20260303131400,236.420,237.780,236.420,236.510,52
20260303131500,237.380,237.380,237.380,237.380,5
20260303131600,236.660,237.370,236.540,236.540,16
20260303131700,237.220,237.220,236.510,236.510,18
20260303131800,236.520,237.050,236.520,237.050,9
20260303131900,236.510,236.540,236.510,236.520,22
20260303132000,236.520,236.950,236.300,236.940,287
20260303132100,236.490,236.490,236.490,236.490,6
20260303132200,236.310,236.960,236.310,236.960,46
20260303132300,236.360,237.700,236.360,237.370,18
20260303132400,237.370,237.370,236.550,236.550,60
20260303132500,236.550,236.550,236.550,236.550,0
20260303132600,236.600,236.600,236.370,236.370,32
20260303132700,236.820,236.820,236.400,236.820,26
20260303132800,236.820,237.350,236.410,237.350,95
20260303132900,237.350,237.350,236.450,237.320,8
20260303133000,236.420,237.200,236.420,237.200,14
20260303133100,236.420,237.170,236.410,237.080,29
20260303133200,236.830,237.070,236.430,236.430,6
20260303133300,236.880,237.040,236.430,236.430,14
20260303133400,236.440,236.440,236.440,236.440,2
20260303133500,236.460,236.990,236.290,236.290,124
20260303133600,236.110,236.110,235.160,235.940,402
20260303133700,235.940,235.940,235.610,235.610,6
20260303133800,236.000,236.430,235.610,235.630,25
20260303133900,235.630,235.630,235.600,235.600,32
20260303134000,235.510,235.590,235.480,235.500,20
20260303134100,235.280,235.590,235.200,235.210,45
20260303134200,235.680,235.990,235.240,235.270,31
20260303134300,235.280,235.960,235.280,235.300,13
20260303134400,235.300,235.300,235.300,235.300,0
20260303134500,235.890,235.900,235.420,235.900,6
20260303134600,235.870,235.880,235.870,235.880,4
20260303134700,235.890,235.890,235.410,235.810,9
20260303134800,235.900,236.390,235.500,236.380,53
20260303134900,235.550,236.300,235.550,236.300,8
20260303135000,236.000,236.260,235.730,235.730,12
20260303135100,235.740,235.740,235.510,235.510,36
20260303135200,235.530,236.110,235.410,235.410,18
20260303135300,235.410,235.480,235.230,235.250,80
20260303135400,235.250,235.500,235.210,235.500,89
20260303135500,235.670,235.670,235.210,235.210,55
20260303135600,235.370,235.370,235.000,235.000,176
20260303135700,235.130,236.510,234.400,236.510,130
20260303135800,236.550,236.550,235.720,236.450,50
20260303135900,235.740,236.400,235.740,235.880,32
20260303140000,235.920,236.380,235.750,235.790,45
20260303140100,236.300,236.300,234.520,235.810,70
20260303140200,236.250,236.250,235.210,235.210,34
20260303140300,235.200,235.200,235.200,235.200,4
20260303140400,235.410,235.440,235.410,235.440,26
20260303140500,235.150,235.560,235.100,235.550,43
20260303140600,235.550,235.550,234.510,234.510,61
20260303140700,234.790,235.550,234.580,234.800,60
20260303140800,234.800,234.800,234.530,234.530,11
20260303140900,234.780,234.790,234.540,234.550,9
20260303141000,234.550,234.790,234.180,234.210,89
20260303141100,234.200,234.940,234.160,234.330,64
20260303141200,234.780,234.780,234.300,234.300,17
20260303141300,234.750,234.760,234.340,234.740,46
20260303141400,234.500,234.740,234.300,234.300,22
20260303141500,234.810,234.900,234.310,234.900,18
20260303141600,234.310,235.010,234.200,234.210,59
20260303141700,234.780,234.780,234.340,234.360,39
20260303141800,234.410,235.000,234.410,235.000,10
20260303141900,235.000,235.000,234.550,234.550,14
20260303142000,234.680,234.690,234.440,234.440,34
20260303142100,234.760,234.810,234.300,234.800,111
20260303142200,234.960,235.000,234.200,235.000,155
20260303142300,235.000,235.950,235.000,235.860,101
20260303142400,235.870,235.880,235.270,235.480,32
20260303142500,235.510,235.620,235.070,235.620,12
20260303142600,235.600,235.620,234.630,234.870,33
20260303142700,235.610,235.750,234.910,235.010,164
20260303142800,235.780,235.890,235.150,235.860,31
20260303142900,235.950,236.300,235.410,235.410,20
20260303143000,236.270,236.270,235.450,235.500,25
20260303143100,236.240,236.250,235.530,236.240,28
20260303143200,236.240,236.240,235.690,235.920,53
20260303143300,235.700,235.990,235.590,235.760,37
20260303143400,235.810,236.030,235.570,235.950,30
20260303143500,235.560,235.570,235.490,235.570,53
20260303143600,235.160,235.710,235.150,235.470,27
20260303143700,236.030,236.030,235.000,235.060,85
20260303143800,235.020,235.720,235.020,235.720,30
20260303143900,235.720,235.720,235.050,235.710,66
20260303144000,235.710,235.710,235.110,235.380,28
20260303144100,235.710,235.710,235.110,235.500,46
20260303144200,235.140,235.710,235.110,235.710,26
20260303144300,235.070,235.770,235.070,235.130,26
20260303144400,235.780,235.990,235.780,235.990,21
20260303144500,235.480,236.000,235.400,235.840,48
20260303144600,235.840,235.920,235.470,235.920,45
20260303144700,235.550,236.280,235.550,236.280,67
20260303144800,235.660,236.290,235.660,235.660,47
20260303144900,235.400,236.190,235.400,236.040,64
20260303145000,236.060,236.120,235.450,235.450,66
20260303145100,235.450,236.110,235.450,236.110,16
20260303145200,235.480,236.230,235.470,235.480,41
20260303145300,235.400,236.060,235.400,235.500,55
20260303145400,235.500,235.660,235.200,235.300,158
20260303145500,235.410,235.910,235.290,235.880,57
20260303145600,235.910,236.030,235.300,236.020,40
20260303145700,235.320,236.220,235.320,236.220,62
20260303145800,236.220,236.220,236.220,236.220,0
20260303145900,236.220,236.220,236.220,236.220,0
20260303150000,236.200,236.200,236.200,236.200,225
20260304093000,235.170,235.170,235.170,235.170,21
20260304093100,234.130,235.990,234.130,235.990,118
20260304093200,235.670,237.080,235.210,237.080,165
20260304093300,237.650,237.650,235.950,236.410,133
20260304093400,236.410,236.630,235.990,236.170,64
20260304093500,236.000,236.300,235.630,236.300,46
20260304093600,236.500,236.760,235.450,235.850,53
20260304093700,235.850,236.390,235.850,236.390,43
20260304093800,236.390,236.670,236.020,236.630,48
20260304093900,236.510,236.600,236.070,236.600,49
20260304094000,236.600,237.970,236.600,237.480,140
20260304094100,237.320,237.440,237.130,237.130,83
20260304094200,237.380,237.380,236.160,236.180,85
20260304094300,236.420,236.570,236.160,236.480,42
20260304094400,236.530,236.530,235.920,236.140,139
20260304094500,236.150,236.210,235.210,235.210,55
20260304094600,235.330,235.330,234.650,234.990,76
20260304094700,235.000,235.020,234.270,234.270,49
20260304094800,234.600,234.700,234.240,234.690,88
20260304094900,234.690,235.660,234.540,234.540,116
20260304095000,234.300,234.700,234.000,234.700,197
20260304095100,234.510,234.700,234.240,234.240,27
20260304095200,234.340,234.350,234.240,234.240,54
20260304095300,234.130,234.240,233.790,234.110,111
20260304095400,234.010,234.290,233.800,233.800,51
20260304095500,233.800,234.270,233.700,234.270,25
20260304095600,234.000,234.260,233.910,234.240,25
20260304095700,233.980,234.680,233.980,234.240,52
20260304095800,234.610,234.610,234.610,234.610,7
20260304095900,234.670,235.000,234.670,234.970,26
20260304100000,234.560,234.560,233.940,233.940,35
20260304100100,234.260,234.260,233.820,233.820,30
20260304100200,233.440,233.580,233.200,233.580,121
20260304100300,233.550,233.550,233.000,233.000,58
20260304100400,233.000,233.000,232.340,232.460,122
20260304100500,232.460,232.590,232.460,232.590,31
20260304100600,232.500,232.500,232.340,232.440,39
20260304100700,232.440,232.890,232.440,232.890,27
20260304100800,232.590,232.900,232.590,232.890,11
20260304100900,232.890,232.900,232.180,232.510,92
20260304101000,232.100,232.500,232.000,232.410,48
20260304101100,231.840,232.000,231.510,231.510,45
20260304101200,231.500,231.610,231.160,231.170,51
20260304101300,231.100,231.430,230.940,231.030,96
20260304101400,231.030,231.370,230.680,230.730,76
20260304101500,230.740,231.230,230.740,231.020,42
20260304101600,231.030,231.370,230.860,231.290,26
20260304101700,230.870,230.900,230.800,230.880,53
20260304101800,230.800,231.020,230.790,230.850,61
20260304101900,230.850,230.850,230.660,230.700,77
20260304102000,230.700,230.970,230.700,230.740,61
20260304102100,230.750,230.920,230.740,230.740,39
20260304102200,230.700,230.700,230.310,230.310,57
20260304102300,230.390,230.800,230.300,230.780,97
20260304102400,230.450,230.590,230.450,230.590,23
20260304102500,230.460,230.460,230.190,230.200,55
20260304102600,230.280,230.280,230.190,230.200,41
20260304102700,230.190,230.430,230.190,230.240,41
20260304102800,230.220,230.220,229.560,230.030,214
20260304102900,229.500,230.020,229.310,229.310,45
20260304103000,229.320,229.870,229.300,229.860,73
20260304103100,229.440,229.820,229.360,229.820,64
20260304103200,229.360,229.820,229.330,229.780,57
20260304103300,229.770,229.780,229.200,229.760,53
20260304103400,229.310,229.760,229.220,229.220,14
20260304103500,229.720,229.730,229.220,229.710,23
20260304103600,229.330,229.650,229.310,229.650,20
20260304103700,229.650,229.650,229.310,229.450,25
20260304103800,229.450,229.620,229.330,229.610,38
20260304103900,229.330,229.760,229.320,229.760,59
20260304104000,230.460,230.460,229.330,229.410,37
20260304104100,229.420,229.800,229.420,229.450,20
20260304104200,229.460,229.460,228.400,228.710,235
20260304104300,228.920,228.920,228.120,228.280,269
20260304104400,228.870,228.870,228.280,228.850,20
20260304104500,228.900,229.360,228.890,229.010,33
20260304104600,229.360,229.650,228.660,228.760,34
20260304104700,229.760,229.760,229.100,229.100,9
20260304104800,229.630,229.640,229.060,229.060,18
20260304104900,229.630,229.630,229.100,229.100,7
20260304105000,229.200,229.600,229.200,229.600,5
20260304105100,229.150,229.160,229.150,229.150,7
20260304105200,229.630,229.630,229.010,229.010,22
20260304105300,229.020,229.020,229.000,229.000,20
20260304105400,229.500,229.500,229.000,229.450,20
20260304105500,229.000,229.060,229.000,229.000,13
20260304105600,229.000,229.050,228.660,228.660,45
20260304105700,228.660,229.020,228.510,228.540,23
20260304105800,228.530,228.540,228.530,228.540,8
20260304105900,228.520,229.000,228.510,229.000,27
20260304110000,229.050,229.430,229.050,229.070,21
20260304110100,229.040,229.440,229.040,229.440,21
20260304110200,229.680,230.200,229.260,230.000,40
20260304110300,230.000,230.000,229.510,229.530,14
20260304110400,229.970,229.970,229.010,229.010,19
20260304110500,229.000,229.540,228.790,228.790,70
20260304110600,228.790,228.990,228.790,228.800,30
20260304110700,228.790,228.950,228.550,228.550,31
20260304110800,228.760,228.770,228.510,228.770,22
20260304110900,228.760,228.760,228.540,228.540,5
20260304111000,228.530,228.650,228.510,228.510,27
20260304111100,228.560,228.950,228.560,228.950,14
20260304111200,228.950,228.950,228.700,228.770,10
20260304111300,228.940,228.940,228.510,228.510,42
20260304111400,228.510,228.530,228.500,228.500,27
20260304111500,228.500,228.690,228.500,228.690,16
20260304111600,228.500,228.500,228.500,228.500,10
20260304111700,228.690,228.690,228.570,228.570,4
20260304111800,228.570,228.570,228.560,228.560,10
20260304111900,228.560,228.560,228.400,228.400,40
20260304112000,228.310,228.770,228.310,228.770,53
20260304112100,228.770,229.210,228.770,228.770,26
20260304112200,228.770,228.770,228.770,228.770,2
20260304112300,228.770,228.770,228.510,228.510,17
20260304112400,228.510,228.870,228.510,228.870,15
20260304112500,228.870,228.870,228.870,228.870,0
20260304112600,228.520,229.000,228.520,228.540,6
20260304112700,228.540,228.540,228.540,228.540,0
20260304112800,228.540,228.560,228.540,228.560,37
20260304112900,228.500,228.500,228.300,228.310,227
20260304113000,228.420,228.420,228.320,228.320,5
20260304130100,228.500,229.010,228.500,228.520,30
20260304130200,228.960,229.170,228.590,228.590,14
20260304130300,229.570,229.570,228.740,229.250,12
20260304130400,228.640,229.260,228.640,229.260,10
20260304130500,228.810,229.220,228.810,228.820,6
20260304130600,229.210,229.210,228.600,229.060,29
20260304130700,229.020,229.250,228.610,229.220,29
20260304130800,229.110,229.240,228.760,229.240,13
20260304130900,228.750,229.350,228.750,229.250,39
20260304131000,229.240,229.240,229.240,229.240,2
20260304131100,229.240,229.240,229.240,229.240,0
20260304131200,229.480,229.480,229.480,229.480,2
20260304131300,229.490,229.490,229.060,229.150,9
20260304131400,229.070,229.410,229.000,229.410,16
20260304131500,229.000,229.360,228.890,229.360,24
20260304131600,229.360,229.360,229.360,229.360,0
20260304131700,228.910,229.390,228.890,229.370,24
20260304131800,229.360,229.450,228.940,229.420,29
20260304131900,229.420,229.420,229.420,229.420,0
20260304132000,229.420,229.420,229.420,229.420,0
20260304132100,229.530,229.530,229.050,229.050,9
20260304132200,229.510,229.510,229.510,229.510,4
20260304132300,229.060,229.060,228.750,228.750,96
20260304132400,228.750,228.960,228.750,228.960,28
20260304132500,228.960,228.960,228.960,228.960,4
20260304132600,228.770,228.770,228.770,228.770,2
20260304132700,229.190,229.190,228.770,229.190,11
20260304132800,229.190,229.190,228.810,228.810,5
20260304132900,228.810,228.810,228.810,228.810,0
20260304133000,228.810,228.810,228.770,228.770,25
20260304133100,228.800,228.800,228.800,228.800,2
20260304133200,229.120,229.120,229.120,229.120,2
20260304133300,229.120,229.130,228.770,229.130,15
20260304133400,229.130,229.210,229.130,229.210,17
20260304133500,229.220,229.390,228.860,229.390,8
20260304133600,228.910,229.240,228.910,229.240,9
20260304133700,229.240,229.240,229.240,229.240,0
20260304133800,229.220,229.270,228.890,229.220,8
20260304133900,229.270,229.900,229.270,229.900,48
20260304134000,229.910,230.500,229.910,230.500,17
20260304134100,229.950,230.900,229.950,230.820,28
20260304134200,230.820,230.820,230.160,230.160,8
20260304134300,230.160,230.550,230.130,230.530,34
20260304134400,230.020,230.590,230.010,230.010,13
20260304134500,230.010,230.330,229.660,230.330,14
20260304134600,230.320,230.320,230.320,230.320,2
20260304134700,230.300,230.380,230.010,230.010,11
20260304134800,230.310,230.950,230.310,230.950,19
20260304134900,230.950,230.950,230.950,230.950,0
20260304135000,230.400,230.400,230.020,230.060,10
20260304135100,230.610,230.610,229.660,230.510,81
20260304135200,230.610,230.610,229.980,229.980,10
20260304135300,230.160,230.160,230.160,230.160,4
20260304135400,230.600,230.700,230.570,230.700,52
20260304135500,230.720,230.750,230.720,230.750,25
20260304135600,230.720,230.730,230.720,230.730,4
20260304135700,230.730,230.730,230.730,230.730,0
20260304135800,230.720,230.730,230.300,230.730,9
20260304135900,230.740,230.800,230.350,230.350,8
20260304140000,230.810,231.590,230.810,231.500,71
20260304140100,231.590,231.590,231.000,231.000,23
20260304140200,231.060,231.060,230.660,230.660,9
20260304140300,230.630,231.050,230.590,230.590,10
20260304140400,230.590,230.590,230.580,230.580,7
20260304140500,230.590,230.590,230.590,230.590,2
20260304140600,230.450,231.020,230.450,231.020,12
20260304140700,231.410,231.410,230.680,231.330,26
20260304140800,230.800,231.350,230.800,231.350,8
20260304140900,230.840,231.250,230.780,231.240,15
20260304141000,230.990,230.990,230.990,230.990,7
20260304141100,230.740,230.740,230.710,230.710,10
20260304141200,230.700,230.730,230.700,230.730,6
20260304141300,230.970,230.970,230.970,230.970,4
20260304141400,230.510,230.970,230.500,230.500,6
20260304141500,230.500,230.920,230.500,230.920,5
20260304141600,230.920,230.920,230.920,230.920,0
20260304141700,230.510,230.510,230.510,230.510,4
20260304141800,230.510,230.870,230.510,230.870,9
20260304141900,230.510,230.990,230.500,230.510,33
20260304142000,230.880,230.880,230.520,230.600,23
20260304142100,230.520,230.520,230.520,230.520,2
20260304142200,230.510,230.510,230.100,230.100,82
20260304142300,230.100,230.570,230.100,230.100,7
20260304142400,229.830,229.850,229.700,229.700,32
20260304142500,229.700,230.180,229.700,230.180,7
20260304142600,229.720,229.750,229.720,229.730,12
20260304142700,229.730,230.160,229.730,230.050,29
20260304142800,230.040,230.040,229.700,229.700,13
20260304142900,229.700,230.040,229.500,229.500,27
20260304143000,229.690,229.690,229.510,229.510,10
20260304143100,229.510,229.540,229.500,229.500,50
20260304143200,229.470,229.470,229.190,229.470,12
20260304143300,229.590,229.590,229.250,229.250,4
20260304143400,229.220,229.720,229.180,229.720,14
20260304143500,229.330,229.820,229.330,229.820,23
20260304143600,230.030,230.030,229.640,229.640,21
20260304143700,229.360,229.870,229.360,229.400,12
20260304143800,229.640,229.640,229.400,229.410,11
20260304143900,229.350,229.700,229.320,229.700,43
20260304144000,229.370,229.390,229.340,229.340,9
20260304144100,229.340,229.750,229.320,229.580,25
20260304144200,229.300,229.590,229.180,229.590,31
20260304144300,229.590,229.590,229.000,229.000,32
20260304144400,229.010,229.500,229.000,229.010,12
20260304144500,229.050,229.470,229.050,229.470,13
20260304144600,229.030,229.040,229.000,229.000,23
20260304144700,229.000,229.000,228.900,228.900,16
20260304144800,228.900,229.290,228.900,229.290,3
20260304144900,228.910,228.910,228.810,228.810,14
20260304145000,228.870,229.210,228.870,229.210,12
20260304145100,228.890,228.890,228.800,228.860,82
20260304145200,228.880,229.240,228.880,229.240,24
20260304145300,229.030,229.750,229.030,229.400,34
20260304145400,229.840,229.840,229.340,229.670,10
20260304145500,229.670,230.020,229.340,229.340,35
20260304145600,229.890,229.950,229.340,229.710,23
20260304145700,229.710,230.100,229.710,229.710,22
20260304145800,229.710,229.710,229.710,229.710,0
20260304145900,229.710,229.710,229.710,229.710,0
20260304150000,230.090,230.090,230.090,230.090,126
20260305093000,233.600,233.600,233.600,233.600,81
20260305093100,233.500,233.770,230.100,232.330,271
20260305093200,230.930,231.840,230.170,230.170,116
20260305093300,230.120,230.120,229.000,229.030,164
20260305093400,229.950,230.400,229.950,230.390,82
20260305093500,230.390,230.390,229.340,229.340,57
20260305093600,230.000,230.780,229.620,230.010,139
20260305093700,229.710,230.780,229.710,229.830,33
20260305093800,229.810,230.440,229.730,229.990,73
20260305093900,230.400,230.400,229.950,230.140,103
20260305094000,229.880,229.880,229.030,229.320,60
20260305094100,229.320,230.260,229.300,229.750,68
20260305094200,229.360,229.440,228.670,228.670,46
20260305094300,228.660,229.550,228.370,228.770,39
20260305094400,228.770,229.130,228.770,228.880,51
20260305094500,228.870,229.330,228.810,229.290,53
20260305094600,229.290,229.300,228.900,229.260,23
20260305094700,229.010,229.030,229.000,229.030,22
20260305094800,228.750,229.280,228.550,228.790,64
20260305094900,228.800,229.260,228.800,228.850,40
20260305095000,228.840,229.130,228.840,229.130,7
20260305095100,229.100,229.100,228.400,228.400,87
20260305095200,228.380,228.700,228.030,228.040,129
20260305095300,228.110,228.870,228.060,228.060,40
20260305095400,228.470,228.470,228.170,228.170,9
20260305095500,228.170,228.220,228.110,228.220,18
20260305095600,228.120,228.360,228.100,228.120,36
20260305095700,228.130,228.130,228.130,228.130,12
20260305095800,228.130,228.350,228.030,228.110,45
20260305095900,228.050,228.300,228.050,228.300,8
20260305100000,228.300,228.300,227.660,227.980,132
20260305100100,228.050,228.050,227.770,227.770,10
20260305100200,227.740,228.010,227.670,228.010,28
20260305100300,227.730,228.000,227.730,228.000,38
20260305100400,227.760,227.990,227.710,227.990,15
20260305100500,227.700,227.950,227.700,227.720,21
20260305100600,227.720,227.730,227.720,227.720,15
20260305100700,227.950,228.070,227.740,228.040,13
20260305100800,227.810,228.060,227.780,228.050,19
20260305100900,227.800,228.050,227.800,228.050,4
20260305101000,228.030,228.030,227.830,227.920,29
20260305101100,228.020,228.090,227.850,228.090,18
20260305101200,228.040,228.050,228.030,228.050,15
20260305101300,228.000,228.060,228.000,228.060,14
20260305101400,228.200,228.200,228.200,228.200,6
20260305101500,228.190,228.250,228.190,228.250,10
20260305101600,228.300,228.480,228.300,228.480,14
20260305101700,228.400,228.450,228.300,228.300,13
20260305101800,228.420,228.550,228.300,228.400,28
20260305101900,228.080,228.080,228.010,228.080,31
20260305102000,228.000,228.170,227.980,228.170,21
20260305102100,228.010,228.460,228.010,228.460,12
20260305102200,228.060,228.380,228.060,228.120,12
20260305102300,228.030,228.030,227.800,227.970,65
20260305102400,227.710,227.830,227.680,227.680,138
20260305102500,227.710,227.980,227.710,227.890,11
20260305102600,227.740,227.990,227.740,227.990,18
20260305102700,228.000,228.000,228.000,228.000,8
20260305102800,227.950,227.970,227.890,227.890,18
20260305102900,227.940,228.020,227.770,227.770,36
20260305103000,227.760,227.830,227.760,227.760,61
20260305103100,227.880,227.880,227.770,227.770,25
20260305103200,227.770,227.770,227.060,227.300,182
20260305103300,227.450,227.730,227.430,227.730,60
20260305103400,227.500,227.500,227.500,227.500,9
20260305103500,227.490,227.820,227.400,227.820,28
20260305103600,227.660,227.900,227.660,227.900,18
20260305103700,227.920,228.240,227.920,228.240,4
20260305103800,228.240,228.240,227.950,228.000,14
20260305103900,228.290,228.290,228.060,228.060,6
20260305104000,228.270,228.270,228.030,228.260,12
20260305104100,228.260,228.260,228.040,228.260,14
20260305104200,228.300,228.360,228.300,228.360,13
20260305104300,228.300,228.300,228.020,228.020,9
20260305104400,228.310,228.360,228.310,228.310,20
20260305104500,228.060,228.070,228.040,228.070,13
20260305104600,228.070,228.070,228.070,228.070,0
20260305104700,228.450,228.590,228.210,228.260,20
20260305104800,228.870,228.870,228.640,228.650,28
20260305104900,228.220,228.530,228.220,228.220,11
20260305105000,228.220,228.220,228.220,228.220,2
20260305105100,228.570,228.570,228.570,228.570,8
20260305105200,228.220,228.250,228.220,228.250,13
20260305105300,228.540,228.540,228.540,228.540,4
20260305105400,228.500,228.500,228.500,228.500,4
20260305105500,228.570,228.670,228.570,228.670,20
20260305105600,228.870,228.960,228.650,228.960,67
20260305105700,228.940,228.940,228.660,228.930,6
20260305105800,228.660,228.660,228.660,228.660,2
20260305105900,228.560,228.560,228.560,228.560,13
20260305110000,228.420,228.540,228.420,228.540,7
20260305110100,228.270,228.490,228.230,228.490,7
20260305110200,228.230,228.230,228.230,228.230,4
20260305110300,228.480,228.480,228.480,228.480,4
20260305110400,228.410,228.410,228.100,228.100,25
20260305110500,228.230,228.470,228.230,228.470,16
20260305110600,228.490,228.750,228.490,228.750,11
20260305110700,228.670,228.670,228.520,228.520,6
20260305110800,228.500,228.510,228.480,228.510,24
20260305110900,228.510,228.670,228.370,228.670,9
20260305111000,228.390,228.740,228.300,228.700,31
20260305111100,228.470,228.470,228.240,228.240,25
20260305111200,228.230,228.230,228.230,228.230,14
20260305111300,228.230,228.230,228.070,228.080,16
20260305111400,228.190,228.460,228.190,228.460,4
20260305111500,228.300,228.330,228.130,228.330,10
20260305111600,228.330,228.330,228.330,228.330,0
20260305111700,228.610,228.760,228.610,228.760,13
20260305111800,228.910,228.910,228.910,228.910,6
20260305111900,228.950,228.950,228.760,228.760,8
20260305112000,228.750,228.750,228.420,228.420,16
20260305112100,228.400,228.870,228.400,228.870,31
20260305112200,228.390,229.000,228.390,229.000,53
20260305112300,229.130,229.150,229.130,229.150,8
20260305112400,229.290,229.680,229.080,229.560,28
20260305112500,229.560,229.560,229.560,229.560,0
20260305112600,229.540,229.800,229.540,229.800,39
20260305112700,229.200,229.200,229.200,229.200,2
20260305112800,229.590,229.590,229.230,229.230,8
20260305112900,229.550,229.550,229.300,229.300,12
20260305113000,229.310,229.310,229.230,229.230,14
20260305130100,229.230,230.090,228.990,229.570,140
20260305130200,229.570,229.570,228.880,228.880,39
20260305130300,229.340,229.340,229.340,229.340,6
20260305130400,229.340,229.790,228.980,229.790,26
20260305130500,229.790,229.970,229.790,229.970,30
20260305130600,229.800,229.800,229.800,229.800,2
20260305130700,229.530,229.530,229.000,229.100,86
20260305130800,229.120,229.120,228.790,228.790,25
20260305130900,228.790,229.130,228.790,228.890,15
20260305131000,229.390,229.390,228.950,229.380,10
20260305131100,229.380,229.380,229.380,229.380,0
20260305131200,229.360,229.390,229.360,229.390,16
20260305131300,229.060,229.360,229.000,229.000,16
20260305131400,229.130,229.130,228.580,228.580,34
20260305131500,228.670,229.140,228.670,229.140,24
20260305131600,228.600,228.600,228.600,228.600,8
20260305131700,228.620,228.620,228.570,228.570,19
20260305131800,228.570,228.870,228.570,228.870,19
20260305131900,228.570,228.880,228.570,228.870,20
20260305132000,228.870,229.000,228.570,229.000,27
20260305132100,229.000,229.070,229.000,229.000,14
20260305132200,228.880,228.880,228.880,228.880,2
20260305132300,228.880,228.880,228.570,228.870,20
20260305132400,228.580,228.580,228.580,228.580,8
20260305132500,228.580,228.580,228.580,228.580,0
20260305132600,228.840,228.840,228.580,228.580,5
20260305132700,228.590,229.070,228.580,228.590,20
20260305132800,228.620,229.010,228.610,229.010,13
20260305132900,228.600,228.970,228.580,228.970,6
20260305133000,228.610,228.970,228.600,228.970,23
20260305133100,228.650,229.020,228.650,228.660,12
20260305133200,229.020,229.020,229.010,229.010,4
20260305133300,228.670,229.000,228.670,229.000,11
20260305133400,228.670,229.000,228.670,229.000,12
20260305133500,228.630,229.010,228.610,228.970,14
20260305133600,228.630,228.970,228.630,228.970,9
20260305133700,228.620,228.950,228.590,228.900,22
20260305133800,228.950,228.950,228.570,228.880,44
20260305133900,228.880,228.890,228.570,228.580,11
20260305134000,228.890,228.950,228.890,228.950,6
20260305134100,228.920,228.920,228.570,228.600,18
20260305134200,228.600,228.940,228.540,228.540,34
20260305134300,228.900,228.900,228.550,228.800,12
20260305134400,228.950,228.950,228.800,228.800,14
20260305134500,228.800,228.800,228.800,228.800,4
20260305134600,228.550,228.550,228.340,228.510,27
20260305134700,228.500,228.540,228.220,228.230,12
20260305134800,228.230,228.530,228.200,228.510,11
20260305134900,228.550,228.550,228.160,228.160,53
20260305135000,228.160,228.510,228.150,228.150,11
20260305135100,228.510,228.510,228.150,228.450,17
20260305135200,228.180,228.460,228.180,228.460,13
20260305135300,228.530,228.530,228.190,228.530,11
20260305135400,228.190,228.500,228.190,228.200,9
20260305135500,228.490,228.490,228.350,228.350,5
20260305135600,228.480,228.480,228.110,228.300,15
20260305135700,228.460,228.470,228.200,228.200,22
20260305135800,228.450,228.540,228.120,228.540,12
20260305135900,228.540,228.660,228.540,228.660,7
20260305140000,228.180,228.650,228.180,228.630,29
20260305140100,228.170,228.580,228.170,228.180,19
20260305140200,227.720,227.890,227.500,227.500,264
20260305140300,227.430,227.660,227.420,227.420,33
20260305140400,227.420,228.000,227.420,227.780,45
20260305140500,227.440,227.440,227.310,227.400,32
20260305140600,227.430,227.430,226.890,227.000,311
20260305140700,227.050,227.500,227.050,227.160,80
20260305140800,227.190,227.190,227.030,227.030,12
20260305140900,227.020,227.990,227.010,227.290,113
20260305141000,227.200,227.200,226.910,227.000,51
20260305141100,226.930,227.010,226.810,226.900,26
20260305141200,226.900,226.900,226.540,226.660,49
20260305141300,226.660,226.900,226.660,226.900,31
20260305141400,226.900,227.010,226.650,226.700,79
20260305141500,226.700,227.100,226.690,226.990,21
20260305141600,227.000,227.000,226.720,226.730,16
20260305141700,226.990,226.990,226.560,226.710,129
20260305141800,226.710,227.000,226.540,226.960,31
20260305141900,226.950,226.980,226.670,226.980,16
20260305142000,226.960,226.960,226.720,226.800,37
20260305142100,226.600,227.000,226.600,226.770,72
20260305142200,227.010,227.100,226.690,226.790,29
20260305142300,226.800,227.310,226.770,227.000,50
20260305142400,227.000,227.000,227.000,227.000,4
20260305142500,227.000,227.000,227.000,227.000,6
20260305142600,227.000,227.000,226.940,226.940,6
20260305142700,226.940,227.170,226.830,226.830,16
20260305142800,226.830,226.830,226.830,226.830,0
20260305142900,227.000,227.000,227.000,227.000,30
20260305143000,226.910,227.740,226.910,227.740,105
20260305143100,227.740,227.740,227.260,227.260,17
20260305143200,227.280,227.480,227.100,227.480,36
20260305143300,227.370,227.370,226.880,226.880,25
20260305143400,226.880,227.350,226.880,227.350,9
20260305143500,226.880,227.220,226.880,226.890,62
20260305143600,227.010,227.480,227.000,227.480,43
20260305143700,227.050,227.050,226.850,227.000,46
20260305143800,227.000,227.010,227.000,227.010,9
20260305143900,227.020,227.020,226.860,226.960,24
20260305144000,227.200,227.370,226.930,226.930,13
20260305144100,227.000,227.270,226.940,227.270,29
20260305144200,226.960,227.260,226.960,227.260,4
20260305144300,227.440,227.440,227.000,227.000,41
20260305144400,227.000,227.450,227.000,227.450,36
20260305144500,227.060,227.070,227.060,227.070,16
20260305144600,227.430,227.430,227.070,227.180,21
20260305144700,227.180,227.430,227.180,227.180,20
20260305144800,227.050,227.420,227.000,227.010,58
20260305144900,227.010,227.390,227.010,227.390,20
20260305145000,227.050,227.380,227.020,227.290,22
20260305145100,227.030,227.270,227.000,227.030,29
20260305145200,227.200,227.280,227.020,227.240,24
20260305145300,227.230,227.230,227.200,227.200,9
20260305145400,227.200,227.570,227.080,227.570,156
20260305145500,227.570,227.680,227.250,227.400,36
20260305145600,227.710,227.870,227.490,227.490,18
20260305145700,227.960,227.960,227.400,227.400,73
20260305145800,227.400,227.400,227.400,227.400,0
20260305145900,227.400,227.400,227.400,227.400,0
20260305150000,227.400,227.400,227.400,227.400,135
20260306093000,227.590,227.590,227.590,227.590,6
20260306093100,227.580,227.580,226.590,227.200,53
20260306093200,227.230,228.050,227.230,228.000,133
20260306093300,227.900,228.400,227.890,228.400,69
20260306093400,228.400,231.000,228.400,230.620,234
20260306093500,230.620,232.580,230.620,231.990,431
20260306093600,231.600,232.030,230.060,230.060,139
20260306093700,230.020,231.090,230.010,231.090,99
20260306093800,231.290,231.300,230.080,230.820,182
20260306093900,230.590,231.770,230.590,231.770,136
20260306094000,231.790,231.790,231.160,231.170,57
20260306094100,231.470,232.600,231.220,232.600,270
20260306094200,232.700,233.200,232.650,232.750,178
20260306094300,232.420,233.090,232.360,233.090,164
20260306094400,232.990,233.670,232.930,233.480,317
20260306094500,233.480,233.750,233.070,233.480,79
20260306094600,233.470,233.710,233.440,233.440,89
20260306094700,233.350,233.400,233.020,233.320,43
20260306094800,233.370,233.380,232.530,232.530,103
20260306094900,232.530,232.990,232.040,232.040,79
20260306095000,231.940,232.140,231.180,231.200,65
20260306095100,231.180,231.780,230.550,231.720,80
20260306095200,231.730,232.090,231.510,232.080,39
20260306095300,231.670,231.990,231.000,231.000,70
20260306095400,231.000,231.340,230.700,231.340,50
20260306095500,231.400,231.600,229.520,230.320,114
20260306095600,230.300,230.320,229.160,230.100,207
20260306095700,230.320,230.500,230.110,230.490,119
20260306095800,230.510,231.200,230.510,230.870,48
20260306095900,231.190,231.200,230.880,230.880,17
20260306100000,231.200,231.200,230.470,230.470,58
20260306100100,230.590,231.050,230.590,230.610,39
20260306100200,230.960,230.970,230.960,230.970,40
20260306100300,230.890,230.900,230.520,230.520,11
20260306100400,230.460,230.460,230.330,230.330,12
20260306100500,230.330,230.840,230.330,230.410,9
20260306100600,230.840,231.580,230.840,231.580,93
20260306100700,231.580,231.630,231.160,231.630,13
20260306100800,231.650,232.520,231.650,232.470,84
20260306100900,232.270,232.500,232.000,232.060,58
20260306101000,232.060,232.060,231.700,231.700,26
20260306101100,231.710,231.710,231.710,231.710,11
20260306101200,231.790,232.270,231.790,232.200,13
20260306101300,232.360,232.910,232.360,232.540,114
20260306101400,232.960,232.980,232.940,232.970,75
20260306101500,232.600,232.930,232.600,232.680,19
20260306101600,232.320,232.680,232.010,232.010,30
20260306101700,232.270,232.620,232.270,232.620,17
20260306101800,232.600,232.600,232.380,232.380,10
20260306101900,232.380,233.300,232.220,233.300,200
20260306102000,233.300,233.370,233.300,233.370,25
20260306102100,233.040,233.050,232.770,232.770,13
20260306102200,232.770,233.280,232.600,232.830,18
20260306102300,233.130,233.150,232.650,233.150,13
20260306102400,233.160,233.160,233.140,233.150,27
20260306102500,233.140,233.150,233.140,233.150,29
20260306102600,233.140,233.170,233.140,233.140,13
20260306102700,233.140,233.140,232.780,232.780,6
20260306102800,233.000,233.000,232.500,232.980,10
20260306102900,232.970,232.970,232.520,232.520,10
20260306103000,232.510,232.550,232.510,232.530,12
20260306103100,232.640,232.830,232.580,232.830,32
20260306103200,232.830,232.940,232.830,232.940,8
20260306103300,232.390,232.970,232.380,232.940,18
20260306103400,232.930,232.930,232.930,232.930,2
20260306103500,232.870,232.870,232.870,232.870,2
20260306103600,232.870,232.870,232.870,232.870,0
20260306103700,232.760,232.760,232.310,232.310,14
20260306103800,232.270,232.410,232.200,232.200,9
20260306103900,232.440,232.440,232.440,232.440,8
20260306104000,232.450,232.540,232.040,232.540,6
20260306104100,232.540,232.540,232.540,232.540,0
20260306104200,232.540,232.540,232.540,232.540,0
20260306104300,232.540,232.540,232.540,232.540,0
20260306104400,232.450,232.490,232.010,232.040,79
20260306104500,231.560,231.560,231.560,231.560,10
20260306104600,231.690,232.000,231.690,232.000,21
20260306104700,231.810,231.910,231.490,231.910,34
20260306104800,231.900,231.900,231.860,231.860,8
20260306104900,231.860,231.860,231.860,231.860,3
20260306105000,232.000,232.000,231.960,231.960,57
20260306105100,231.860,231.860,231.570,231.570,4
20260306105200,231.850,231.850,231.600,231.600,4
20260306105300,231.850,231.900,231.850,231.900,4
20260306105400,231.900,231.900,231.820,231.820,14
20260306105500,231.820,231.820,231.820,231.820,4
20260306105600,231.830,231.830,231.830,231.830,2
20260306105700,231.820,231.840,231.820,231.840,9
20260306105800,231.980,232.000,231.980,232.000,8
20260306105900,232.000,232.000,232.000,232.000,2
20260306110000,232.000,232.050,231.800,232.050,26
20260306110100,232.050,232.050,232.050,232.050,3
20260306110200,232.050,232.370,232.050,232.370,5
20260306110300,232.370,232.370,232.370,232.370,0
20260306110400,232.370,232.380,232.370,232.380,10
20260306110500,232.290,232.290,232.290,232.290,2
20260306110600,232.080,232.080,232.060,232.060,11
20260306110700,232.160,232.160,231.840,231.840,26
20260306110800,231.620,231.630,231.540,231.540,41
20260306110900,231.470,231.990,231.310,231.990,38
20260306111000,231.990,231.990,231.990,231.990,1
20260306111100,231.830,231.830,231.580,231.580,4
20260306111200,231.820,231.820,231.820,231.820,4
20260306111300,231.930,231.930,231.930,231.930,2
20260306111400,232.010,232.010,232.010,232.010,2
20260306111500,232.000,232.000,232.000,232.000,2
20260306111600,232.000,232.000,231.990,231.990,4
20260306111700,231.990,231.990,231.650,231.990,6
20260306111800,231.990,231.990,231.990,231.990,0
20260306111900,231.600,231.870,231.530,231.830,26
20260306112000,231.830,231.830,231.830,231.830,2
20260306112100,231.830,231.830,231.830,231.830,4
20260306112200,231.830,231.830,231.830,231.830,2
20260306112300,231.830,231.830,231.830,231.830,2
20260306112400,231.820,231.830,231.820,231.830,4
20260306112500,231.610,231.610,231.610,231.610,6
20260306112600,231.580,231.830,231.580,231.600,6
20260306112700,231.820,231.820,231.820,231.820,2
20260306112800,231.610,231.960,231.610,231.960,11
20260306112900,231.600,231.600,231.590,231.590,24
20260306113000,231.590,231.590,231.590,231.590,2
20260306130100,231.600,231.690,231.200,231.690,34
20260306130200,231.530,231.580,231.120,231.580,22
20260306130300,231.580,231.580,231.580,231.580,0
20260306130400,231.170,231.570,231.170,231.570,9
20260306130500,231.570,231.570,231.570,231.570,2
20260306130600,231.570,231.570,230.530,230.680,76
20260306130700,230.980,230.980,230.770,230.980,20
20260306130800,230.970,230.970,230.750,230.750,4
20260306130900,230.740,231.300,230.740,231.300,12
20260306131000,231.300,231.300,231.300,231.300,0
20260306131100,230.800,231.200,230.700,231.200,26
20260306131200,230.650,230.650,230.650,230.650,4
20260306131300,230.950,230.950,230.950,230.950,2
20260306131400,230.640,230.950,230.540,230.540,17
20260306131500,230.890,230.890,230.530,230.530,3
20260306131600,230.530,230.530,230.500,230.500,76
20260306131700,230.790,230.790,230.790,230.790,2
20260306131800,230.500,230.780,230.500,230.500,6
20260306131900,230.770,230.770,230.770,230.770,2
20260306132000,230.500,230.500,230.500,230.500,2
20260306132100,230.780,230.780,230.770,230.770,4
20260306132200,230.770,230.770,230.770,230.770,0
20260306132300,230.840,230.840,230.840,230.840,4
20260306132400,230.840,230.840,230.840,230.840,2
20260306132500,230.840,230.840,230.840,230.840,0
20260306132600,230.840,230.840,230.580,230.580,8
20260306132700,230.610,230.610,230.610,230.610,2
20260306132800,230.610,230.830,230.610,230.830,18
20260306132900,230.820,230.820,230.610,230.610,9
20260306133000,230.880,231.220,230.850,231.220,22
20260306133100,231.190,231.200,231.190,231.200,4
20260306133200,231.200,231.210,231.200,231.210,4
20260306133300,231.220,231.220,231.220,231.220,2
20260306133400,231.000,231.210,231.000,231.210,10
20260306133500,230.940,231.210,230.900,231.210,8
20260306133600,231.210,231.210,230.910,231.200,6
20260306133700,231.190,231.190,231.190,231.190,2
20260306133800,230.930,231.620,230.930,231.590,63
20260306133900,231.910,231.910,231.910,231.910,4
20260306134000,231.900,231.900,231.900,231.900,2
20260306134100,231.900,231.900,231.900,231.900,2
20260306134200,231.890,231.900,231.650,231.880,18
20260306134300,231.610,231.610,231.610,231.610,3
20260306134400,231.710,231.800,231.550,231.720,25
20260306134500,231.440,231.810,231.440,231.810,4
20260306134600,231.600,232.310,231.490,232.310,295
20260306134700,232.540,232.750,232.210,232.210,38
20260306134800,232.080,232.080,232.080,232.080,10
20260306134900,231.620,232.320,231.620,232.320,14
20260306135000,232.220,232.220,231.840,232.220,6
20260306135100,231.740,232.210,231.220,231.580,71
20260306135200,232.050,232.050,231.580,231.600,8
20260306135300,231.900,231.900,231.590,231.590,6
20260306135400,231.900,231.900,231.900,231.900,6
20260306135500,231.900,231.900,231.900,231.900,0
20260306135600,231.670,231.670,231.670,231.670,6
20260306135700,231.930,231.970,231.700,231.950,28
20260306135800,231.950,231.950,231.950,231.950,0
20260306135900,231.970,232.080,231.970,232.080,9
20260306140000,232.260,232.570,232.260,232.540,45
20260306140100,232.490,232.500,232.490,232.490,6
20260306140200,232.500,232.500,232.500,232.500,6
20260306140300,232.500,232.500,232.110,232.190,16
20260306140400,232.110,232.110,231.950,232.100,37
20260306140500,232.180,232.480,232.180,232.480,11
20260306140600,232.290,232.470,232.290,232.470,6
20260306140700,232.440,232.440,232.440,232.440,2
20260306140800,232.400,232.400,232.400,232.400,2
20260306140900,232.380,232.380,232.160,232.160,4
20260306141000,232.270,232.270,232.270,232.270,6
20260306141100,232.270,232.270,232.120,232.120,8
20260306141200,232.120,232.120,231.970,231.970,15
20260306141300,232.020,232.110,231.970,231.970,27
20260306141400,231.930,232.120,231.930,232.120,15
20260306141500,232.250,232.250,232.250,232.250,7
20260306141600,232.070,232.070,231.880,231.880,11
20260306141700,232.060,232.250,232.060,232.200,24
20260306141800,231.870,231.870,231.870,231.870,2
20260306141900,231.870,232.150,231.870,232.150,16
20260306142000,232.150,232.150,232.150,232.150,0
20260306142100,232.150,232.150,231.880,231.880,4
20260306142200,231.870,232.140,231.860,232.140,36
20260306142300,231.960,231.960,231.850,231.850,5
20260306142400,231.850,231.850,231.850,231.850,2
20260306142500,231.850,232.000,231.850,232.000,8
20260306142600,232.000,232.000,231.870,231.880,10
20260306142700,231.990,232.000,231.990,232.000,13
20260306142800,232.000,232.000,232.000,232.000,0
20260306142900,232.000,232.000,231.870,231.870,2
20260306143000,231.990,231.990,231.870,231.870,43
20260306143100,231.770,231.870,231.760,231.770,21
20260306143200,231.760,231.870,231.760,231.870,15
20260306143300,231.690,231.920,231.690,231.910,11
20260306143400,231.700,231.860,231.660,231.660,6
20260306143500,231.650,231.870,231.650,231.870,4
20260306143600,231.690,232.150,231.690,231.980,33
20260306143700,232.150,232.160,231.990,232.160,10
20260306143800,231.800,232.130,231.760,231.760,20
20260306143900,232.120,232.140,231.780,232.130,11
20260306144000,232.130,232.150,232.130,232.150,11
20260306144100,231.840,232.150,231.820,232.150,32
20260306144200,232.150,232.150,231.860,232.140,21
20260306144300,232.170,232.170,231.840,231.900,19
20260306144400,232.140,232.140,231.860,232.120,28
20260306144500,232.000,232.130,231.810,231.810,38
20260306144600,231.810,232.120,231.800,232.100,66
20260306144700,232.100,232.100,231.800,232.100,36
20260306144800,231.820,232.100,231.800,232.090,27
20260306144900,231.820,232.090,231.820,232.090,11
20260306145000,232.090,232.170,231.900,231.900,51
20260306145100,231.900,232.310,231.900,232.260,130
20260306145200,232.280,232.340,231.830,231.830,54
20260306145300,231.820,231.940,231.820,231.820,21
20260306145400,231.750,231.790,231.710,231.710,69
20260306145500,231.190,231.630,231.130,231.620,48
20260306145600,231.470,231.620,231.470,231.470,31
20260306145700,231.470,231.470,231.260,231.260,49
20260306145800,231.260,231.260,231.260,231.260,0
20260306145900,231.260,231.260,231.260,231.260,0
20260306150000,230.910,230.910,230.910,230.910,93
20260309093000,229.800,229.800,229.800,229.800,52
20260309093100,229.280,229.870,228.010,228.200,158
20260309093200,228.000,228.680,226.800,228.290,305
20260309093300,229.100,229.100,228.160,229.100,154
20260309093400,229.100,229.360,228.260,228.260,116
20260309093500,228.270,228.940,228.000,228.270,118
20260309093600,229.360,229.430,228.270,228.270,73
20260309093700,228.690,229.000,228.220,228.400,133
20260309093800,228.360,229.000,228.360,228.550,39
20260309093900,228.990,229.020,228.660,229.000,63
20260309094000,228.610,228.610,227.680,227.680,52
20260309094100,227.400,227.400,226.920,227.320,182
20260309094200,227.370,228.540,227.220,227.580,82
20260309094300,227.580,227.580,226.880,226.880,88
20260309094400,226.900,227.460,226.880,226.880,65
20260309094500,227.120,227.180,226.200,226.520,144
20260309094600,226.910,227.000,226.870,226.870,92
20260309094700,227.190,228.370,227.190,227.870,62
20260309094800,227.660,227.660,226.870,226.870,61
20260309094900,227.360,227.360,226.720,226.920,24
20260309095000,226.910,227.470,226.720,226.920,67
20260309095100,226.970,227.000,226.510,226.860,39
20260309095200,226.860,226.990,226.300,226.340,124
20260309095300,226.200,226.590,226.120,226.590,78
20260309095400,226.380,226.570,226.130,226.250,66
20260309095500,226.540,226.540,225.810,225.810,189
20260309095600,225.710,226.390,225.500,226.390,69
20260309095700,226.490,226.490,226.000,226.390,38
20260309095800,226.390,226.490,226.010,226.010,23
20260309095900,226.190,226.350,225.640,225.810,79
20260309100000,225.640,225.830,225.560,225.830,57
20260309100100,225.830,225.830,225.620,225.820,25
20260309100200,225.790,225.800,225.620,225.670,20
20260309100300,225.620,225.680,225.080,225.100,168
20260309100400,225.100,225.990,225.100,225.720,31
20260309100500,225.800,225.870,225.380,225.400,14
20260309100600,225.400,225.940,225.400,225.940,25
20260309100700,225.990,226.130,225.400,225.460,67
20260309100800,225.530,226.040,225.530,225.990,24
20260309100900,225.990,226.060,225.550,226.060,21
20260309101000,226.320,226.490,226.060,226.060,25
20260309101100,226.060,226.430,226.060,226.070,19
20260309101200,226.000,226.350,225.840,226.000,32
20260309101300,225.880,226.400,225.880,226.330,54
20260309101400,225.970,226.200,225.900,225.900,15
20260309101500,225.890,226.040,225.880,225.880,22
20260309101600,225.870,226.900,225.850,226.900,92
20260309101700,226.700,227.390,226.700,227.390,30
20260309101800,227.450,227.940,227.450,227.460,41
20260309101900,227.280,228.420,227.000,228.420,109
20260309102000,227.850,228.260,227.550,227.550,27
20260309102100,227.630,229.000,227.540,228.710,234
20260309102200,228.710,228.950,228.230,228.940,79
20260309102300,228.930,229.070,228.930,229.070,14
20260309102400,228.620,228.980,228.420,228.940,22
20260309102500,228.920,228.920,228.860,228.860,4
20260309102600,228.900,228.900,228.440,228.440,16
20260309102700,228.430,228.770,228.000,228.680,25
20260309102800,228.140,228.730,228.140,228.160,22
20260309102900,228.010,228.010,227.480,227.480,88
20260309103000,227.390,227.390,227.330,227.330,18
20260309103100,227.320,227.320,227.320,227.320,4
20260309103200,227.470,228.110,227.470,228.000,29
20260309103300,228.270,228.270,227.660,227.660,14
20260309103400,227.990,228.000,227.990,228.000,6
20260309103500,227.580,227.750,227.270,227.750,35
20260309103600,227.720,227.730,227.720,227.730,13
20260309103700,227.730,228.020,227.730,228.020,12
20260309103800,228.190,228.190,227.480,227.480,11
20260309103900,227.460,227.460,227.460,227.460,4
20260309104000,227.320,227.600,227.320,227.600,20
20260309104100,227.880,228.240,227.880,228.240,12
20260309104200,227.830,227.830,227.500,227.500,15
20260309104300,227.820,227.820,227.500,227.500,8
20260309104400,227.800,227.800,227.800,227.800,4
20260309104500,227.340,227.800,227.340,227.360,6
20260309104600,227.800,227.800,227.800,227.800,4
20260309104700,227.480,227.480,227.470,227.470,26
20260309104800,227.230,227.580,227.230,227.580,8
20260309104900,227.060,227.060,226.520,226.560,81
20260309105000,226.970,226.980,226.970,226.980,8
20260309105100,226.970,226.970,226.630,226.970,6
20260309105200,226.880,226.880,226.620,226.630,10
20260309105300,226.690,226.690,226.690,226.690,6
20260309105400,226.700,226.700,226.700,226.700,2
20260309105500,226.700,227.050,226.700,227.050,8
20260309105600,226.690,227.150,226.690,227.150,19
20260309105700,227.380,227.380,226.870,226.870,7
20260309105800,226.940,227.330,226.880,227.330,13
20260309105900,227.340,227.350,226.880,226.880,12
20260309110000,226.880,226.880,226.690,226.690,10
20260309110100,227.110,227.110,226.910,226.910,8
20260309110200,227.120,227.130,226.720,227.130,15
20260309110300,227.150,227.170,226.730,226.730,12
20260309110400,226.730,226.730,226.730,226.730,9
20260309110500,227.090,227.110,226.720,226.720,6
20260309110600,226.730,227.110,226.730,227.110,4
20260309110700,226.880,226.880,226.510,226.510,60
20260309110800,226.190,226.190,226.190,226.190,27
20260309110900,226.550,226.610,226.550,226.600,60
20260309111000,226.970,227.110,226.970,227.110,9
20260309111100,226.780,226.780,226.780,226.780,4
20260309111200,226.610,226.610,226.600,226.600,6
20260309111300,226.500,226.500,226.290,226.500,14
20260309111400,226.270,226.600,226.270,226.600,8
20260309111500,226.600,226.600,226.270,226.270,8
20260309111600,226.280,226.280,226.280,226.280,4
20260309111700,226.300,226.620,226.300,226.620,9
20260309111800,226.620,226.620,226.620,226.620,0
20260309111900,226.330,226.620,226.330,226.620,6
20260309112000,226.360,226.360,226.360,226.360,4
20260309112100,226.700,226.710,226.350,226.710,12
20260309112200,226.710,226.720,226.370,226.370,10
20260309112300,226.750,226.750,226.330,226.330,22
20260309112400,226.330,226.330,226.260,226.320,229
20260309112500,226.320,226.520,226.320,226.330,9
20260309112600,226.330,226.460,226.330,226.460,5
20260309112700,226.320,226.320,226.320,226.320,4
20260309112800,226.450,226.460,226.450,226.450,10
20260309112900,226.330,226.460,226.310,226.310,16
20260309113000,226.460,226.460,226.310,226.310,3
20260309130100,226.690,228.770,226.460,227.340,262
20260309130200,226.940,227.030,226.930,227.030,26
20260309130300,227.040,229.490,227.040,228.880,291
20260309130400,228.920,229.330,228.790,228.930,41
20260309130500,229.300,229.590,229.050,229.590,65
20260309130600,229.320,229.550,228.610,228.630,61
20260309130700,228.610,229.060,228.600,228.690,13
20260309130800,228.660,228.690,228.660,228.690,6
20260309130900,229.000,229.020,228.700,229.010,14
20260309131000,228.690,229.090,228.690,229.070,92
20260309131100,229.070,229.070,229.070,229.070,0
20260309131200,228.700,229.060,228.700,229.050,11
20260309131300,229.050,229.080,228.710,228.740,72
20260309131400,228.740,229.080,228.740,228.990,10
20260309131500,229.000,229.000,228.740,228.740,20
20260309131600,228.990,229.040,228.740,228.740,29
20260309131700,229.030,229.080,228.500,228.500,94
20260309131800,228.030,228.030,227.600,227.670,42
20260309131900,228.000,228.000,227.780,227.780,7
20260309132000,227.770,227.960,227.340,227.340,41
20260309132100,227.750,227.760,227.350,227.760,6
20260309132200,227.750,227.750,227.350,227.750,29
20260309132300,227.370,227.750,227.370,227.750,15
20260309132400,227.750,227.830,227.400,227.760,50
20260309132500,227.420,227.990,227.420,227.490,10
20260309132600,227.480,228.090,227.480,227.600,40
20260309132700,228.080,228.140,227.660,228.140,25
20260309132800,228.130,228.290,228.130,228.290,36
20260309132900,228.290,228.610,228.290,228.460,32
20260309133000,228.610,228.980,228.460,228.460,26
20260309133100,228.940,228.940,228.630,228.630,14
20260309133200,228.590,228.890,227.600,227.600,158
20260309133300,227.770,228.350,227.770,227.900,47
20260309133400,228.350,228.350,227.940,227.940,4
20260309133500,228.350,228.550,227.940,228.550,14
20260309133600,228.000,228.550,228.000,228.040,15
20260309133700,228.520,228.530,228.080,228.530,12
20260309133800,228.550,228.600,228.540,228.590,62
20260309133900,228.110,228.120,227.300,228.080,201
20260309134000,228.020,228.300,227.900,228.300,9
20260309134100,227.840,227.840,227.840,227.840,22
20260309134200,228.190,228.200,227.840,227.840,16
20260309134300,228.210,228.230,227.840,227.840,16
20260309134400,228.220,228.240,227.860,227.860,21
20260309134500,228.390,228.590,228.070,228.090,31
20260309134600,228.610,228.620,228.080,228.620,54
20260309134700,228.920,228.920,228.820,228.850,24
20260309134800,228.440,228.950,228.440,228.950,24
20260309134900,228.950,228.950,228.520,228.520,14
20260309135000,228.960,229.080,228.960,228.980,67
20260309135100,228.920,228.920,228.920,228.920,2
20260309135200,229.030,229.080,229.030,229.080,12
20260309135300,229.080,229.160,228.700,229.160,35
20260309135400,229.260,229.310,229.250,229.310,12
20260309135500,229.300,229.430,228.950,228.950,20
20260309135600,229.420,229.450,229.190,229.190,10
20260309135700,229.310,229.570,229.310,229.500,101
20260309135800,229.310,229.540,229.310,229.540,29
20260309135900,229.540,229.540,229.540,229.540,0
20260309140000,229.540,229.600,229.540,229.600,24
20260309140100,229.650,229.900,229.630,229.900,78
20260309140200,229.960,229.990,229.900,229.990,17
20260309140300,229.830,229.830,229.740,229.750,30
20260309140400,229.830,230.000,229.750,230.000,19
20260309140500,230.000,230.000,229.910,229.910,20
20260309140600,229.920,230.180,229.920,230.180,25
20260309140700,230.330,230.600,230.300,230.330,59
20260309140800,230.320,230.360,230.000,230.310,34
20260309140900,230.320,230.390,230.310,230.390,18
20260309141000,230.390,230.470,230.390,230.470,22
20260309141100,230.060,230.470,230.060,230.470,20
20260309141200,230.460,230.460,229.800,229.800,92
20260309141300,229.420,229.910,229.420,229.910,13
20260309141400,229.910,229.910,229.440,229.440,56
20260309141500,229.490,229.880,229.300,229.300,28
20260309141600,229.480,229.490,228.960,228.960,101
20260309141700,229.380,229.380,229.380,229.380,4
20260309141800,229.380,229.380,229.380,229.380,51
20260309141900,229.260,229.260,228.730,228.730,16
20260309142000,228.730,229.140,228.620,229.090,18
20260309142100,228.630,229.060,228.590,229.030,22
20260309142200,229.020,229.080,228.390,228.390,52
20260309142300,228.120,228.120,228.120,228.120,2
20260309142400,228.280,228.490,228.190,228.490,20
20260309142500,228.480,228.500,228.120,228.120,16
20260309142600,228.500,228.550,228.120,228.550,13
20260309142700,228.560,228.950,228.410,228.950,26
20260309142800,228.350,228.920,228.350,228.920,4
20260309142900,228.910,228.910,228.150,228.150,76
20260309143000,228.640,228.640,228.000,228.030,33
20260309143100,228.030,228.250,227.820,228.110,22
20260309143200,228.120,228.130,227.830,228.130,22
20260309143300,228.130,228.130,228.120,228.130,12
20260309143400,228.160,228.190,227.830,227.830,20
20260309143500,227.830,228.090,227.800,228.090,38
20260309143600,228.080,228.210,227.800,227.800,28
20260309143700,228.180,228.180,227.800,227.800,24
20260309143800,228.160,228.160,227.760,227.810,36
20260309143900,227.700,227.840,227.310,227.840,44
20260309144000,227.410,227.910,227.410,227.910,10
20260309144100,227.810,228.150,227.580,228.150,29
20260309144200,228.140,228.140,227.610,227.610,17
20260309144300,227.640,228.100,227.640,227.680,19
20260309144400,227.650,228.020,227.650,227.660,53
20260309144500,227.500,227.500,227.260,227.260,31
20260309144600,227.030,227.270,227.030,227.260,15
20260309144700,227.270,227.370,227.080,227.370,58
20260309144800,227.370,227.370,227.370,227.370,3
20260309144900,227.370,227.370,227.080,227.100,11
20260309145000,227.100,227.100,227.100,227.100,11
20260309145100,227.080,227.080,227.000,227.000,25
20260309145200,227.000,227.020,227.000,227.000,44
20260309145300,227.000,227.160,227.000,227.160,6
20260309145400,227.000,227.000,226.880,226.910,89
20260309145500,226.910,227.150,226.910,227.010,16
20260309145600,227.150,227.150,226.970,227.010,25
20260309145700,227.010,227.010,226.930,227.010,64
20260309145800,227.010,227.010,227.010,227.010,0
20260309145900,227.010,227.010,227.010,227.010,0
20260309150000,227.010,227.010,227.010,227.010,101
20260310093000,227.510,227.510,227.510,227.510,12
20260310093100,229.010,229.380,227.510,229.380,111
20260310093200,228.890,229.410,228.890,229.010,89
20260310093300,229.010,229.380,228.140,228.840,89
20260310093400,228.770,228.770,228.000,228.620,93
20260310093500,228.300,228.610,227.810,228.280,56
20260310093600,228.280,228.460,227.790,228.350,86
20260310093700,228.350,229.930,227.830,229.810,123
20260310093800,229.130,230.170,229.130,229.720,133
20260310093900,229.950,229.990,229.530,229.980,84
20260310094000,229.970,230.500,229.970,230.490,103
20260310094100,230.900,231.500,230.550,230.700,104
20260310094200,230.340,231.580,230.340,231.570,93
20260310094300,231.500,232.000,231.070,231.700,137
20260310094400,231.700,231.750,230.340,230.590,138
20260310094500,230.350,230.450,229.920,230.040,84
20260310094600,230.440,231.480,230.070,231.480,114
20260310094700,231.500,231.730,231.040,231.480,31
20260310094800,231.470,231.470,231.060,231.060,24
20260310094900,231.470,231.470,230.800,231.080,81
20260310095000,231.170,231.170,230.370,230.700,36
20260310095100,230.700,230.700,230.700,230.700,6
20260310095200,230.700,231.000,230.700,230.920,38
20260310095300,230.560,231.030,230.560,231.030,14
20260310095400,231.060,231.060,231.060,231.060,4
20260310095500,230.980,230.990,230.800,230.800,6
20260310095600,230.560,230.690,230.330,230.690,22
20260310095700,230.500,232.600,230.500,232.390,318
20260310095800,232.600,233.280,232.170,233.190,321
20260310095900,233.190,233.270,232.980,233.080,86
20260310100000,233.100,233.110,232.070,232.390,80
20260310100100,232.470,233.170,232.470,233.170,77
20260310100200,233.170,233.170,232.610,232.610,32
20260310100300,232.620,232.620,232.000,232.060,55
20260310100400,232.000,232.000,231.570,231.990,14
20260310100500,231.980,231.980,231.980,231.980,4
20260310100600,231.980,231.980,231.980,231.980,0
20260310100700,231.460,231.460,231.450,231.450,4
20260310100800,231.970,231.970,231.970,231.970,6
20260310100900,231.960,231.990,231.960,231.990,6
20260310101000,231.590,231.980,231.590,231.980,4
20260310101100,231.630,231.630,230.660,230.660,71
20260310101200,230.850,230.860,230.280,230.480,41
20260310101300,230.310,230.350,230.310,230.350,4
20260310101400,230.480,231.130,230.480,231.130,47
20260310101500,231.230,231.230,230.750,230.750,16
20260310101600,230.750,230.750,230.750,230.750,0
20260310101700,230.740,230.740,230.740,230.740,2
20260310101800,230.800,231.220,230.790,230.790,14
20260310101900,230.790,230.790,230.790,230.790,4
20260310102000,230.730,231.750,230.730,231.750,82
20260310102100,231.540,231.990,231.540,231.990,4
20260310102200,231.980,231.980,231.980,231.980,2
20260310102300,231.610,231.610,231.610,231.610,2
20260310102400,231.630,231.630,230.790,230.790,21
20260310102500,231.210,231.210,230.800,230.800,45
20260310102600,230.890,230.890,230.890,230.890,3
20260310102700,231.200,231.200,231.200,231.200,2
20260310102800,230.790,230.790,230.770,230.770,76
20260310102900,230.300,230.460,230.300,230.460,116
20260310103000,230.450,230.500,230.220,230.500,76
20260310103100,230.300,230.880,230.300,230.300,24
20260310103200,230.390,230.390,230.390,230.390,3
20260310103300,230.760,230.760,230.380,230.400,133
20260310103400,230.410,230.410,230.030,230.130,73
20260310103500,229.880,230.010,229.420,229.480,79
20260310103600,229.500,229.510,229.490,229.490,32
20260310103700,229.430,229.480,229.210,229.210,19
20260310103800,229.380,229.380,229.380,229.380,7
20260310103900,229.110,229.110,228.970,228.970,51
20260310104000,229.010,229.080,229.010,229.080,26
20260310104100,229.090,229.090,229.000,229.000,27
20260310104200,229.180,229.370,229.180,229.370,19
20260310104300,229.470,229.470,229.460,229.460,8
20260310104400,229.180,229.450,229.180,229.180,8
20260310104500,229.050,229.170,228.620,228.620,34
20260310104600,229.010,229.470,228.800,228.800,14
20260310104700,228.810,228.810,228.810,228.810,8
20260310104800,228.810,228.820,228.810,228.820,9
20260310104900,228.980,228.980,228.980,228.980,10
20260310105000,228.960,228.960,228.850,228.950,27
20260310105100,228.950,228.950,228.950,228.950,0
20260310105200,229.450,229.460,229.450,229.460,6
20260310105300,229.460,229.460,229.460,229.460,0
20260310105400,229.460,229.460,229.460,229.460,0
20260310105500,229.460,229.460,229.460,229.460,2
20260310105600,229.440,229.440,229.440,229.440,2
20260310105700,229.230,229.230,229.230,229.230,2
20260310105800,229.220,229.460,229.220,229.460,12
20260310105900,229.460,229.460,229.460,229.460,0
20260310110000,229.460,229.460,229.060,229.060,11
20260310110100,229.050,229.050,228.960,228.960,16
20260310110200,229.390,229.390,229.390,229.390,4
20260310110300,229.390,229.390,229.390,229.390,0
20260310110400,229.050,229.050,229.050,229.050,4
20260310110500,228.950,229.340,228.950,229.000,28
20260310110600,229.000,229.000,228.950,228.950,6
20260310110700,228.900,228.900,228.120,228.250,116
20260310110800,228.780,228.780,228.780,228.780,2
20260310110900,229.330,229.330,228.930,228.930,10
20260310111000,228.910,228.910,228.910,228.910,11
20260310111100,228.910,229.170,228.910,229.170,14
20260310111200,229.170,229.170,229.170,229.170,0
20260310111300,228.910,228.910,228.910,228.910,7
20260310111400,229.150,229.150,228.910,228.910,9
20260310111500,229.180,229.180,229.180,229.180,8
20260310111600,229.350,229.350,229.350,229.350,2
20260310111700,229.350,229.480,229.350,229.480,30
20260310111800,229.940,229.990,229.940,229.990,4
20260310111900,229.990,229.990,229.500,229.520,10
20260310112000,229.910,229.910,229.910,229.910,4
20260310112100,229.910,229.910,229.910,229.910,0
20260310112200,229.910,229.910,229.910,229.910,0
20260310112300,229.910,229.910,229.910,229.910,2
20260310112400,229.910,229.990,229.610,229.990,12
20260310112500,229.740,229.740,229.740,229.740,2
20260310112600,230.120,230.120,230.120,230.120,2
20260310112700,229.810,229.820,229.810,229.820,7
20260310112800,229.810,230.070,229.700,230.070,34
20260310112900,229.510,230.070,229.510,230.070,17
20260310113000,230.100,230.160,230.100,230.160,19
20260310130100,230.120,230.980,230.080,230.620,66
20260310130200,230.680,230.680,230.130,230.130,10
20260310130300,230.130,230.130,229.650,229.650,12
20260310130400,229.670,229.670,229.500,229.500,8
20260310130500,229.660,229.660,229.350,229.350,20
20260310130600,229.330,229.780,229.170,229.780,56
20260310130700,229.360,229.360,229.360,229.360,2
20260310130800,229.480,229.480,229.470,229.470,4
20260310130900,229.470,229.470,229.470,229.470,0
20260310131000,229.410,229.700,229.350,229.350,10
20260310131100,229.210,229.630,229.110,229.140,15
20260310131200,229.580,229.590,229.150,229.190,9
20260310131300,229.180,229.180,229.170,229.170,6
20260310131400,229.070,229.070,229.070,229.070,2
20260310131500,229.560,229.560,229.560,229.560,2
20260310131600,229.120,229.120,229.120,229.120,2
20260310131700,229.070,229.400,229.000,229.000,77
20260310131800,228.960,228.960,228.630,228.630,17
20260310131900,228.630,228.990,228.550,228.580,36
20260310132000,228.570,228.990,228.570,228.660,31
20260310132100,228.990,228.990,228.990,228.990,2
20260310132200,228.720,228.720,228.720,228.720,6
20260310132300,228.800,228.800,228.800,228.800,2
20260310132400,228.800,228.800,228.710,228.710,4
20260310132500,228.730,228.940,228.700,228.700,16
20260310132600,228.690,229.390,228.690,228.960,119
20260310132700,228.970,229.330,228.960,229.000,19
20260310132800,229.000,229.000,229.000,229.000,6
20260310132900,229.060,229.060,228.780,228.780,27
20260310133000,229.280,229.330,228.910,228.980,17
20260310133100,229.010,229.010,229.010,229.010,2
20260310133200,229.000,229.250,228.980,228.980,12
20260310133300,228.900,229.240,228.800,229.240,40
20260310133400,229.240,229.290,229.240,229.290,10
20260310133500,229.050,229.290,229.050,229.280,10
20260310133600,229.280,229.300,229.050,229.300,44
20260310133700,229.300,229.300,229.060,229.060,20
20260310133800,229.060,229.060,228.830,228.830,35
20260310133900,228.830,228.830,228.830,228.830,2
20260310134000,228.790,229.150,228.750,229.150,14
20260310134100,228.880,228.880,228.880,228.880,2
20260310134200,229.130,229.150,228.890,229.150,18
20260310134300,228.900,228.900,228.900,228.900,4
20260310134400,228.890,229.170,228.890,229.170,16
20260310134500,229.190,229.810,229.190,229.710,60
20260310134600,229.720,229.840,229.560,229.840,7
20260310134700,229.550,229.860,229.550,229.860,38
20260310134800,230.220,230.230,229.580,229.610,25
20260310134900,229.640,229.960,229.550,229.960,15
20260310135000,229.620,230.060,229.620,230.060,29
20260310135100,230.060,230.290,230.060,230.290,8
20260310135200,230.080,230.300,230.040,230.300,40
20260310135300,229.890,230.310,229.890,230.310,26
20260310135400,230.110,230.400,229.830,230.010,42
20260310135500,230.020,230.020,230.020,230.020,2
20260310135600,230.240,230.670,230.230,230.670,51
20260310135700,230.860,231.490,230.860,231.450,177
20260310135800,230.910,231.420,230.890,231.420,42
20260310135900,231.420,231.420,230.060,231.000,172
20260310140000,230.300,230.550,229.880,229.880,95
20260310140100,229.880,230.200,229.880,229.980,15
20260310140200,230.210,230.250,230.210,230.220,9
20260310140300,230.000,230.220,230.000,230.220,11
20260310140400,230.220,230.220,230.210,230.210,4
20260310140500,229.980,229.980,229.940,229.940,14
20260310140600,229.940,230.190,229.910,229.910,25
20260310140700,229.920,230.220,229.910,230.220,19
20260310140800,230.220,230.220,229.950,229.950,4
20260310140900,230.220,230.280,229.940,229.950,16
20260310141000,230.360,230.380,230.040,230.040,8
20260310141100,230.030,230.310,229.930,229.930,22
20260310141200,229.930,230.380,229.930,230.380,63
20260310141300,230.390,230.730,230.390,230.420,26
20260310141400,230.490,230.720,230.490,230.720,4
20260310141500,230.670,230.670,230.290,230.290,7
20260310141600,230.630,230.630,230.160,230.590,18
20260310141700,230.620,230.640,230.260,230.640,8
20260310141800,230.650,230.680,230.320,230.380,14
20260310141900,230.360,230.360,230.010,230.010,10
20260310142000,230.560,230.680,230.090,230.130,18
20260310142100,230.650,230.650,230.320,230.320,4
20260310142200,230.320,230.320,230.290,230.290,8
20260310142300,230.540,230.540,229.910,229.910,30
20260310142400,230.080,230.260,230.080,230.260,10
20260310142500,230.540,230.540,230.540,230.540,2
20260310142600,230.540,230.540,230.260,230.260,6
20260310142700,230.260,230.490,229.920,230.360,15
20260310142800,229.930,230.220,229.920,230.220,36
20260310142900,230.220,230.220,230.220,230.220,0
20260310143000,230.320,230.440,229.720,229.720,115
20260310143100,229.710,230.510,229.710,230.510,12
20260310143200,230.470,230.470,229.910,230.450,18
20260310143300,229.990,230.510,229.990,230.510,23
20260310143400,230.060,230.660,230.060,230.650,12
20260310143500,230.600,231.460,230.600,231.430,310
20260310143600,230.990,231.660,230.990,231.500,23
20260310143700,231.440,231.440,231.050,231.050,37
20260310143800,231.410,231.420,231.400,231.400,16
20260310143900,231.420,231.500,231.020,231.500,75
20260310144000,231.630,231.640,231.120,231.120,30
20260310144100,231.500,231.620,231.500,231.620,5
20260310144200,231.620,231.620,231.280,231.620,15
20260310144300,231.620,231.630,231.260,231.630,18
20260310144400,231.610,231.650,231.380,231.640,126
20260310144500,231.670,231.800,231.670,231.680,50
20260310144600,231.800,231.980,231.670,231.970,62
20260310144700,231.960,232.000,231.950,232.000,59
20260310144800,232.120,232.390,231.590,231.950,67
20260310144900,232.390,232.390,232.300,232.340,14
20260310145000,231.890,232.230,231.890,232.010,61
20260310145100,232.000,232.270,231.880,232.190,53
20260310145200,232.180,232.180,231.900,232.000,15
20260310145300,231.550,232.000,231.550,231.980,14
20260310145400,231.650,231.950,231.650,231.950,28
20260310145500,231.830,231.950,231.510,231.510,64
20260310145600,231.480,232.000,231.470,231.960,90
20260310145700,231.600,232.100,231.600,231.600,53
20260310145800,231.600,231.600,231.600,231.600,2
20260310145900,231.600,231.600,231.600,231.600,0
20260310150000,231.500,231.500,231.500,231.500,103
20260311093000,231.000,231.000,231.000,231.000,6
20260311093100,231.000,231.440,230.510,231.000,47
20260311093200,231.010,231.430,231.010,231.350,40
20260311093300,231.390,231.870,231.030,231.430,29
20260311093400,231.450,231.450,230.920,231.300,25
20260311093500,231.390,232.420,231.390,231.930,51
20260311093600,232.300,232.320,231.830,232.250,52
20260311093700,231.740,231.830,231.480,231.480,44
20260311093800,231.490,231.490,231.090,231.270,43
20260311093900,231.780,231.780,231.780,231.780,5
20260311094000,231.770,232.210,231.350,232.190,26
20260311094100,232.140,232.150,231.840,231.840,45
20260311094200,232.110,232.480,231.970,232.190,94
20260311094300,232.160,232.190,232.160,232.190,14
20260311094400,232.170,232.180,232.040,232.160,35
20260311094500,232.330,232.330,231.970,231.980,30
20260311094600,232.250,232.300,231.910,232.160,41
20260311094700,232.140,232.150,231.840,231.880,17
20260311094800,231.890,232.210,231.880,232.210,45
20260311094900,232.210,232.500,232.200,232.500,96
20260311095000,232.380,232.500,232.350,232.490,74
20260311095100,232.480,232.640,232.480,232.640,32
20260311095200,232.610,232.610,232.290,232.290,23
20260311095300,232.570,232.570,232.150,232.150,39
20260311095400,232.180,232.500,232.180,232.500,18
20260311095500,232.370,232.590,232.370,232.590,13
20260311095600,232.570,232.580,232.280,232.280,26
20260311095700,232.280,232.410,232.280,232.410,15
20260311095800,232.610,232.690,232.610,232.640,20
20260311095900,232.770,232.880,232.770,232.880,24
20260311100000,232.700,233.180,232.690,232.990,134
20260311100100,233.160,233.290,232.930,233.280,19
20260311100200,233.290,233.290,232.860,232.860,20
20260311100300,232.860,232.890,232.800,232.890,16
20260311100400,233.140,233.140,232.900,233.140,25
20260311100500,232.910,233.470,232.910,233.350,67
20260311100600,233.350,233.860,233.350,233.680,103
20260311100700,233.880,234.390,233.680,234.380,145
20260311100800,234.440,234.440,234.390,234.390,30
20260311100900,234.430,234.430,234.390,234.430,22
20260311101000,234.300,234.760,234.290,234.740,94
20260311101100,234.740,234.780,234.720,234.780,19
20260311101200,234.800,235.890,234.800,235.650,213
20260311101300,235.760,236.200,235.630,236.200,69
20260311101400,236.140,236.200,235.970,235.970,31
20260311101500,235.970,235.970,235.970,235.970,0
20260311101600,235.630,235.630,235.300,235.300,60
20260311101700,235.450,235.450,235.060,235.380,25
20260311101800,235.330,235.630,235.330,235.630,20
20260311101900,235.630,235.880,235.630,235.880,26
20260311102000,235.860,235.860,235.700,235.700,36
20260311102100,235.700,235.770,235.700,235.770,5
20260311102200,235.700,235.740,235.700,235.740,4
20260311102300,235.680,235.750,235.530,235.750,16
20260311102400,235.530,235.740,235.530,235.740,4
20260311102500,235.580,235.580,235.580,235.580,2
20260311102600,235.670,235.700,235.670,235.700,25
20260311102700,235.690,235.690,235.690,235.690,2
20260311102800,235.610,235.640,235.610,235.640,6
20260311102900,235.340,235.380,235.340,235.380,28
20260311103000,235.210,235.680,235.210,235.240,50
20260311103100,235.500,235.510,235.250,235.510,7
20260311103200,235.510,235.510,235.250,235.510,14
20260311103300,235.500,235.500,235.270,235.270,12
20260311103400,235.340,235.730,235.340,235.560,208
20260311103500,235.800,235.800,235.570,235.570,22
20260311103600,235.570,235.960,235.570,235.960,50
20260311103700,235.970,235.970,235.960,235.960,6
20260311103800,235.800,235.800,235.700,235.790,11
20260311103900,235.780,235.790,235.780,235.790,5
20260311104000,235.790,235.790,235.520,235.530,22
20260311104100,235.500,235.500,235.400,235.430,48
20260311104200,235.450,235.650,235.450,235.470,7
20260311104300,235.470,235.640,235.470,235.630,43
20260311104400,235.630,235.630,235.630,235.630,0
20260311104500,235.730,235.930,235.730,235.730,17
20260311104600,235.740,235.760,235.480,235.480,107
20260311104700,235.480,235.480,235.010,235.010,55
20260311104800,235.150,235.500,235.150,235.500,12
20260311104900,235.500,235.500,235.260,235.260,17
20260311105000,235.490,235.490,235.130,235.160,56
20260311105100,235.510,235.720,235.510,235.720,35
20260311105200,235.300,235.600,235.300,235.310,19
20260311105300,235.340,235.340,235.310,235.310,4
20260311105400,235.590,235.590,235.590,235.590,4
20260311105500,235.330,235.330,235.330,235.330,21
20260311105600,235.340,235.530,235.340,235.350,18
20260311105700,235.320,235.490,235.320,235.490,12
20260311105800,235.560,235.680,235.520,235.670,19
20260311105900,235.500,235.890,235.500,235.740,24
20260311110000,235.740,236.180,235.740,236.150,119
20260311110100,236.170,236.200,236.000,236.150,68
20260311110200,236.100,236.120,235.970,235.970,25
20260311110300,236.000,236.300,235.900,236.300,69
20260311110400,236.360,236.360,236.160,236.160,15
20260311110500,236.340,236.800,236.320,236.460,141
20260311110600,236.460,236.780,236.460,236.780,16
20260311110700,236.770,236.820,236.740,236.820,26
20260311110800,236.650,236.660,236.250,236.250,15
20260311110900,236.380,236.640,236.380,236.640,4
20260311111000,236.410,236.640,236.400,236.400,8
20260311111100,236.420,236.890,236.420,236.820,49
20260311111200,236.650,236.840,236.650,236.840,4
20260311111300,236.860,236.860,236.550,236.550,15
20260311111400,236.550,236.550,236.550,236.550,2
20260311111500,236.690,236.690,236.470,236.470,8
20260311111600,236.410,236.460,236.180,236.200,43
20260311111700,236.160,236.160,236.160,236.160,4
20260311111800,236.150,236.160,236.060,236.150,12
20260311111900,236.060,236.060,235.900,236.000,51
20260311112000,235.890,235.890,235.710,235.710,45
20260311112100,235.990,235.990,235.950,235.950,11
20260311112200,235.640,235.910,235.640,235.910,7
20260311112300,235.600,235.600,235.340,235.510,13
20260311112400,235.300,235.390,235.190,235.190,67
20260311112500,235.150,235.150,235.130,235.150,27
20260311112600,235.200,235.200,235.150,235.150,7
20260311112700,235.130,235.130,235.010,235.010,19
20260311112800,235.010,235.010,234.960,235.000,12
20260311112900,234.980,234.980,234.570,234.570,16
20260311113000,234.700,234.970,234.700,234.970,13
20260311130100,234.990,235.240,234.940,235.100,43
20260311130200,235.100,235.400,235.100,235.100,12
20260311130300,235.410,235.410,235.100,235.100,24
20260311130400,235.090,235.090,235.000,235.010,29
20260311130500,235.000,235.330,235.000,235.330,10
20260311130600,235.430,235.800,235.430,235.800,20
20260311130700,235.450,235.790,235.410,235.690,16
20260311130800,235.680,235.800,235.680,235.800,18
20260311130900,235.800,235.800,235.800,235.800,4
20260311131000,235.800,235.800,235.800,235.800,4
20260311131100,236.010,236.020,236.010,236.020,18
20260311131200,236.020,236.020,235.940,235.950,25
20260311131300,235.920,236.040,235.920,236.040,38
20260311131400,236.040,236.080,236.040,236.080,26
20260311131500,236.050,236.050,235.800,236.000,86
20260311131600,236.070,236.080,236.000,236.000,16
20260311131700,236.000,236.000,235.990,235.990,24
20260311131800,235.990,236.000,235.900,235.900,15
20260311131900,236.000,236.080,236.000,236.080,36
20260311132000,236.000,236.000,236.000,236.000,2
20260311132100,236.000,236.050,236.000,236.050,15
20260311132200,236.060,236.070,235.980,235.980,16
20260311132300,235.980,236.020,235.090,235.090,244
20260311132400,235.090,235.090,235.090,235.090,0
20260311132500,235.100,235.100,235.100,235.100,4
20260311132600,235.330,235.330,234.500,234.670,63
20260311132700,234.410,234.410,234.410,234.410,27
20260311132800,234.620,234.670,234.560,234.650,29
20260311132900,234.650,234.850,234.650,234.850,4
20260311133000,234.580,234.630,234.580,234.630,34
20260311133100,234.800,234.800,234.630,234.630,4
20260311133200,234.580,234.780,234.530,234.540,21
20260311133300,234.550,234.760,234.540,234.760,8
20260311133400,234.540,234.750,234.020,234.020,69
20260311133500,234.020,234.260,234.020,234.230,6
20260311133600,234.260,234.320,234.260,234.320,27
20260311133700,234.420,234.460,234.420,234.460,10
20260311133800,234.460,234.460,234.460,234.460,2
20260311133900,234.500,234.830,234.370,234.770,20
20260311134000,234.810,234.810,234.570,234.570,6
20260311134100,234.800,234.800,234.500,234.500,38
20260311134200,234.370,234.490,234.160,234.450,49
20260311134300,234.180,234.180,234.160,234.160,13
20260311134400,234.160,234.370,234.160,234.370,4
20260311134500,234.100,234.100,234.100,234.100,8
20260311134600,234.230,234.230,233.940,234.120,176
20260311134700,234.130,234.130,234.120,234.120,6
20260311134800,234.120,234.310,234.120,234.130,15
20260311134900,234.130,234.350,234.130,234.350,4
20260311135000,234.360,234.490,234.350,234.380,39
20260311135100,234.550,234.550,234.350,234.350,6
20260311135200,234.520,234.520,234.350,234.350,14
20260311135300,234.360,234.450,234.350,234.450,25
20260311135400,234.440,234.440,234.380,234.380,10
20260311135500,234.350,234.800,234.350,234.750,29
20260311135600,234.730,234.730,234.620,234.730,33
20260311135700,234.720,234.760,234.620,234.620,18
20260311135800,234.740,234.800,234.620,234.800,40
20260311135900,234.700,234.860,234.700,234.860,49
20260311140000,234.810,234.860,234.810,234.860,4
20260311140100,234.850,234.890,234.840,234.860,21
20260311140200,234.810,234.890,234.700,234.880,30
20260311140300,234.990,235.000,234.800,234.800,66
20260311140400,235.000,235.000,234.810,235.000,11
20260311140500,234.810,235.210,234.810,235.110,58
20260311140600,235.110,235.280,235.110,235.120,19
20260311140700,235.120,235.440,235.120,235.420,52
20260311140800,235.160,235.430,235.160,235.400,16
20260311140900,235.160,235.400,235.120,235.120,63
20260311141000,235.380,235.390,235.170,235.170,8
20260311141100,235.390,235.390,235.120,235.120,10
20260311141200,235.120,235.120,234.670,234.990,56
20260311141300,234.700,234.750,234.690,234.750,8
20260311141400,234.750,234.750,234.750,234.750,4
20260311141500,234.760,234.770,234.760,234.770,6
20260311141600,234.770,234.770,234.620,234.720,68
20260311141700,234.720,234.720,234.580,234.580,29
20260311141800,234.700,234.700,234.380,234.410,23
20260311141900,234.410,234.630,234.410,234.630,29
20260311142000,234.600,234.640,234.600,234.640,8
20260311142100,234.700,235.160,234.700,235.160,33
20260311142200,234.970,235.080,234.720,234.790,45
20260311142300,235.160,235.160,234.800,235.050,15
20260311142400,234.800,234.800,234.800,234.800,6
20260311142500,234.800,235.160,234.800,235.160,11
20260311142600,235.060,235.230,235.060,235.190,62
20260311142700,235.230,235.240,235.230,235.240,29
20260311142800,235.430,235.430,235.410,235.420,26
20260311142900,235.420,235.420,235.140,235.400,17
20260311143000,235.210,235.400,235.210,235.400,23
20260311143100,235.430,235.480,235.370,235.480,32
20260311143200,235.480,235.700,235.380,235.400,20
20260311143300,235.710,235.710,235.570,235.570,72
20260311143400,235.400,235.520,235.310,235.410,60
20260311143500,235.300,235.660,235.300,235.660,31
20260311143600,235.730,235.970,235.730,235.960,27
20260311143700,235.980,235.980,235.680,235.690,26
20260311143800,235.690,235.900,235.660,235.660,53
20260311143900,235.660,235.660,235.140,235.610,35
20260311144000,235.610,235.710,235.500,235.680,36
20260311144100,235.670,235.710,235.610,235.660,39
20260311144200,235.660,235.670,235.510,235.670,12
20260311144300,235.530,235.800,235.530,235.740,44
20260311144400,235.640,235.640,235.440,235.440,69
20260311144500,235.440,235.440,235.270,235.420,21
20260311144600,235.280,235.600,235.280,235.580,38
20260311144700,235.430,235.790,235.430,235.470,30
20260311144800,235.470,235.690,235.430,235.440,40
20260311144900,235.440,235.470,235.100,235.460,53
20260311145000,235.150,235.390,235.140,235.360,10
20260311145100,235.340,235.340,235.000,235.140,47
20260311145200,235.000,235.120,235.000,235.120,31
20260311145300,235.090,235.120,235.090,235.120,16
20260311145400,235.060,235.310,235.060,235.140,71
20260311145500,235.150,235.300,235.140,235.300,37
20260311145600,235.150,235.300,235.130,235.280,61
20260311145700,235.120,235.390,235.120,235.390,34
20260311145800,235.390,235.390,235.390,235.390,0
20260311145900,235.390,235.390,235.390,235.390,0
20260311150000,235.000,235.000,235.000,235.000,121
20260312093000,235.990,235.990,235.990,235.990,11
20260312093100,235.870,235.870,234.300,235.000,108
20260312093200,234.990,236.450,234.990,236.450,98
20260312093300,236.300,236.300,233.860,234.260,172
20260312093400,234.500,235.660,234.200,235.660,47
20260312093500,234.920,235.650,234.920,235.580,48
20260312093600,235.600,235.950,235.050,235.300,204
20260312093700,235.300,235.300,235.050,235.050,7
20260312093800,235.090,235.290,235.000,235.000,67
20260312093900,235.250,236.000,235.230,236.000,57
20260312094000,236.200,236.200,235.650,236.050,40
20260312094100,236.040,237.000,236.030,237.000,69
20260312094200,236.980,237.210,236.570,237.050,119
20260312094300,236.880,236.880,236.390,236.390,34
20260312094400,236.380,236.380,235.950,236.340,32
20260312094500,235.890,235.900,235.310,235.310,56
20260312094600,235.010,235.310,235.000,235.310,100
20260312094700,235.310,235.310,235.120,235.120,14
20260312094800,235.000,235.140,235.000,235.000,38
20260312094900,234.970,234.970,234.700,234.850,74
20260312095000,234.650,235.060,234.650,235.060,23
20260312095100,234.700,234.810,234.700,234.810,6
20260312095200,234.770,234.770,234.560,234.660,27
20260312095300,234.510,234.650,234.320,234.330,20
20260312095400,234.340,234.340,234.000,234.000,57
20260312095500,234.200,234.440,234.060,234.060,32
20260312095600,234.200,234.210,234.050,234.050,25
20260312095700,234.100,234.490,234.100,234.490,22
20260312095800,234.070,234.420,234.050,234.050,26
20260312095900,234.420,234.420,234.050,234.070,25
20260312100000,234.080,234.330,234.080,234.320,11
20260312100100,234.400,234.600,234.400,234.600,23
20260312100200,234.440,234.620,234.390,234.550,18
20260312100300,234.600,235.000,234.600,234.990,19
20260312100400,234.510,234.960,234.510,234.960,6
20260312100500,234.550,234.550,234.120,234.530,36
20260312100600,234.410,235.140,234.110,235.140,56
20260312100700,235.000,235.100,234.620,235.100,26
20260312100800,234.630,234.740,234.470,234.480,34
20260312100900,234.220,234.690,234.220,234.590,12
20260312101000,234.580,234.610,234.580,234.610,6
20260312101100,234.310,234.420,234.170,234.310,24
20260312101200,234.170,234.390,234.140,234.390,7
20260312101300,234.110,234.120,234.110,234.120,8
20260312101400,234.370,234.500,234.370,234.370,27
20260312101500,234.500,234.500,234.500,234.500,2
20260312101600,234.500,234.500,234.190,234.190,56
20260312101700,234.130,234.500,234.130,234.200,44
20260312101800,234.190,234.190,234.190,234.190,4
20260312101900,234.180,234.470,234.180,234.470,6
20260312102000,234.180,234.180,234.060,234.060,42
20260312102100,234.060,234.060,233.660,233.660,87
20260312102200,233.780,233.780,233.570,233.660,23
20260312102300,233.660,233.660,233.560,233.560,15
20260312102400,233.500,233.540,233.330,233.330,18
20260312102500,233.300,233.540,233.300,233.540,24
20260312102600,233.550,233.600,233.300,233.470,20
20260312102700,233.390,233.390,233.380,233.380,10
20260312102800,233.380,233.390,233.380,233.390,20
20260312102900,233.380,233.390,233.380,233.380,16
20260312103000,233.510,233.540,233.400,233.470,12
20260312103100,233.400,233.470,233.390,233.470,12
20260312103200,233.380,233.470,233.380,233.470,8
20260312103300,233.390,233.840,233.270,233.520,252
20260312103400,233.840,233.840,233.560,233.560,11
20260312103500,233.550,233.550,233.130,233.140,22
20260312103600,233.140,233.480,233.140,233.190,21
20260312103700,233.190,233.470,233.170,233.170,36
20260312103800,233.640,233.870,233.640,233.870,38
20260312103900,234.040,234.040,233.780,233.960,16
20260312104000,233.780,233.960,233.780,233.960,8
20260312104100,233.960,233.960,233.520,233.530,31
20260312104200,233.560,233.860,233.560,233.560,17
20260312104300,233.580,233.850,233.470,233.600,28
20260312104400,233.570,233.850,233.570,233.570,18
20260312104500,233.560,233.560,233.560,233.560,10
20260312104600,233.680,233.680,233.430,233.430,12
20260312104700,233.300,233.300,233.200,233.200,10
20260312104800,233.180,233.210,233.180,233.190,21
20260312104900,233.190,233.400,233.150,233.400,23
20260312105000,233.410,233.410,233.190,233.190,15
20260312105100,233.200,233.400,233.190,233.400,8
20260312105200,233.400,233.400,233.190,233.190,8
20260312105300,233.190,233.390,233.100,233.390,8
20260312105400,233.100,233.100,233.010,233.010,45
20260312105500,233.310,233.320,233.020,233.020,7
20260312105600,232.850,232.850,232.510,232.530,60
20260312105700,232.530,232.920,232.450,232.900,21
20260312105800,232.890,232.890,232.660,232.660,9
20260312105900,232.660,232.900,232.660,232.690,20
20260312110000,232.960,232.960,232.690,232.690,4
20260312110100,232.950,232.950,232.690,232.690,4
20260312110200,232.950,232.950,232.730,232.740,6
20260312110300,232.960,233.410,232.960,233.000,20
20260312110400,233.010,233.390,233.000,233.360,15
20260312110500,233.020,233.370,233.020,233.330,44
20260312110600,233.030,233.030,233.030,233.030,2
20260312110700,233.020,233.330,233.020,233.330,11
20260312110800,233.550,234.300,233.550,233.930,43
20260312110900,233.900,234.250,233.830,233.830,10
20260312111000,234.000,234.000,233.590,233.590,6
20260312111100,233.680,234.040,233.680,234.040,10
20260312111200,233.690,234.140,233.690,234.140,7
20260312111300,233.700,234.190,233.700,234.160,8
20260312111400,234.210,234.210,233.750,234.180,9
20260312111500,233.720,234.380,233.710,234.070,47
20260312111600,234.380,234.380,233.980,234.320,49
20260312111700,234.380,234.380,233.590,233.590,30
20260312111800,233.620,233.620,233.620,233.620,4
20260312111900,234.130,234.130,233.630,233.630,6
20260312112000,233.630,233.630,233.140,233.140,16
20260312112100,233.380,233.380,233.030,233.380,9
20260312112200,233.370,233.370,232.690,232.690,8
20260312112300,233.160,233.160,232.640,232.650,17
20260312112400,233.040,233.040,232.660,232.660,9
20260312112500,232.660,232.680,232.660,232.680,23
20260312112600,232.680,232.680,232.500,232.500,55
20260312112700,232.870,232.930,232.640,232.900,56
20260312112800,232.630,232.690,232.630,232.640,10
20260312112900,232.640,232.950,232.640,232.650,9
20260312113000,232.660,232.660,232.630,232.650,5
20260312130100,232.960,233.170,232.150,232.470,180
20260312130200,232.150,232.510,232.150,232.200,8
20260312130300,232.500,232.740,232.500,232.740,32
20260312130400,232.730,232.730,232.730,232.730,2
20260312130500,232.780,233.030,232.600,232.600,79
20260312130600,232.580,232.910,232.580,232.910,4
20260312130700,232.890,232.890,232.790,232.790,9
20260312130800,232.890,233.310,232.500,233.310,34
20260312130900,233.230,233.380,233.220,233.380,8
20260312131000,233.370,233.380,232.670,233.340,13
20260312131100,232.780,233.280,232.780,233.280,5
20260312131200,232.800,233.280,232.800,233.240,10
20260312131300,232.780,233.190,232.600,232.600,32
20260312131400,232.600,233.080,232.510,233.010,31
20260312131500,233.000,233.000,232.520,232.940,6
20260312131600,232.510,232.820,232.510,232.780,17
20260312131700,232.780,232.780,232.520,232.520,12
20260312131800,232.760,233.000,232.510,233.000,165
20260312131900,233.380,233.990,233.220,233.990,56
20260312132000,233.750,233.750,233.050,233.050,62
20260312132100,233.610,233.630,233.600,233.600,12
20260312132200,233.250,233.250,233.250,233.250,2
20260312132300,233.590,233.600,233.260,233.260,8
20260312132400,233.590,233.590,233.240,233.240,8
20260312132500,233.230,233.230,233.070,233.070,6
20260312132600,233.070,233.070,233.070,233.070,0
20260312132700,233.350,233.350,233.030,233.030,20
20260312132800,232.980,233.290,232.930,233.280,10
20260312132900,232.830,232.870,232.830,232.870,4
20260312133000,232.870,232.870,232.590,232.780,14
20260312133100,232.810,232.880,232.780,232.780,40
20260312133200,232.860,232.960,232.780,232.780,26
20260312133300,232.960,233.030,232.660,232.660,34
20260312133400,232.690,232.790,232.690,232.790,9
20260312133500,232.730,232.800,232.500,232.500,32
20260312133600,232.780,232.780,232.780,232.780,37
20260312133700,232.770,232.780,232.530,232.540,8
20260312133800,232.760,233.680,232.740,233.560,264
20260312133900,233.550,233.630,233.300,233.300,12
20260312134000,233.290,233.630,233.270,233.630,17
20260312134100,233.140,234.080,233.140,234.080,26
20260312134200,234.080,234.270,233.860,234.270,19
20260312134300,234.270,234.410,233.680,234.180,26
20260312134400,234.180,234.300,233.820,234.280,37
20260312134500,234.000,234.010,233.760,233.760,8
20260312134600,234.180,234.180,233.910,233.910,12
20260312134700,233.860,233.860,233.860,233.860,4
20260312134800,233.830,233.830,233.830,233.830,14
20260312134900,233.970,233.970,233.810,233.810,10
20260312135000,233.800,233.820,233.670,233.670,19
20260312135100,233.800,233.800,233.770,233.770,7
20260312135200,233.660,233.660,233.480,233.480,9
20260312135300,233.500,233.700,233.470,233.470,20
20260312135400,233.570,234.060,233.190,234.060,69
20260312135500,234.000,234.210,233.830,234.210,35
20260312135600,234.310,234.350,233.910,233.930,22
20260312135700,234.360,234.480,233.930,233.930,25
20260312135800,233.940,234.620,233.940,234.150,30
20260312135900,234.590,234.590,234.130,234.130,6
20260312140000,234.130,234.130,234.100,234.130,12
20260312140100,234.530,234.530,234.110,234.530,17
20260312140200,234.520,234.640,234.170,234.200,25
20260312140300,234.680,234.680,234.250,234.250,6
20260312140400,234.310,235.350,234.310,235.350,91
20260312140500,235.240,235.240,234.990,234.990,13
20260312140600,235.000,235.160,235.000,235.150,21
20260312140700,235.000,235.000,235.000,235.000,8
20260312140800,235.110,235.270,235.000,235.270,50
20260312140900,235.190,235.190,234.900,234.900,4
20260312141000,234.890,234.990,234.890,234.980,8
20260312141100,234.970,235.210,234.840,235.190,18
20260312141200,234.840,234.840,234.840,234.840,3
20260312141300,234.840,234.870,234.840,234.870,13
20260312141400,234.870,234.880,234.870,234.880,6
20260312141500,235.030,235.130,235.030,235.130,52
20260312141600,235.250,235.250,234.990,234.990,17
20260312141700,234.990,234.990,234.880,234.880,9
20260312141800,234.880,235.000,234.880,235.000,11
20260312141900,234.880,235.090,234.880,235.080,13
20260312142000,235.090,235.220,235.090,235.220,51
20260312142100,235.200,235.210,235.200,235.200,6
20260312142200,235.190,235.190,235.000,235.000,5
20260312142300,235.000,235.070,235.000,235.070,6
20260312142400,235.060,235.200,235.060,235.200,41
20260312142500,235.240,235.240,235.190,235.190,28
20260312142600,235.190,235.190,235.190,235.190,1
20260312142700,235.130,235.130,235.090,235.090,6
20260312142800,235.060,235.090,235.060,235.080,12
20260312142900,235.100,235.100,235.000,235.000,10
20260312143000,235.100,235.100,235.000,235.010,20
20260312143100,235.010,235.010,234.980,234.980,26
20260312143200,234.970,235.020,234.970,235.000,13
20260312143300,235.000,235.010,234.980,235.000,15
20260312143400,235.010,235.010,235.000,235.000,15
20260312143500,234.880,235.000,234.880,234.990,16
20260312143600,235.030,235.180,235.030,235.180,44
20260312143700,235.180,235.180,235.140,235.140,4
20260312143800,235.100,235.100,234.990,235.000,26
20260312143900,234.990,234.990,234.900,234.950,12
20260312144000,234.950,235.150,234.950,235.150,46
20260312144100,235.350,235.440,235.000,235.250,92
20260312144200,235.250,235.250,235.010,235.250,11
20260312144300,235.220,235.250,235.010,235.010,44
20260312144400,235.020,235.200,235.010,235.200,41
20260312144500,235.200,235.320,235.200,235.300,28
20260312144600,235.260,235.260,235.140,235.200,38
20260312144700,235.220,235.220,235.110,235.180,61
20260312144800,235.150,235.240,235.110,235.240,67
20260312144900,235.390,235.400,235.300,235.300,50
20260312145000,235.300,235.390,235.300,235.390,23
20260312145100,235.450,235.520,235.450,235.520,91
20260312145200,235.500,235.510,235.500,235.510,16
20260312145300,235.480,235.520,235.450,235.510,56
20260312145400,235.510,235.530,235.510,235.520,52
20260312145500,235.530,235.750,235.530,235.740,38
20260312145600,235.560,235.730,235.550,235.620,56
20260312145700,235.600,235.680,235.600,235.610,61
20260312145800,235.610,235.610,235.610,235.610,0
20260312145900,235.610,235.610,235.610,235.610,0
20260312150000,235.580,235.580,235.580,235.580,119
20260313093000,236.660,236.660,236.660,236.660,7
20260313093100,235.000,236.440,233.310,234.950,41
20260313093200,233.620,234.860,233.620,234.000,118
20260313093300,234.000,234.020,233.350,233.350,188
20260313093400,233.490,233.640,233.020,233.410,90
20260313093500,233.020,234.210,233.020,234.210,81
20260313093600,234.200,234.200,233.680,234.030,42
20260313093700,234.010,235.340,233.800,234.840,297
20260313093800,235.200,235.200,233.900,233.960,42
20260313093900,233.980,234.330,233.960,234.010,20
20260313094000,233.960,234.000,233.330,233.500,82
20260313094100,233.490,235.420,233.400,235.420,142
20260313094200,235.170,236.300,235.060,235.210,333
20260313094300,234.880,234.880,234.590,234.590,32
20260313094400,234.130,234.130,234.120,234.120,8
20260313094500,234.030,234.030,233.650,233.750,38
20260313094600,233.500,233.500,233.140,233.500,29
20260313094700,233.310,233.880,233.310,233.870,10
20260313094800,233.580,233.860,233.580,233.700,22
20260313094900,233.560,233.560,233.460,233.560,27
20260313095000,233.330,233.560,233.330,233.340,36
20260313095100,233.340,233.570,233.030,233.570,36
20260313095200,233.280,233.280,233.280,233.280,4
20260313095300,233.570,233.570,232.680,232.680,84
20260313095400,232.590,233.270,232.590,233.270,20
20260313095500,233.050,233.360,233.050,233.340,18
20260313095600,233.200,233.850,233.030,233.630,83
20260313095700,233.610,233.660,233.610,233.660,16
20260313095800,233.660,234.000,233.660,234.000,5
20260313095900,233.660,234.250,233.660,233.880,7
20260313100000,234.440,234.880,234.140,234.880,29
20260313100100,234.900,234.900,234.610,234.630,17
20260313100200,234.630,234.960,234.630,234.960,17
20260313100300,234.610,234.930,234.560,234.930,8
20260313100400,234.870,234.870,234.870,234.870,12
20260313100500,234.980,234.980,234.980,234.980,4
20260313100600,234.670,234.990,234.380,234.580,110
20260313100700,234.630,235.080,234.630,235.080,21
20260313100800,235.080,235.350,234.980,235.350,31
20260313100900,235.500,235.850,235.500,235.850,11
20260313101000,235.890,235.890,235.580,235.580,20
20260313101100,235.560,235.790,235.560,235.790,21
20260313101200,235.800,235.800,235.800,235.800,2
20260313101300,235.610,235.790,235.420,235.420,60
20260313101400,235.610,235.610,235.610,235.610,4
20260313101500,235.420,235.420,235.390,235.400,14
20260313101600,235.420,235.420,235.420,235.420,5
20260313101700,235.770,235.770,235.420,235.420,58
20260313101800,235.420,235.420,235.420,235.420,0
20260313101900,235.420,235.420,235.420,235.420,0
20260313102000,235.420,235.780,235.420,235.780,4
20260313102100,235.500,235.780,235.500,235.520,40
20260313102200,235.530,235.800,235.530,235.550,29
20260313102300,235.590,235.830,235.590,235.830,34
20260313102400,235.600,235.830,235.600,235.830,38
20260313102500,235.830,235.830,235.810,235.810,10
20260313102600,235.830,236.400,235.830,236.150,206
20260313102700,235.810,235.810,235.810,235.810,2
20260313102800,235.810,236.000,235.790,235.790,18
20260313102900,235.790,235.790,235.770,235.770,6
20260313103000,235.740,236.000,235.730,235.840,23
20260313103100,235.620,236.000,235.620,236.000,46
20260313103200,236.170,236.180,236.000,236.000,6
20260313103300,236.190,236.350,236.190,236.350,26
20260313103400,236.380,236.500,236.230,236.500,44
20260313103500,236.500,237.770,236.490,237.530,254
20260313103600,236.670,236.810,236.270,236.270,82
20260313103700,236.300,236.660,236.300,236.660,7
20260313103800,236.300,236.660,236.300,236.300,26
20260313103900,236.280,236.290,236.000,236.000,34
20260313104000,236.000,236.620,236.000,236.620,27
20260313104100,236.500,236.500,236.500,236.500,5
20260313104200,236.500,236.500,236.500,236.500,0
20260313104300,236.460,236.470,236.460,236.470,4
20260313104400,236.450,236.450,236.430,236.430,14
20260313104500,236.450,237.000,236.450,236.610,40
20260313104600,237.000,237.360,236.920,237.360,105
20260313104700,237.360,237.360,237.360,237.360,0
20260313104800,237.140,237.140,236.800,236.800,10
20260313104900,236.800,236.800,236.800,236.800,4
20260313105000,236.800,236.800,236.800,236.800,4
20260313105100,236.800,236.800,236.800,236.800,4
20260313105200,236.790,236.790,236.790,236.790,2
20260313105300,237.070,237.160,237.030,237.160,39
20260313105400,237.190,237.240,237.030,237.030,26
20260313105500,237.250,237.250,237.250,237.250,3
20260313105600,237.230,237.230,237.010,237.010,6
20260313105700,237.200,237.490,237.010,237.490,104
20260313105800,237.500,237.500,237.330,237.330,17
20260313105900,237.330,237.330,237.270,237.270,12
20260313110000,237.270,237.390,237.270,237.390,15
20260313110100,237.270,237.270,237.250,237.250,4
20260313110200,237.160,237.190,236.740,236.740,37
20260313110300,237.000,237.000,237.000,237.000,6
20260313110400,236.710,236.990,236.710,236.990,12
20260313110500,236.990,236.990,236.990,236.990,0
20260313110600,236.610,236.610,236.090,236.120,24
20260313110700,236.120,236.120,236.100,236.100,8
20260313110800,236.080,236.080,236.070,236.070,6
20260313110900,236.560,236.560,236.560,236.560,2
20260313111000,236.250,236.250,236.250,236.250,2
20260313111100,236.070,236.570,236.070,236.230,57
20260313111200,236.230,236.230,235.600,235.610,37
20260313111300,235.600,235.600,235.590,235.590,10
20260313111400,235.590,235.590,235.590,235.590,0
20260313111500,235.430,235.450,235.430,235.450,8
20260313111600,235.700,235.700,235.700,235.700,2
20260313111700,235.690,235.690,235.450,235.450,6
20260313111800,235.460,235.690,235.460,235.690,4
20260313111900,235.700,235.900,235.700,235.740,21
20260313112000,235.740,236.490,235.740,235.870,32
20260313112100,235.870,235.870,235.830,235.830,10
20260313112200,235.830,235.830,235.830,235.830,4
20260313112300,235.810,235.810,235.810,235.810,6
20260313112400,235.810,235.820,235.810,235.820,6
20260313112500,235.800,236.170,235.780,235.780,16
20260313112600,235.780,235.780,235.780,235.780,2
20260313112700,235.770,235.770,235.770,235.770,8
20260313112800,235.770,235.770,235.770,235.770,4
20260313112900,235.770,236.240,235.740,236.240,11
20260313113000,236.230,236.230,236.230,236.230,2
20260313130100,235.770,235.780,235.000,235.000,110
20260313130200,235.000,235.190,235.000,235.110,35
20260313130300,235.110,235.290,235.110,235.110,25
20260313130400,235.010,235.010,234.580,234.700,16
20260313130500,234.710,234.710,234.480,234.480,30
20260313130600,234.070,234.180,234.010,234.010,17
20260313130700,234.150,234.150,234.010,234.030,12
20260313130800,234.010,234.240,234.010,234.240,51
20260313130900,234.250,234.290,234.250,234.290,7
20260313131000,234.250,234.250,233.660,233.660,61
20260313131100,233.640,233.700,233.500,233.500,12
20260313131200,233.490,233.500,233.310,233.310,6
20260313131300,233.590,233.590,233.350,233.360,18
20260313131400,233.340,234.160,233.340,234.160,106
20260313131500,234.300,234.320,234.180,234.190,27
20260313131600,234.330,234.330,234.330,234.330,28
20260313131700,234.010,234.330,234.000,234.000,10
20260313131800,234.000,234.000,234.000,234.000,0
20260313131900,234.000,234.000,233.960,233.960,14
20260313132000,233.960,233.970,233.930,233.970,11
20260313132100,233.970,233.970,233.930,233.930,14
20260313132200,233.970,233.970,233.930,233.930,21
20260313132300,233.930,233.930,233.910,233.910,8
20260313132400,233.910,233.910,233.840,233.840,12
20260313132500,233.970,233.970,233.960,233.960,4
20260313132600,233.810,233.860,233.800,233.800,16
20260313132700,233.800,233.800,233.710,233.710,37
20260313132800,233.710,233.770,233.700,233.770,39
20260313132900,233.770,233.770,233.740,233.740,6
20260313133000,233.760,233.820,233.650,233.650,16
20260313133100,233.650,233.650,233.650,233.650,10
20260313133200,233.650,233.650,233.560,233.620,23
20260313133300,233.620,233.620,233.620,233.620,4
20260313133400,233.500,233.500,233.350,233.350,68
20260313133500,233.400,233.490,233.400,233.470,45
20260313133600,233.440,233.620,233.440,233.590,47
20260313133700,233.620,233.640,233.540,233.540,13
20260313133800,233.540,233.540,233.540,233.540,2
20260313133900,233.640,233.650,233.400,233.400,115
20260313134000,233.400,233.600,233.400,233.600,32
20260313134100,233.540,233.540,233.540,233.540,8
20260313134200,233.540,233.540,233.400,233.510,35
20260313134300,233.490,233.550,233.490,233.500,22
20260313134400,233.500,233.560,233.500,233.560,22
20260313134500,233.560,233.610,233.560,233.610,29
20260313134600,233.660,233.660,233.620,233.620,34
20260313134700,233.620,233.680,233.600,233.600,9
20260313134800,233.680,233.680,233.680,233.680,2
20260313134900,233.660,233.660,233.600,233.630,15
20260313135000,233.600,233.650,233.570,233.650,44
20260313135100,233.580,233.620,233.580,233.580,7
20260313135200,233.610,233.610,233.530,233.530,17
20260313135300,233.530,233.530,233.520,233.520,7
20260313135400,233.520,233.520,233.510,233.520,19
20260313135500,233.500,233.500,233.490,233.490,28
20260313135600,233.490,233.490,233.490,233.490,5
20260313135700,233.560,233.560,233.490,233.490,16
20260313135800,233.500,233.590,233.500,233.570,36
20260313135900,233.570,233.580,233.570,233.580,12
20260313140000,233.580,233.580,233.490,233.500,16
20260313140100,233.570,233.570,233.020,233.020,168
20260313140200,233.210,233.210,232.600,232.600,71
20260313140300,232.580,233.510,232.550,233.470,73
20260313140400,233.470,233.470,233.460,233.460,14
20260313140500,233.220,233.220,233.220,233.220,6
20260313140600,233.560,233.890,233.560,233.890,54
20260313140700,233.930,234.030,233.640,234.030,12
20260313140800,234.000,234.100,234.000,234.100,6
20260313140900,234.100,234.100,233.040,233.630,98
20260313141000,233.340,233.600,233.340,233.600,8
20260313141100,233.600,233.630,233.370,233.430,20
20260313141200,233.470,233.800,233.360,233.450,24
20260313141300,233.700,233.710,233.700,233.710,4
20260313141400,233.480,234.080,233.480,234.080,63
20260313141500,233.920,234.400,233.920,234.400,32
20260313141600,234.810,234.810,234.660,234.660,14
20260313141700,234.120,234.580,234.120,234.130,10
20260313141800,234.540,234.540,233.620,233.640,58
20260313141900,233.640,233.640,233.240,233.270,56
20260313142000,233.280,233.600,233.270,233.430,26
20260313142100,233.270,233.650,233.270,233.630,34
20260313142200,233.640,233.640,233.270,233.280,43
20260313142300,233.270,233.550,233.270,233.530,22
20260313142400,233.530,233.630,233.450,233.450,17
20260313142500,233.450,233.610,233.430,233.430,14
20260313142600,233.410,233.590,233.410,233.580,13
20260313142700,233.580,233.580,233.280,233.310,24
20260313142800,233.320,233.330,233.310,233.320,29
20260313142900,233.300,233.300,232.630,232.660,206
20260313143000,232.610,233.020,232.610,233.020,33
20260313143100,232.970,232.970,232.800,232.800,28
20260313143200,232.770,233.120,232.760,233.110,92
20260313143300,233.100,233.160,233.060,233.160,15
20260313143400,233.260,233.260,233.000,233.000,18
20260313143500,233.100,233.240,233.040,233.040,20
20260313143600,233.010,233.040,232.800,232.910,59
20260313143700,232.920,233.210,232.760,232.760,27
20260313143800,232.760,233.110,232.760,232.820,24
20260313143900,232.940,232.970,232.810,232.810,46
20260313144000,232.820,232.880,232.810,232.870,38
20260313144100,232.900,233.010,232.900,232.940,29
20260313144200,232.930,232.960,232.810,232.820,45
20260313144300,232.820,232.950,232.810,232.950,38
20260313144400,232.850,232.950,232.830,232.930,31
20260313144500,232.920,232.930,232.650,232.780,151
20260313144600,232.920,233.420,232.850,232.850,68
20260313144700,232.800,232.800,232.800,232.800,35
20260313144800,232.800,232.820,232.800,232.810,54
20260313144900,232.810,232.870,232.800,232.870,47
20260313145000,232.870,232.980,232.820,232.870,39
20260313145100,232.870,233.090,232.820,232.990,47
20260313145200,233.110,233.250,232.860,233.200,49
20260313145300,233.200,233.200,232.900,233.190,13
20260313145400,233.000,233.200,233.000,233.200,51
20260313145500,233.270,233.300,232.930,232.930,56
20260313145600,233.130,233.470,232.940,233.070,58
20260313145700,233.030,233.810,233.030,233.060,94
20260313145800,233.060,233.060,233.060,233.060,0
20260313145900,233.060,233.060,233.060,233.060,0
20260313150000,234.950,234.950,234.950,234.950,453
20260316093000,232.890,232.890,232.890,232.890,13
20260316093100,232.890,233.810,232.010,232.580,158
20260316093200,232.010,232.110,230.390,231.320,103
20260316093300,231.080,232.000,230.600,232.000,120
20260316093400,232.000,232.780,231.490,232.780,77
20260316093500,233.500,234.000,232.680,233.670,97
20260316093600,233.530,233.530,232.500,232.540,135
20260316093700,232.910,233.890,232.910,233.890,83
20260316093800,233.560,233.810,233.010,233.210,132
20260316093900,233.780,233.880,232.840,233.500,130
20260316094000,233.500,234.460,233.400,234.380,65
20260316094100,234.060,234.920,233.800,234.370,83
20260316094200,234.140,234.360,233.840,234.360,74
20260316094300,233.830,234.220,233.830,234.180,32
20260316094400,234.590,234.750,234.400,234.750,63
20260316094500,234.750,234.750,234.210,234.280,53
20260316094600,234.600,234.910,234.390,234.390,32
20260316094700,234.710,234.790,234.020,234.790,22
20260316094800,234.130,234.130,233.710,233.990,52
20260316094900,233.970,234.690,233.970,234.320,35
20260316095000,234.320,234.700,234.320,234.700,18
20260316095100,234.780,235.340,234.560,234.560,45
20260316095200,235.020,235.020,234.620,234.620,10
20260316095300,234.840,234.840,234.570,234.740,62
20260316095400,234.720,235.500,234.720,235.490,49
20260316095500,235.490,235.800,235.470,235.550,175
20260316095600,235.560,236.720,235.560,236.720,330
20260316095700,236.780,236.930,235.960,236.600,265
20260316095800,236.580,236.790,236.190,236.500,87
20260316095900,236.500,236.670,236.110,236.400,20
20260316100000,236.420,237.790,236.420,237.660,298
20260316100100,237.710,238.200,237.700,238.200,284
20260316100200,238.490,238.980,238.490,238.950,217
20260316100300,238.910,239.650,238.910,239.650,137
20260316100400,239.690,240.490,239.630,240.130,244
20260316100500,239.940,240.380,239.320,240.380,141
20260316100600,240.350,240.490,240.140,240.350,136
20260316100700,240.350,242.590,240.350,242.500,398
20260316100800,242.400,243.250,242.280,242.990,402
20260316100900,242.440,243.200,241.860,241.860,200
20260316101000,242.220,242.220,241.730,242.210,78
20260316101100,242.220,242.220,241.340,241.380,33
20260316101200,241.000,241.170,240.500,240.960,85
20260316101300,240.200,240.200,239.360,239.890,26
20260316101400,239.670,239.820,239.130,239.560,26
20260316101500,239.530,239.720,239.200,239.720,19
20260316101600,239.690,239.700,239.330,239.530,24
20260316101700,239.510,239.510,239.120,239.120,16
20260316101800,239.210,239.370,239.210,239.370,5
20260316101900,239.310,239.480,239.000,239.310,64
20260316102000,239.310,239.500,238.880,239.260,44
20260316102100,239.500,239.540,239.190,239.200,27
20260316102200,239.190,239.290,238.860,238.860,48
20260316102300,238.970,239.210,238.870,239.200,32
20260316102400,239.190,239.190,238.500,238.790,51
20260316102500,238.240,238.650,238.190,238.220,47
20260316102600,238.580,238.650,238.520,238.650,59
20260316102700,238.520,238.810,238.520,238.810,17
20260316102800,238.680,238.680,238.660,238.660,10
20260316102900,238.520,239.180,238.520,239.180,56
20260316103000,239.160,239.800,239.070,239.760,34
20260316103100,239.360,239.380,238.770,238.770,23
20260316103200,239.120,239.120,238.610,238.620,14
20260316103300,238.620,238.910,238.620,238.910,16
20260316103400,238.910,238.910,238.310,238.310,32
20260316103500,238.200,238.670,238.200,238.450,15
20260316103600,238.450,238.850,238.450,238.770,20
20260316103700,238.770,238.770,238.210,238.760,13
20260316103800,238.890,238.890,238.890,238.890,2
20260316103900,239.180,239.210,238.520,238.520,26
20260316104000,238.660,238.660,237.670,238.470,101
20260316104100,237.930,238.220,237.930,237.950,10
20260316104200,237.940,238.380,237.940,238.380,9
20260316104300,238.470,238.470,237.950,238.240,9
20260316104400,238.430,238.430,238.170,238.170,11
20260316104500,238.430,238.490,238.170,238.490,14
20260316104600,238.490,238.490,238.180,238.490,9
20260316104700,238.490,238.490,238.490,238.490,2
20260316104800,238.490,239.380,238.490,239.030,48
20260316104900,238.820,239.650,238.820,239.620,26
20260316105000,239.170,239.170,239.060,239.060,15
20260316105100,238.950,239.320,238.950,239.320,35
20260316105200,238.760,239.260,238.680,239.180,23
20260316105300,239.000,239.000,239.000,239.000,2
20260316105400,239.000,239.000,238.920,238.920,6
20260316105500,238.700,239.210,238.700,239.210,17
20260316105600,239.360,239.700,239.360,239.680,14
20260316105700,239.580,239.580,239.580,239.580,7
20260316105800,239.700,239.750,239.700,239.750,25
20260316105900,239.380,239.380,239.360,239.360,22
20260316110000,239.360,239.360,238.900,238.900,6
20260316110100,239.300,239.300,239.120,239.120,4
20260316110200,239.280,239.290,239.170,239.290,6
20260316110300,239.050,239.230,239.020,239.020,15
20260316110400,238.850,239.210,238.840,239.210,15
20260316110500,239.200,239.200,239.200,239.200,2
20260316110600,238.910,239.200,238.910,239.000,19
20260316110700,239.270,239.270,239.260,239.270,6
20260316110800,239.270,239.270,239.270,239.270,2
20260316110900,239.270,239.270,239.270,239.270,0
20260316111000,239.260,239.260,238.950,238.950,8
20260316111100,239.110,239.110,239.020,239.020,4
20260316111200,239.110,239.220,238.910,238.910,8
20260316111300,239.310,239.700,239.310,239.700,45
20260316111400,239.690,239.700,239.370,239.370,13
20260316111500,239.250,239.520,239.250,239.520,6
20260316111600,239.520,239.520,239.520,239.520,0
20260316111700,239.520,239.520,239.260,239.260,10
20260316111800,239.320,239.320,239.310,239.310,8
20260316111900,239.310,239.660,239.310,239.660,24
20260316112000,239.660,239.660,239.660,239.660,0
20260316112100,239.360,239.360,239.360,239.360,2
20260316112200,239.170,239.460,239.170,239.460,4
20260316112300,239.420,239.430,239.310,239.310,8
20260316112400,239.200,239.200,239.200,239.200,15
20260316112500,239.580,239.580,239.580,239.580,4
20260316112600,239.200,239.700,239.200,239.610,52
20260316112700,239.750,240.300,239.750,240.250,139
20260316112800,240.240,240.240,239.880,240.140,15
20260316112900,239.730,240.240,239.730,240.240,53
20260316113000,240.500,240.980,240.500,240.890,24
20260316130100,240.470,242.210,240.470,241.750,250
20260316130200,242.180,242.180,241.740,241.740,24
20260316130300,241.740,242.120,241.710,241.710,24
20260316130400,241.980,241.990,241.230,241.230,34
20260316130500,241.650,241.960,241.650,241.960,31
20260316130600,241.970,242.000,241.660,241.780,29
20260316130700,241.700,242.150,241.700,241.890,58
20260316130800,241.900,241.900,241.890,241.900,6
20260316130900,241.870,241.870,241.550,241.570,19
20260316131000,241.330,241.330,241.030,241.310,9
20260316131100,241.080,241.360,241.000,241.000,24
20260316131200,241.000,241.010,240.790,241.010,38
20260316131300,241.010,241.200,241.000,241.110,12
20260316131400,241.110,241.110,240.740,241.080,55
20260316131500,240.790,241.120,240.780,240.800,52
20260316131600,240.780,240.780,240.480,240.480,43
20260316131700,240.710,240.710,240.710,240.710,49
20260316131800,241.070,241.070,240.710,241.060,6
20260316131900,240.730,240.730,240.700,240.710,21
20260316132000,240.720,241.010,240.720,241.010,14
20260316132100,241.000,241.000,240.470,240.470,9
20260316132200,240.630,240.730,240.630,240.630,7
20260316132300,240.540,240.980,240.420,240.980,29
20260316132400,240.940,240.940,240.030,240.410,30
20260316132500,240.720,240.730,240.720,240.730,4
20260316132600,240.730,240.730,240.430,240.430,9
20260316132700,240.420,240.700,240.410,240.410,88
20260316132800,240.310,240.390,240.310,240.390,33
20260316132900,240.060,240.650,240.060,240.650,6
20260316133000,240.130,240.580,240.130,240.260,12
20260316133100,240.300,240.300,240.300,240.300,4
20260316133200,240.640,240.640,240.640,240.640,2
20260316133300,240.300,240.300,240.300,240.300,4
20260316133400,240.230,240.410,240.090,240.090,42
20260316133500,240.170,240.170,240.090,240.170,9
20260316133600,239.840,240.450,239.840,240.450,14
20260316133700,240.180,240.450,240.120,240.120,8
20260316133800,240.000,240.000,240.000,240.000,4
20260316133900,239.820,239.820,239.630,239.790,20
20260316134000,239.270,239.280,239.270,239.280,16
20260316134100,239.280,239.280,239.280,239.280,0
20260316134200,239.380,239.380,239.180,239.190,10
20260316134300,239.110,239.110,238.510,238.550,39
20260316134400,238.600,238.800,238.590,238.800,44
20260316134500,239.100,239.110,239.100,239.110,10
20260316134600,239.110,239.110,239.110,239.110,2
20260316134700,239.080,239.080,238.800,238.800,8
20260316134800,238.800,238.800,238.770,238.770,8
20260316134900,239.050,239.070,239.050,239.070,6
20260316135000,239.410,239.410,239.350,239.350,6
20260316135100,239.350,239.350,239.350,239.350,0
20260316135200,238.840,238.840,238.840,238.840,2
20260316135300,239.290,239.290,239.250,239.250,4
20260316135400,239.200,239.200,239.200,239.200,2
20260316135500,239.200,239.200,239.030,239.030,4
20260316135600,239.090,239.090,239.090,239.090,2
20260316135700,239.180,239.410,239.180,239.380,20
20260316135800,239.470,239.790,239.470,239.790,14
20260316135900,239.790,239.790,239.790,239.790,0
20260316140000,239.710,239.710,239.710,239.710,2
20260316140100,239.690,241.120,239.690,240.880,177
20260316140200,240.770,240.770,240.500,240.700,43
20260316140300,240.600,240.600,240.600,240.600,4
20260316140400,240.210,240.210,240.210,240.210,5
20260316140500,240.590,240.590,240.150,240.150,19
20260316140600,240.150,240.150,240.150,240.150,0
20260316140700,240.150,240.150,240.150,240.150,0
20260316140800,240.480,240.480,240.480,240.480,2
20260316140900,240.480,240.480,240.480,240.480,0
20260316141000,240.470,240.470,240.470,240.470,17
20260316141100,240.470,240.470,240.440,240.440,6
20260316141200,240.440,240.440,240.220,240.440,6
20260316141300,240.440,240.440,240.440,240.440,8
20260316141400,240.440,240.440,239.920,239.920,63
20260316141500,239.920,239.920,239.920,239.920,0
20260316141600,239.970,239.970,239.970,239.970,4
20260316141700,239.970,239.970,239.970,239.970,5
20260316141800,240.220,240.280,239.930,240.010,14
20260316141900,239.880,239.880,239.880,239.880,2
20260316142000,240.270,240.290,239.900,240.290,57
20260316142100,240.270,240.270,240.270,240.270,2
20260316142200,240.270,240.270,240.000,240.270,8
20260316142300,240.000,240.000,239.940,239.940,25
20260316142400,239.720,240.210,239.720,240.210,4
20260316142500,240.250,240.250,239.820,239.820,6
20260316142600,239.950,239.950,239.820,239.820,4
20260316142700,239.800,240.000,239.800,240.000,7
20260316142800,240.000,240.000,240.000,240.000,2
20260316142900,239.740,239.990,239.620,239.620,27
20260316143000,239.500,239.500,239.110,239.110,25
20260316143100,239.110,239.110,238.310,238.310,172
20260316143200,238.090,238.440,238.090,238.160,77
20260316143300,238.170,238.550,238.090,238.310,53
20260316143400,238.490,238.490,238.400,238.480,25
20260316143500,238.290,238.520,238.190,238.190,43
20260316143600,238.210,238.450,238.190,238.190,35
20260316143700,238.180,238.180,238.010,238.160,38
20260316143800,238.010,238.170,238.000,238.000,43
20260316143900,237.980,238.250,237.920,237.920,69
20260316144000,237.850,238.340,237.850,238.340,58
20260316144100,237.850,238.090,237.600,237.600,64
20260316144200,237.850,238.340,237.610,238.220,50
20260316144300,238.250,238.250,238.250,238.250,2
20260316144400,238.000,238.520,238.000,238.520,19
20260316144500,238.640,238.700,238.640,238.700,18
20260316144600,238.700,238.710,238.490,238.710,14
20260316144700,238.710,238.810,238.710,238.810,55
20260316144800,238.930,238.930,238.930,238.930,3
20260316144900,238.770,238.770,238.430,238.430,34
20260316145000,238.420,238.900,238.420,238.880,48
20260316145100,238.930,238.930,238.300,238.500,29
20260316145200,238.120,238.120,238.120,238.120,3
20260316145300,238.600,238.750,238.600,238.750,18
20260316145400,238.330,238.680,238.290,238.680,51
20260316145500,238.300,238.650,238.180,238.180,62
20260316145600,238.530,238.530,238.200,238.490,12
20260316145700,238.220,238.460,238.050,238.450,42
20260316145800,238.450,238.450,238.450,238.450,0
20260316145900,238.450,238.450,238.450,238.450,0
20260316150000,238.430,238.430,238.430,238.430,65
20260317093000,240.710,240.710,240.710,240.710,31
20260317093100,238.430,240.530,237.030,238.940,100
20260317093200,239.730,241.930,239.730,241.030,103
20260317093300,241.760,241.810,239.740,240.710,155
20260317093400,240.710,241.290,238.950,238.960,70
20260317093500,239.040,239.040,238.050,238.380,84
20260317093600,238.050,238.410,237.560,238.000,45
20260317093700,238.420,238.750,238.390,238.390,16
20260317093800,238.270,238.610,238.270,238.610,21
20260317093900,238.650,238.650,238.180,238.180,54
20260317094000,237.850,238.570,237.850,238.000,84
20260317094100,238.480,238.480,238.480,238.480,10
20260317094200,238.490,238.580,238.370,238.450,27
20260317094300,238.790,238.790,238.790,238.790,8
20260317094400,238.540,238.540,238.400,238.400,17
20260317094500,238.390,238.610,238.140,238.610,31
20260317094600,238.590,238.990,238.590,238.800,37
20260317094700,238.860,239.420,238.850,239.420,33
20260317094800,239.530,239.880,239.530,239.760,19
20260317094900,239.800,239.800,239.270,239.450,31
20260317095000,239.450,239.450,239.120,239.120,6
20260317095100,239.020,239.280,238.610,238.980,14
20260317095200,239.000,239.820,239.000,239.820,64
20260317095300,239.570,239.600,239.330,239.600,8
20260317095400,239.600,239.600,239.600,239.600,0
20260317095500,239.910,240.000,239.910,240.000,6
20260317095600,240.190,240.500,240.190,240.500,8
20260317095700,240.370,240.370,240.200,240.370,12
20260317095800,240.230,240.620,240.230,240.620,308
20260317095900,240.580,240.580,240.240,240.240,7
20260317100000,240.160,240.540,239.700,239.700,35
20260317100100,239.660,239.920,239.660,239.660,20
20260317100200,239.680,239.940,239.680,239.940,14
20260317100300,240.370,240.370,240.360,240.360,10
20260317100400,240.340,240.370,240.050,240.050,36
20260317100500,240.040,240.080,240.040,240.080,5
20260317100600,240.480,240.480,240.480,240.480,6
20260317100700,240.440,240.440,240.040,240.440,11
20260317100800,240.450,240.450,240.450,240.450,2
20260317100900,240.030,240.430,240.020,240.020,9
20260317101000,240.330,240.330,240.330,240.330,56
20260317101100,240.010,240.010,240.010,240.010,4
20260317101200,240.020,240.020,240.010,240.010,7
20260317101300,240.850,241.000,240.850,241.000,130
20260317101400,241.310,241.310,241.000,241.310,17
20260317101500,241.110,241.610,241.110,241.510,31
20260317101600,241.510,241.580,241.410,241.550,14
20260317101700,241.590,241.590,241.380,241.580,27
20260317101800,241.560,241.560,241.280,241.280,19
20260317101900,241.790,241.840,241.370,241.840,44
20260317102000,241.360,241.580,241.270,241.580,52
20260317102100,241.280,241.580,240.780,240.890,27
20260317102200,240.900,241.200,240.900,241.200,17
20260317102300,241.200,241.250,241.200,241.200,22
20260317102400,241.190,241.200,241.180,241.200,36
20260317102500,241.200,241.230,240.980,241.200,68
20260317102600,241.190,241.400,241.100,241.100,12
20260317102700,241.100,241.350,241.100,241.350,10
20260317102800,241.000,242.110,241.000,242.110,404
20260317102900,242.100,242.440,241.690,242.440,60
20260317103000,242.470,242.880,242.150,242.860,271
20260317103100,242.850,242.970,242.590,242.590,65
20260317103200,242.610,242.610,242.200,242.200,28
20260317103300,242.600,242.610,242.120,242.120,41
20260317103400,242.120,242.370,241.850,242.370,32
20260317103500,242.510,242.510,241.810,241.810,30
20260317103600,242.110,242.980,241.820,242.800,118
20260317103700,242.330,242.780,242.280,242.780,31
20260317103800,242.390,242.800,242.170,242.500,38
20260317103900,242.500,242.700,242.350,242.350,8
20260317104000,242.340,242.760,242.340,242.760,61
20260317104100,242.760,242.810,242.410,242.430,48
20260317104200,242.330,242.430,242.120,242.130,28
20260317104300,242.120,242.800,242.120,242.340,127
20260317104400,242.740,243.390,242.400,242.940,295
20260317104500,243.360,243.400,242.930,243.400,80
20260317104600,243.400,243.790,243.060,243.130,134
20260317104700,243.750,243.760,243.150,243.200,21
20260317104800,243.290,243.290,242.990,242.990,13
20260317104900,242.980,243.290,242.950,242.950,13
20260317105000,243.260,243.700,242.950,243.700,54
20260317105100,243.660,244.870,243.660,244.820,263
20260317105200,244.800,244.800,244.050,244.050,21
20260317105300,244.040,244.420,243.950,244.010,22
20260317105400,244.290,244.410,244.020,244.410,12
20260317105500,244.410,244.410,244.010,244.010,14
20260317105600,243.760,243.760,242.610,242.610,155
20260317105700,243.180,243.190,242.260,242.260,70
20260317105800,242.210,242.730,242.040,242.570,23
20260317105900,242.170,242.600,242.170,242.600,13
20260317110000,242.250,242.250,242.160,242.160,20
20260317110100,242.150,243.040,242.150,242.600,305
20260317110200,242.420,242.590,242.410,242.590,7
20260317110300,242.590,242.590,242.590,242.590,0
20260317110400,242.390,242.410,242.390,242.410,6
20260317110500,242.580,242.890,242.420,242.490,148
20260317110600,242.420,242.800,242.420,242.430,47
20260317110700,242.410,242.800,242.390,242.420,73
20260317110800,242.400,242.870,242.300,242.870,47
20260317110900,242.890,242.890,242.400,242.510,50
20260317111000,242.520,243.450,242.520,243.400,105
20260317111100,243.390,243.450,243.050,243.090,33
20260317111200,243.450,243.850,243.080,243.850,53
20260317111300,243.500,243.770,243.140,243.760,37
20260317111400,243.770,243.770,243.130,243.130,28
20260317111500,243.130,243.490,242.950,242.970,28
20260317111600,243.500,243.690,242.970,243.690,31
20260317111700,243.750,243.750,243.180,243.250,42
20260317111800,243.200,243.620,242.920,243.510,56
20260317111900,242.990,243.520,242.990,243.440,35
20260317112000,243.440,243.500,242.960,243.450,25
20260317112100,242.950,243.420,242.880,243.320,28
20260317112200,243.380,243.390,242.830,243.360,27
20260317112300,242.950,243.350,242.850,242.850,27
20260317112400,243.300,243.350,242.850,243.350,28
20260317112500,242.890,243.360,242.830,243.180,34
20260317112600,243.160,243.250,242.670,242.840,50
20260317112700,242.840,243.220,242.660,242.670,29
20260317112800,242.660,243.030,242.270,243.000,25
20260317112900,243.060,243.070,242.530,242.530,24
20260317113000,242.540,243.110,242.540,243.110,31
20260317130100,242.560,243.110,242.150,242.560,35
20260317130200,242.570,242.570,242.000,242.000,44
20260317130300,241.990,242.000,241.670,241.700,43
20260317130400,242.000,242.470,241.710,242.470,35
20260317130500,242.450,242.460,241.860,242.460,26
20260317130600,241.950,242.460,241.860,241.920,18
20260317130700,242.440,242.480,241.960,242.480,27
20260317130800,242.050,242.470,241.900,242.460,40
20260317130900,241.880,242.430,241.880,242.390,28
20260317131000,241.870,242.400,241.850,241.850,25
20260317131100,241.850,242.400,241.830,242.400,33
20260317131200,242.400,242.400,241.840,242.390,16
20260317131300,242.370,242.370,241.820,242.170,27
20260317131400,242.170,242.240,241.810,242.240,20
20260317131500,242.240,242.360,241.810,241.810,14
20260317131600,242.430,242.440,241.800,241.800,30
20260317131700,242.340,242.340,241.710,242.130,17
20260317131800,241.710,242.380,241.640,241.650,26
20260317131900,241.660,242.420,241.660,241.670,29
20260317132000,241.680,242.400,241.680,242.400,21
20260317132100,242.390,242.390,241.760,241.760,11
20260317132200,241.780,242.390,241.770,241.770,10
20260317132300,241.770,241.770,241.760,241.760,9
20260317132400,242.390,242.390,241.700,242.370,11
20260317132500,242.380,242.380,241.680,242.350,24
20260317132600,241.490,242.360,241.030,241.630,248
20260317132700,241.260,242.080,241.130,241.270,26
20260317132800,241.970,242.110,241.150,242.110,38
20260317132900,241.390,242.180,241.370,242.180,18
20260317133000,241.440,242.270,241.410,242.210,35
20260317133100,241.480,242.210,241.480,242.200,11
20260317133200,242.200,242.210,242.170,242.210,28
20260317133300,241.470,242.210,241.470,241.580,31
20260317133400,242.210,242.270,241.600,241.610,32
20260317133500,242.250,242.270,241.630,241.770,27
20260317133600,242.270,242.300,241.740,242.270,20
20260317133700,242.260,242.260,241.890,241.890,10
20260317133800,241.820,242.350,241.740,242.350,48
20260317133900,241.890,242.370,241.830,242.360,26
20260317134000,242.370,242.370,241.840,242.330,19
20260317134100,242.330,242.330,241.860,241.860,30
20260317134200,242.300,242.300,241.830,242.300,16
20260317134300,242.290,242.300,242.290,242.300,17
20260317134400,242.300,242.300,241.850,241.850,64
20260317134500,241.850,242.280,241.850,242.260,11
20260317134600,242.270,242.400,241.920,242.400,49
20260317134700,242.400,242.420,241.870,242.390,33
20260317134800,241.870,242.390,241.650,241.650,93
20260317134900,242.300,242.300,241.530,241.530,42
20260317135000,242.290,242.290,241.660,242.250,49
20260317135100,242.260,242.260,241.580,242.220,44
20260317135200,241.580,242.230,241.580,242.200,71
20260317135300,242.200,242.200,241.600,242.190,42
20260317135400,241.610,242.170,241.610,241.630,25
20260317135500,241.640,242.130,241.620,242.120,28
20260317135600,242.130,242.130,241.620,242.110,29
20260317135700,242.120,242.120,241.620,241.620,26
20260317135800,241.620,242.110,241.600,241.600,24
20260317135900,241.600,242.110,241.510,241.510,83
20260317140000,241.250,241.510,241.200,241.200,49
20260317140100,241.200,241.650,241.000,241.650,35
20260317140200,241.630,241.630,241.080,241.600,23
20260317140300,241.590,241.590,241.060,241.060,45
20260317140400,241.470,241.550,241.030,241.530,17
20260317140500,241.520,241.520,241.000,241.020,31
20260317140600,241.490,241.490,241.000,241.020,27
20260317140700,241.350,241.350,240.710,241.320,31
20260317140800,240.790,241.290,240.740,240.760,35
20260317140900,241.250,241.270,240.740,241.260,29
20260317141000,240.810,241.340,240.800,241.000,32
20260317141100,241.000,241.330,240.850,241.330,43
20260317141200,240.840,241.310,240.820,240.840,19
20260317141300,241.250,241.250,241.160,241.160,4
20260317141400,241.160,241.160,241.160,241.160,0
20260317141500,241.160,241.160,241.160,241.160,0
20260317141600,240.800,240.800,240.010,240.010,78
20260317141700,240.320,240.380,240.050,240.050,21
20260317141800,240.170,240.310,240.050,240.300,18
20260317141900,240.300,240.820,240.300,240.720,20
20260317142000,240.640,240.640,240.600,240.600,5
20260317142100,240.520,240.520,240.310,240.510,10
20260317142200,240.510,240.510,240.200,240.200,29
20260317142300,240.200,240.270,240.200,240.270,26
20260317142400,240.070,240.350,240.050,240.350,31
20260317142500,240.510,240.510,240.080,240.470,22
20260317142600,240.080,240.470,240.070,240.430,17
20260317142700,240.390,240.390,240.090,240.100,13
20260317142800,240.000,240.000,239.770,240.000,88
20260317142900,239.930,240.270,239.930,240.270,19
20260317143000,240.270,240.270,239.200,239.440,26
20260317143100,239.920,239.920,239.440,239.460,56
20260317143200,239.520,240.200,239.520,239.700,31
20260317143300,240.130,240.130,239.610,239.610,11
20260317143400,240.080,240.090,239.600,239.680,18
20260317143500,239.520,239.920,239.500,239.610,96
20260317143600,240.050,240.050,239.510,239.510,13
20260317143700,239.970,239.990,239.510,239.990,27
20260317143800,239.980,239.980,239.510,239.840,10
20260317143900,239.550,239.890,239.510,239.510,17
20260317144000,239.510,239.930,239.490,239.930,19
20260317144100,239.950,240.130,239.950,240.000,17
20260317144200,240.130,240.250,239.710,239.730,35
20260317144300,240.240,240.240,239.620,239.730,39
20260317144400,239.800,240.200,239.700,239.700,16
20260317144500,239.700,239.980,239.700,239.700,157
20260317144600,239.700,239.700,239.310,239.600,33
20260317144700,239.690,239.690,239.300,239.330,15
20260317144800,239.320,239.690,239.320,239.340,21
20260317144900,239.700,240.000,239.370,239.400,75
20260317145000,239.940,239.940,239.370,239.370,35
20260317145100,239.420,239.920,239.420,239.850,42
20260317145200,239.420,239.870,239.420,239.870,20
20260317145300,239.400,239.870,239.330,239.590,28
20260317145400,239.860,239.870,239.320,239.360,39
20260317145500,239.340,239.710,239.300,239.300,69
20260317145600,239.300,239.920,239.290,239.920,63
20260317145700,239.700,240.000,239.700,239.700,28
20260317145800,239.700,239.700,239.700,239.700,0
20260317145900,239.700,239.700,239.700,239.700,0
20260317150000,239.340,239.340,239.340,239.340,35
20260318093000,243.930,243.930,243.930,243.930,20
20260318093100,239.340,239.560,238.360,238.360,143
20260318093200,238.360,240.990,238.360,239.500,107
20260318093300,239.490,242.400,239.490,240.990,46
20260318093400,241.000,241.300,239.870,239.920,151
20260318093500,239.550,239.900,239.270,239.900,36
20260318093600,240.620,240.620,239.150,239.820,49
20260318093700,239.800,239.850,239.310,239.850,11
20260318093800,239.820,239.850,239.320,239.470,35
20260318093900,239.810,239.810,239.360,239.360,18
20260318094000,239.760,239.760,239.170,239.500,62
20260318094100,239.040,240.000,239.040,239.650,114
20260318094200,239.990,240.270,239.140,239.140,53
20260318094300,240.010,240.130,239.740,239.910,30
20260318094400,240.050,240.500,239.930,239.930,53
20260318094500,239.540,240.130,239.540,240.030,14
20260318094600,240.040,240.040,239.550,239.550,9
20260318094700,240.030,240.200,239.730,240.000,36
20260318094800,240.180,240.200,240.010,240.200,9
20260318094900,240.200,240.200,239.900,240.190,23
20260318095000,240.190,240.190,239.680,239.680,14
20260318095100,239.370,239.460,238.610,239.180,148
20260318095200,238.610,239.100,238.020,238.400,78
20260318095300,238.050,238.050,237.370,237.370,71
20260318095400,237.530,237.870,237.530,237.860,37
20260318095500,237.630,237.670,237.380,237.400,75
20260318095600,237.680,237.970,237.620,237.970,33
20260318095700,238.000,238.130,237.800,237.810,23
20260318095800,237.800,237.810,237.640,237.790,18
20260318095900,237.650,237.800,237.120,237.720,71
20260318100000,237.400,237.790,237.250,237.250,38
20260318100100,237.250,237.670,237.250,237.260,9
20260318100200,237.660,237.660,237.280,237.640,31
20260318100300,237.310,237.600,237.310,237.310,14
20260318100400,237.600,237.600,237.070,237.550,126
20260318100500,237.210,237.670,237.210,237.670,13
20260318100600,237.220,237.660,237.220,237.290,27
20260318100700,237.950,237.960,237.720,237.960,16
20260318100800,237.960,237.960,237.300,237.300,20
20260318100900,237.300,238.050,237.300,237.490,72
20260318101000,237.520,238.060,237.520,238.060,13
20260318101100,237.850,237.850,237.410,237.720,115
20260318101200,237.180,237.700,237.180,237.260,10
20260318101300,237.260,237.400,237.170,237.400,13
20260318101400,237.400,237.640,237.170,237.640,13
20260318101500,237.380,237.560,237.070,237.550,17
20260318101600,237.070,237.640,237.070,237.220,10
20260318101700,237.650,237.800,237.300,237.300,16
20260318101800,238.000,238.000,237.300,237.450,8
20260318101900,238.010,238.030,237.570,238.000,14
20260318102000,238.020,238.050,237.550,238.050,31
20260318102100,238.380,238.380,238.060,238.360,7
20260318102200,238.060,238.060,237.730,237.730,8
20260318102300,238.170,238.270,237.820,237.870,15
20260318102400,238.260,238.270,238.260,238.270,4
20260318102500,238.280,238.290,237.900,238.270,13
20260318102600,237.970,238.370,237.970,238.370,17
20260318102700,238.380,238.450,238.380,238.390,10
20260318102800,238.460,238.620,238.310,238.370,18
20260318102900,238.370,238.450,238.010,238.450,15
20260318103000,238.590,239.490,238.590,239.310,30
20260318103100,238.940,238.940,238.810,238.810,7
20260318103200,238.830,238.830,238.540,238.540,18
20260318103300,238.800,238.820,238.500,238.500,12
20260318103400,238.100,238.480,237.900,238.460,25
20260318103500,238.010,238.460,238.010,238.460,4
20260318103600,238.000,238.430,238.000,238.080,6
20260318103700,238.010,238.010,237.680,237.940,9
20260318103800,237.940,237.940,237.940,237.940,0
20260318103900,237.690,237.690,237.580,237.580,8
20260318104000,237.390,237.390,237.390,237.390,1
20260318104100,237.580,237.580,237.580,237.580,2
20260318104200,237.600,237.600,237.600,237.600,4
20260318104300,237.600,237.600,237.400,237.600,16
20260318104400,237.260,237.390,237.260,237.390,18
20260318104500,237.560,237.570,237.200,237.200,15
20260318104600,237.500,237.500,237.200,237.450,7
20260318104700,237.450,237.450,237.270,237.270,4
20260318104800,237.400,237.400,237.400,237.400,2
20260318104900,237.400,237.400,237.200,237.200,27
20260318105000,237.190,237.190,237.190,237.190,2
20260318105100,237.390,237.400,237.390,237.400,6
20260318105200,237.400,237.520,237.210,237.520,19
20260318105300,237.520,237.520,237.520,237.520,0
20260318105400,237.230,237.450,237.130,237.130,18
20260318105500,237.120,237.120,237.080,237.080,9
20260318105600,237.250,237.250,236.520,236.600,73
20260318105700,236.510,236.760,236.500,236.500,25
20260318105800,236.510,236.520,236.500,236.520,9
20260318105900,236.700,236.720,236.700,236.710,10
20260318110000,236.740,236.740,236.300,236.720,42
20260318110100,236.330,236.680,236.300,236.300,33
20260318110200,236.580,236.640,236.230,236.640,36
20260318110300,236.530,236.530,236.230,236.520,7
20260318110400,236.510,236.510,236.500,236.500,6
20260318110500,236.540,236.750,236.280,236.280,9
20260318110600,236.600,236.600,236.290,236.290,6
20260318110700,236.320,236.320,236.320,236.320,4
20260318110800,236.590,236.590,236.330,236.330,5
20260318110900,236.600,236.600,236.600,236.600,2
20260318111000,236.360,236.360,236.310,236.310,14
20260318111100,236.290,236.290,236.290,236.290,14
20260318111200,236.590,236.590,236.300,236.300,5
20260318111300,236.300,236.540,236.290,236.540,11
20260318111400,236.320,236.320,236.320,236.320,2
20260318111500,236.320,236.320,236.320,236.320,0
20260318111600,236.530,236.600,236.530,236.600,19
20260318111700,236.850,236.850,236.830,236.830,4
20260318111800,236.830,236.830,236.600,236.600,4
20260318111900,236.590,236.600,236.590,236.600,4
20260318112000,236.490,236.780,236.490,236.780,26
20260318112100,236.780,236.790,236.510,236.510,6
20260318112200,236.510,236.510,236.510,236.510,0
20260318112300,236.800,236.800,236.510,236.510,5
20260318112400,236.510,236.510,236.510,236.510,0
20260318112500,236.490,236.490,236.320,236.320,4
20260318112600,236.640,236.650,236.310,236.650,24
20260318112700,236.310,236.310,235.800,235.800,178
20260318112800,236.340,236.460,236.030,236.030,11
20260318112900,235.890,235.890,235.720,235.720,10
20260318113000,235.730,235.730,235.520,235.520,12
20260318130100,235.870,235.870,235.350,235.370,24
20260318130200,235.670,235.770,235.670,235.770,6
20260318130300,235.510,235.880,235.510,235.880,32
20260318130400,235.870,236.440,235.870,236.440,12
20260318130500,236.030,236.030,235.940,236.020,19
20260318130600,236.020,236.020,236.020,236.020,0
20260318130700,236.030,236.030,236.020,236.020,4
20260318130800,236.190,236.220,236.010,236.010,10
20260318130900,236.000,236.210,235.690,236.210,67
20260318131000,236.220,236.220,235.960,236.170,14
20260318131100,235.740,235.880,235.740,235.870,50
20260318131200,236.190,236.350,236.190,236.240,8
20260318131300,236.450,236.450,235.910,235.910,22
20260318131400,235.900,235.900,235.810,235.810,4
20260318131500,235.750,235.750,235.600,235.600,8
20260318131600,235.610,235.980,235.610,235.980,8
20260318131700,236.090,236.150,235.680,236.000,8
20260318131800,235.980,235.980,235.660,235.970,13
20260318131900,235.670,235.670,235.670,235.670,2
20260318132000,235.630,235.630,235.610,235.620,9
20260318132100,235.670,236.000,235.670,236.000,9
20260318132200,236.000,236.000,236.000,236.000,0
20260318132300,236.020,236.020,235.860,235.860,9
20260318132400,236.250,236.250,236.250,236.250,2
20260318132500,236.250,236.250,236.250,236.250,0
20260318132600,236.010,236.020,235.980,236.020,27
20260318132700,236.310,236.310,236.310,236.310,2
20260318132800,235.830,235.830,235.670,235.820,15
20260318132900,235.820,235.820,235.820,235.820,2
20260318133000,235.640,235.640,235.200,235.200,79
20260318133100,235.200,235.210,235.200,235.210,10
20260318133200,235.200,235.200,235.200,235.200,2
20260318133300,235.210,235.460,235.210,235.460,5
20260318133400,235.460,235.460,235.360,235.460,10
20260318133500,235.750,235.750,235.750,235.750,5
20260318133600,235.760,236.000,235.670,235.910,56
20260318133700,235.950,235.950,235.680,235.680,4
20260318133800,235.940,235.960,235.720,235.720,6
20260318133900,235.760,236.150,235.760,235.800,8
20260318134000,235.800,235.800,235.800,235.800,0
20260318134100,235.800,236.300,235.660,236.120,29
20260318134200,236.140,236.140,235.730,236.080,18
20260318134300,235.750,236.040,235.750,236.040,6
20260318134400,235.790,236.300,235.790,235.900,11
20260318134500,235.900,235.900,235.900,235.900,0
20260318134600,235.810,236.140,235.800,235.800,15
20260318134700,235.800,235.800,235.800,235.800,11
20260318134800,235.780,236.020,235.780,236.020,4
20260318134900,236.010,236.010,236.010,236.010,4
20260318135000,235.760,235.960,235.760,235.760,12
20260318135100,235.800,235.800,235.310,235.330,56
20260318135200,235.340,235.450,235.300,235.450,18
20260318135300,235.400,235.710,235.300,235.710,12
20260318135400,235.710,235.710,235.210,235.210,21
20260318135500,235.210,235.270,235.200,235.200,26
20260318135600,235.240,235.250,235.200,235.250,14
20260318135700,235.270,235.270,235.270,235.270,2
20260318135800,235.220,235.550,235.220,235.270,10
20260318135900,235.570,235.620,235.570,235.620,7
20260318140000,235.290,235.630,235.290,235.320,6
20260318140100,235.320,235.320,235.300,235.300,5
20260318140200,235.630,235.640,235.630,235.640,4
20260318140300,235.350,235.350,235.350,235.350,2
20260318140400,235.350,235.350,235.350,235.350,0
20260318140500,235.510,235.510,235.510,235.510,2
20260318140600,235.380,235.500,235.380,235.380,7
20260318140700,235.360,235.360,235.360,235.360,2
20260318140800,235.370,235.660,235.350,235.660,34
20260318140900,235.530,235.650,235.520,235.520,6
20260318141000,235.440,235.440,235.440,235.440,9
20260318141100,235.610,235.610,235.450,235.450,10
20260318141200,235.620,235.650,235.440,235.440,22
20260318141300,235.440,235.660,235.330,235.400,50
20260318141400,235.390,235.660,235.390,235.660,11
20260318141500,235.400,235.410,235.040,235.080,134
20260318141600,235.070,235.420,235.070,235.080,24
20260318141700,235.380,235.380,235.090,235.380,22
20260318141800,235.090,235.370,235.090,235.370,19
20260318141900,235.100,235.360,235.100,235.120,8
20260318142000,235.400,235.620,235.290,235.620,27
20260318142100,235.620,235.620,235.330,235.330,12
20260318142200,235.610,236.300,235.240,236.180,70
20260318142300,235.780,236.150,235.780,236.110,16
20260318142400,236.130,236.150,236.130,236.150,4
20260318142500,235.800,236.140,235.800,236.140,11
20260318142600,235.800,236.170,235.760,235.760,24
20260318142700,235.790,236.170,235.790,236.150,35
20260318142800,235.900,236.140,235.840,236.140,8
20260318142900,235.840,236.140,235.830,236.070,13
20260318143000,236.180,236.320,235.840,236.300,19
20260318143100,236.290,236.330,235.930,236.310,23
20260318143200,236.060,236.360,236.020,236.360,17
20260318143300,236.390,236.480,236.180,236.180,10
20260318143400,236.030,236.440,236.030,236.440,9
20260318143500,236.410,236.410,236.110,236.410,12
20260318143600,236.450,236.450,236.110,236.120,17
20260318143700,236.480,236.480,236.460,236.460,4
20260318143800,236.460,236.480,236.140,236.480,9
20260318143900,236.460,236.580,236.170,236.360,50
20260318144000,236.360,236.650,236.280,236.650,14
20260318144100,236.290,236.770,236.280,236.770,16
20260318144200,236.770,236.800,236.280,236.280,15
20260318144300,236.290,236.660,236.280,236.610,17
20260318144400,236.600,236.620,236.300,236.620,10
20260318144500,236.610,236.700,236.300,236.600,23
20260318144600,236.590,236.700,236.320,236.660,23
20260318144700,236.700,236.700,236.350,236.670,17
20260318144800,236.450,236.640,236.320,236.340,63
20260318144900,236.630,236.630,236.350,236.430,23
20260318145000,236.420,236.690,236.350,236.360,26
20260318145100,236.370,236.680,236.320,236.680,36
20260318145200,236.280,236.290,236.000,236.240,61
20260318145300,236.000,236.550,235.810,236.050,77
20260318145400,236.480,236.480,236.050,236.400,32
20260318145500,236.420,236.420,236.050,236.380,34
20260318145600,236.000,236.270,235.850,236.270,56
20260318145700,236.250,236.380,235.590,235.600,39
20260318145800,235.600,235.600,235.600,235.600,0
20260318145900,235.600,235.600,235.600,235.600,0
20260318150000,235.250,235.250,235.250,235.250,137
20260319093000,235.000,235.000,235.000,235.000,40
20260319093100,234.930,237.700,233.580,237.700,159
20260319093200,235.980,237.640,234.000,235.010,100
20260319093300,235.010,235.260,234.500,235.030,108
20260319093400,235.270,236.450,235.260,236.200,39
20260319093500,236.010,237.390,236.010,236.680,66
20260319093600,236.500,237.200,236.500,236.980,135
20260319093700,237.080,238.330,237.070,237.910,203
20260319093800,237.170,237.800,236.110,236.110,147
20260319093900,236.420,236.420,235.960,236.410,53
20260319094000,236.000,236.550,236.000,236.340,20
20260319094100,236.050,236.400,234.800,234.800,215
20260319094200,234.810,236.030,234.700,236.010,99
20260319094300,236.010,236.020,235.600,236.020,24
20260319094400,236.030,236.030,235.920,235.920,28
20260319094500,235.910,236.260,235.510,235.730,37
20260319094600,236.390,236.390,235.810,236.230,119
20260319094700,236.230,236.230,235.500,235.500,96
20260319094800,235.300,235.300,235.000,235.300,77
20260319094900,235.860,235.990,235.370,235.520,46
20260319095000,235.950,235.950,235.520,235.570,36
20260319095100,236.550,236.950,236.020,236.800,180
20260319095200,236.790,236.880,236.300,236.800,34
20260319095300,236.330,237.660,236.330,237.660,87
20260319095400,237.520,237.520,236.960,237.040,22
20260319095500,237.020,237.370,236.880,236.900,31
20260319095600,236.860,236.860,236.620,236.620,10
20260319095700,236.880,236.950,236.600,236.620,42
20260319095800,236.600,236.940,236.050,236.350,108
20260319095900,236.100,236.100,234.870,235.800,138
20260319100000,235.380,235.380,234.500,234.630,145
20260319100100,235.210,235.210,234.530,235.030,25
20260319100200,235.100,235.700,235.100,235.200,70
20260319100300,235.300,235.630,235.260,235.260,14
20260319100400,235.220,235.600,235.210,235.220,31
20260319100500,235.590,235.590,234.800,234.800,60
20260319100600,234.700,235.170,234.640,234.640,42
20260319100700,234.630,234.630,233.600,233.620,156
20260319100800,233.620,233.620,233.300,233.510,29
20260319100900,233.410,233.890,233.200,233.200,68
20260319101000,233.300,233.780,233.100,233.600,61
20260319101100,233.300,233.460,233.060,233.160,69
20260319101200,233.170,233.990,233.170,233.480,41
20260319101300,233.500,233.950,233.500,233.540,32
20260319101400,233.940,233.940,233.510,233.910,27
20260319101500,233.910,233.910,233.500,233.500,19
20260319101600,233.850,233.850,233.220,233.730,51
20260319101700,233.270,234.960,233.270,234.960,122
20260319101800,235.210,235.270,234.640,235.270,56
20260319101900,235.300,236.030,235.250,235.470,64
20260319102000,236.030,236.380,235.350,235.740,61
20260319102100,236.210,236.480,235.780,236.480,33
20260319102200,236.280,236.280,236.040,236.040,14
20260319102300,236.270,236.280,236.040,236.280,20
20260319102400,236.260,236.480,236.260,236.300,41
20260319102500,236.040,236.490,236.040,236.490,10
20260319102600,236.470,236.470,235.630,236.340,59
20260319102700,236.340,236.340,235.400,235.980,89
20260319102800,236.000,236.000,235.220,235.820,124
20260319102900,235.810,235.810,235.140,235.320,92
20260319103000,235.320,236.460,235.320,236.460,25
20260319103100,236.470,237.070,236.470,236.880,122
20260319103200,237.030,237.030,236.470,236.830,10
20260319103300,236.820,236.830,236.350,236.820,16
20260319103400,236.370,236.810,236.360,236.790,9
20260319103500,236.260,236.790,235.850,236.790,13
20260319103600,236.070,236.470,236.070,236.470,40
20260319103700,236.480,236.740,235.790,235.790,16
20260319103800,235.820,236.420,235.690,236.420,28
20260319103900,235.710,236.420,235.680,235.700,33
20260319104000,235.680,237.180,235.500,237.180,122
20260319104100,237.190,237.190,236.740,237.140,19
20260319104200,236.560,237.150,236.420,236.530,23
20260319104300,237.120,237.120,236.520,237.100,25
20260319104400,237.140,237.140,236.560,236.820,18
20260319104500,236.820,236.980,236.520,236.520,9
20260319104600,237.080,237.080,236.610,236.610,11
20260319104700,236.600,237.070,236.550,237.070,13
20260319104800,237.030,237.030,237.030,237.030,3
20260319104900,237.010,237.010,237.000,237.000,8
20260319105000,236.500,236.990,236.420,236.990,12
20260319105100,237.060,237.060,237.060,237.060,13
20260319105200,237.140,237.140,236.540,236.540,16
20260319105300,237.050,237.050,236.560,236.560,4
20260319105400,237.070,237.100,236.720,236.720,16
20260319105500,236.710,237.140,236.700,236.930,32
20260319105600,236.710,237.160,236.710,237.160,9
20260319105700,237.150,237.160,236.710,237.160,6
20260319105800,237.160,237.180,236.730,237.180,30
20260319105900,237.060,237.150,236.720,236.750,18
20260319110000,236.720,237.140,236.710,236.750,12
20260319110100,237.150,237.160,236.720,237.160,26
20260319110200,237.160,237.350,236.890,236.890,29
20260319110300,237.300,237.300,236.800,236.800,13
20260319110400,237.280,237.280,236.730,237.120,16
20260319110500,237.120,237.120,236.710,237.110,16
20260319110600,236.700,237.130,236.700,237.120,13
20260319110700,237.110,237.110,236.710,236.710,8
20260319110800,236.710,237.000,236.700,236.710,13
20260319110900,237.090,237.100,236.700,236.700,7
20260319111000,236.700,237.100,236.700,237.090,14
20260319111100,236.710,237.090,236.700,236.700,9
20260319111200,236.710,236.710,236.710,236.710,2
20260319111300,236.700,236.700,236.000,236.330,281
20260319111400,236.490,236.590,236.070,236.100,35
20260319111500,236.070,236.530,236.000,236.060,54
20260319111600,236.000,236.280,235.700,235.750,26
20260319111700,236.260,236.570,236.260,236.570,25
20260319111800,236.270,236.850,236.250,236.820,39
20260319111900,236.820,236.890,236.320,236.660,59
20260319112000,236.080,236.750,236.080,236.150,51
20260319112100,236.570,236.620,236.570,236.580,29
20260319112200,236.700,236.730,236.160,236.480,36
20260319112300,236.470,236.470,236.440,236.440,12
20260319112400,236.450,236.580,236.010,236.040,35
20260319112500,236.000,236.540,235.860,236.000,26
20260319112600,236.020,236.410,235.800,235.990,34
20260319112700,236.000,236.290,235.690,236.270,54
20260319112800,236.280,236.280,236.280,236.280,7
20260319112900,235.820,236.280,235.700,236.260,25
20260319113000,236.270,236.290,236.270,236.290,5
20260319130100,235.700,236.770,235.700,236.680,68
20260319130200,236.160,236.770,236.160,236.170,16
20260319130300,236.760,236.850,236.160,236.850,17
20260319130400,236.860,236.900,236.160,236.900,26
20260319130500,236.210,236.520,236.180,236.520,8
20260319130600,236.520,236.900,236.080,236.900,26
20260319130700,236.500,237.040,236.420,237.040,18
20260319130800,236.420,237.030,236.410,236.480,16
20260319130900,237.030,237.030,236.410,236.970,21
20260319131000,236.970,236.980,236.420,236.420,8
20260319131100,236.980,236.990,236.310,236.660,34
20260319131200,236.660,236.660,236.150,236.350,37
20260319131300,236.100,236.790,236.040,236.760,36
20260319131400,236.130,236.520,236.050,236.520,31
20260319131500,236.040,236.740,236.040,236.740,17
20260319131600,236.150,236.750,236.060,236.690,60
20260319131700,236.690,236.690,236.100,236.680,29
20260319131800,236.670,236.780,236.190,236.190,35
20260319131900,236.780,236.800,236.100,236.100,26
20260319132000,236.670,236.970,236.110,236.790,32
20260319132100,236.810,236.810,236.120,236.590,19
20260319132200,236.100,236.720,236.080,236.680,22
20260319132300,236.680,236.690,236.080,236.080,19
20260319132400,236.700,236.770,236.110,236.770,22
20260319132500,236.120,236.810,236.110,236.110,31
20260319132600,236.810,236.810,236.070,236.080,20
20260319132700,236.460,236.460,236.080,236.460,19
20260319132800,236.460,236.480,236.080,236.480,21
20260319132900,236.090,236.820,236.010,236.010,85
20260319133000,236.000,236.520,235.750,235.770,56
20260319133100,235.770,235.770,235.060,235.060,128
20260319133200,235.080,235.660,235.080,235.110,10
20260319133300,235.670,235.680,235.130,235.340,37
20260319133400,235.200,236.380,235.200,235.420,19
20260319133500,235.420,235.920,235.180,235.320,30
20260319133600,235.320,236.390,235.320,235.430,31
20260319133700,236.290,236.290,235.430,235.430,20
20260319133800,235.450,236.150,235.440,235.440,14
20260319133900,235.440,236.160,235.440,235.450,15
20260319134000,235.470,236.110,235.390,235.390,14
20260319134100,235.790,235.790,235.320,235.330,17
20260319134200,235.300,235.300,235.300,235.300,6
20260319134300,235.340,235.670,235.110,235.110,33
20260319134400,235.080,235.570,235.050,235.500,23
20260319134500,235.500,235.500,235.020,235.020,12
20260319134600,235.020,235.490,234.200,235.110,70
20260319134700,234.400,235.320,234.400,235.310,16
20260319134800,234.620,235.310,234.600,234.610,9
20260319134900,235.310,235.310,234.610,234.630,27
20260319135000,234.630,235.190,234.610,234.610,16
20260319135100,234.610,235.200,234.610,235.200,18
20260319135200,235.310,235.310,234.640,234.640,22
20260319135300,234.650,235.300,234.620,234.620,33
20260319135400,235.230,235.230,234.520,234.660,36
20260319135500,234.650,235.120,234.650,234.680,14
20260319135600,234.660,235.160,234.650,234.660,21
20260319135700,235.190,235.190,234.680,235.170,25
20260319135800,234.690,235.180,234.660,234.660,19
20260319135900,235.190,235.190,234.460,234.460,58
20260319140000,234.460,235.130,234.460,234.470,22
20260319140100,234.470,234.480,234.050,234.440,42
20260319140200,234.200,234.450,234.030,234.030,27
20260319140300,234.020,234.020,234.020,234.020,5
20260319140400,234.030,234.400,234.030,234.040,24
20260319140500,235.000,235.130,234.380,235.080,68
20260319140600,234.620,235.080,234.620,235.080,17
20260319140700,234.640,234.640,234.630,234.630,22
20260319140800,235.500,235.500,234.660,235.400,32
20260319140900,235.470,235.470,234.630,234.650,23
20260319141000,235.450,236.000,235.450,235.980,89
20260319141100,235.980,235.980,235.450,235.600,21
20260319141200,236.030,236.090,235.450,236.090,42
20260319141300,235.480,236.160,235.480,235.510,24
20260319141400,235.500,236.150,235.500,235.610,26
20260319141500,236.160,236.160,235.540,235.540,35
20260319141600,236.100,236.100,235.530,236.070,8
20260319141700,236.080,236.080,235.500,235.500,28
20260319141800,235.400,235.400,235.000,235.030,141
20260319141900,235.040,235.730,235.030,235.030,13
20260319142000,235.700,235.700,235.000,235.260,52
20260319142100,235.000,235.310,234.680,234.720,31
20260319142200,234.730,235.430,234.710,235.260,31
20260319142300,234.840,235.290,234.760,235.290,8
20260319142400,235.260,235.260,234.720,234.770,31
20260319142500,235.320,235.380,234.770,235.360,21
20260319142600,235.370,235.370,234.820,235.340,22
20260319142700,234.870,235.380,234.810,234.810,32
20260319142800,234.800,235.360,234.800,235.300,21
20260319142900,235.350,235.360,234.800,234.800,21
20260319143000,234.800,235.350,234.740,234.740,21
20260319143100,234.700,235.160,234.590,234.590,55
20260319143200,234.590,234.970,234.230,234.260,38
20260319143300,234.870,234.980,234.270,234.980,70
20260319143400,234.400,235.280,234.400,235.270,31
20260319143500,235.280,235.280,234.580,235.200,76
20260319143600,234.600,235.200,234.250,234.550,235
20260319143700,234.130,234.550,234.130,234.550,10
20260319143800,234.550,235.140,234.140,235.140,27
20260319143900,235.140,235.140,234.200,234.820,74
20260319144000,234.830,234.850,234.380,234.390,20
20260319144100,234.850,235.000,234.400,234.860,66
20260319144200,234.420,235.010,234.380,234.950,66
20260319144300,234.390,234.960,234.390,234.900,25
20260319144400,234.900,234.950,234.410,234.950,24
20260319144500,234.950,234.950,234.030,234.030,152
20260319144600,234.010,234.380,233.660,233.710,103
20260319144700,233.690,234.010,233.660,233.700,38
20260319144800,233.720,234.020,233.660,233.670,44
20260319144900,233.680,234.020,233.670,234.000,29
20260319145000,234.000,234.000,233.660,233.960,36
20260319145100,233.600,233.960,233.600,233.610,40
20260319145200,233.610,234.770,233.610,234.770,45
20260319145300,234.820,234.820,233.740,234.650,64
20260319145400,234.660,234.660,233.880,234.590,24
20260319145500,233.880,234.600,233.880,234.600,12
20260319145600,233.900,234.590,233.900,234.500,43
20260319145700,234.070,234.500,233.920,233.920,30
20260319145800,233.920,233.920,233.920,233.920,0
20260319145900,233.920,233.920,233.920,233.920,0
20260319150000,234.000,234.000,234.000,234.000,47
20260320093000,234.990,234.990,234.990,234.990,17
20260320093100,233.160,235.500,233.160,235.500,45
20260320093200,235.870,236.580,235.710,235.880,89
20260320093300,235.280,236.000,234.340,234.360,51
20260320093400,234.420,235.760,234.000,235.050,29
20260320093500,234.460,235.360,234.460,235.360,24
20260320093600,235.160,236.000,235.160,236.000,104
20260320093700,236.030,236.500,235.880,236.500,60
20260320093800,236.220,236.530,235.880,235.980,76
20260320093900,236.360,236.570,235.970,236.570,91
20260320094000,236.840,236.920,236.540,236.740,50
20260320094100,236.530,236.530,235.940,235.950,28
20260320094200,235.950,236.270,235.950,235.980,55
20260320094300,236.010,236.390,235.550,236.170,21
20260320094400,236.080,236.390,235.770,236.000,28
20260320094500,236.000,236.400,235.400,236.400,47
20260320094600,236.280,236.960,236.240,236.880,27
20260320094700,236.820,237.370,236.640,237.260,45
20260320094800,237.270,237.270,236.590,236.670,40
20260320094900,236.680,236.900,236.320,236.790,33
20260320095000,236.520,236.520,236.300,236.300,14
20260320095100,236.310,236.310,236.040,236.050,15
20260320095200,236.050,236.650,235.990,236.640,31
20260320095300,236.340,236.660,236.340,236.630,18
20260320095400,236.480,236.600,236.480,236.600,18
20260320095500,236.650,236.660,236.230,236.650,26
20260320095600,236.670,236.710,236.340,236.340,15
20260320095700,236.250,236.250,236.100,236.100,22
20260320095800,236.460,236.550,236.150,236.540,53
20260320095900,236.500,236.500,235.610,236.170,70
20260320100000,236.310,236.450,235.970,236.450,12
20260320100100,236.060,236.450,236.050,236.130,21
20260320100200,236.490,236.490,235.620,235.830,36
20260320100300,236.220,236.540,235.840,236.540,40
20260320100400,236.780,236.860,236.360,236.610,27
20260320100500,236.000,236.450,236.000,236.400,12
20260320100600,236.030,236.030,235.500,235.850,28
20260320100700,235.500,236.180,235.500,235.900,22
20260320100800,236.290,236.310,235.820,235.830,31
20260320100900,235.810,235.810,235.400,235.410,61
20260320101000,235.680,235.950,235.320,235.510,22
20260320101100,235.500,236.000,235.500,235.560,19
20260320101200,235.980,235.990,235.570,235.990,9
20260320101300,235.570,235.950,235.360,235.820,26
20260320101400,235.840,235.840,235.360,235.360,10
20260320101500,235.270,235.750,235.270,235.750,21
20260320101600,235.750,235.830,235.320,235.360,40
20260320101700,235.340,235.900,235.340,235.610,107
20260320101800,235.820,236.060,235.610,236.060,17
20260320101900,236.070,236.460,235.660,236.460,30
20260320102000,236.460,236.460,235.590,236.240,44
20260320102100,235.750,236.340,235.750,236.230,21
20260320102200,236.080,236.240,235.800,235.820,16
20260320102300,236.300,236.300,235.510,235.510,19
20260320102400,235.500,235.670,235.350,235.350,16
20260320102500,235.320,235.320,235.320,235.320,16
20260320102600,235.700,235.750,235.280,235.750,17
20260320102700,235.750,235.790,235.310,235.340,22
20260320102800,235.770,235.770,235.260,235.660,15
20260320102900,235.250,235.250,235.150,235.150,8
20260320103000,235.250,235.640,235.130,235.580,54
20260320103100,235.600,236.000,235.230,235.280,32
20260320103200,235.650,235.700,235.160,235.160,8
20260320103300,235.070,235.790,235.070,235.790,12
20260320103400,235.800,235.880,235.370,235.370,25
20260320103500,235.800,235.870,235.380,235.870,10
20260320103600,235.400,235.860,235.400,235.500,7
20260320103700,235.860,235.860,235.500,235.840,8
20260320103800,235.850,235.860,235.850,235.860,4
20260320103900,235.500,235.500,235.490,235.490,25
20260320104000,235.790,235.790,235.370,235.370,8
20260320104100,235.370,235.580,235.160,235.580,25
20260320104200,235.050,235.430,235.030,235.030,12
20260320104300,235.390,235.440,235.090,235.090,15
20260320104400,235.550,235.590,235.110,235.110,23
20260320104500,235.560,235.560,235.050,235.060,13
20260320104600,235.540,235.550,235.130,235.530,14
20260320104700,235.590,235.590,235.090,235.530,18
20260320104800,235.540,235.850,235.480,235.800,27
20260320104900,235.810,236.290,235.560,236.290,52
20260320105000,236.040,236.460,236.040,236.460,33
20260320105100,235.910,236.320,235.760,236.320,9
20260320105200,236.130,236.250,235.810,236.210,21
20260320105300,235.990,236.200,235.990,236.200,6
20260320105400,236.200,236.220,235.880,236.220,10
20260320105500,235.880,236.210,235.880,236.190,7
20260320105600,236.190,236.190,235.890,235.890,12
20260320105700,235.700,235.880,235.700,235.880,11
20260320105800,235.880,236.000,235.480,235.850,37
20260320105900,235.370,235.860,235.370,235.830,7
20260320110000,235.850,235.850,235.440,235.840,15
20260320110100,235.410,236.050,235.410,235.610,25
20260320110200,236.040,236.040,235.590,235.910,11
20260320110300,235.990,236.040,235.680,236.040,31
20260320110400,236.020,236.030,235.700,235.700,19
20260320110500,236.010,236.010,235.580,235.580,12
20260320110600,235.990,236.110,235.670,236.110,19
20260320110700,236.120,236.120,235.780,236.100,10
20260320110800,236.170,236.200,235.880,236.040,35
20260320110900,236.040,236.350,236.030,236.350,45
20260320111000,236.350,236.500,236.340,236.500,24
20260320111100,236.490,236.860,236.490,236.630,38
20260320111200,236.400,236.800,236.380,236.380,41
20260320111300,236.700,236.750,236.410,236.410,13
20260320111400,236.730,236.800,236.420,236.420,20
20260320111500,236.700,236.820,236.430,236.820,17
20260320111600,236.800,236.830,236.550,236.550,25
20260320111700,236.790,236.860,236.530,236.530,36
20260320111800,236.800,236.870,236.410,236.870,23
20260320111900,236.870,236.900,236.480,236.900,15
20260320112000,236.900,236.910,236.760,236.910,31
20260320112100,236.960,236.970,236.950,236.950,21
20260320112200,236.580,236.950,236.490,236.740,41
20260320112300,236.980,236.990,236.680,236.680,15
20260320112400,236.870,236.890,236.230,236.310,24
20260320112500,236.760,236.970,236.760,236.970,19
20260320112600,236.520,236.930,236.500,236.500,7
20260320112700,236.450,236.900,236.450,236.850,18
20260320112800,236.400,236.900,236.400,236.460,14
20260320112900,236.910,236.970,236.520,236.520,24
20260320113000,236.470,236.940,236.470,236.940,12
20260320130100,236.940,237.040,236.560,237.040,119
20260320130200,237.110,237.110,236.690,236.690,17
20260320130300,236.620,237.040,236.620,237.030,6
20260320130400,237.030,237.030,237.030,237.030,6
20260320130500,236.690,237.030,236.630,236.630,15
20260320130600,237.080,237.080,236.620,237.000,14
20260320130700,236.990,236.990,236.990,236.990,5
20260320130800,236.650,236.990,236.570,236.570,16
20260320130900,236.900,236.920,236.900,236.920,8
20260320131000,236.580,236.920,236.560,236.560,20
20260320131100,236.550,236.560,236.130,236.560,24
20260320131200,236.590,236.590,236.170,236.190,13
20260320131300,236.580,236.590,236.110,236.110,9
20260320131400,236.550,236.550,236.100,236.100,6
20260320131500,236.500,236.530,236.150,236.150,18
20260320131600,236.550,236.550,236.210,236.210,15
20260320131700,236.210,236.550,236.210,236.550,11
20260320131800,236.570,236.570,236.030,236.130,42
20260320131900,236.010,236.010,235.780,235.780,33
20260320132000,235.840,236.340,235.770,235.810,12
20260320132100,235.800,236.340,235.800,236.340,11
20260320132200,235.870,236.310,235.680,235.680,16
20260320132300,235.660,235.800,235.650,235.790,9
20260320132400,235.650,236.370,235.650,235.750,21
20260320132500,235.740,236.250,235.740,235.790,8
20260320132600,236.210,236.210,235.770,235.770,9
20260320132700,235.770,236.230,235.680,235.680,14
20260320132800,235.670,236.070,235.670,236.020,16
20260320132900,235.610,236.280,235.610,236.280,20
20260320133000,235.710,236.270,235.680,236.130,17
20260320133100,236.140,236.140,235.730,235.740,13
20260320133200,235.900,235.900,235.180,235.800,103
20260320133300,235.310,235.810,235.310,235.740,15
20260320133400,235.380,235.740,235.380,235.400,10
20260320133500,235.420,235.580,235.400,235.580,6
20260320133600,235.750,235.750,235.380,235.750,25
20260320133700,235.070,235.180,234.640,234.750,117
20260320133800,234.860,235.230,234.800,234.810,16
20260320133900,234.800,235.180,234.650,234.650,37
20260320134000,234.640,235.240,234.640,234.690,13
20260320134100,235.180,235.180,234.720,235.170,9
20260320134200,234.750,234.750,234.710,234.720,12
20260320134300,235.000,235.000,234.390,234.390,73
20260320134400,234.100,234.350,234.100,234.140,10
20260320134500,234.160,234.550,234.160,234.550,12
20260320134600,234.610,234.610,234.210,234.250,17
20260320134700,234.280,234.700,234.200,234.700,18
20260320134800,234.240,234.700,234.220,234.280,118
20260320134900,234.300,235.110,234.300,235.110,14
20260320135000,234.630,235.100,234.620,235.080,14
20260320135100,235.090,235.090,234.610,235.080,10
20260320135200,235.080,235.080,234.320,234.320,18
20260320135300,234.580,234.580,234.180,234.210,103
20260320135400,234.220,234.580,234.220,234.310,8
20260320135500,234.640,234.730,234.350,234.730,16
20260320135600,234.330,234.330,234.310,234.310,11
20260320135700,234.340,234.700,234.340,234.360,14
20260320135800,234.360,234.730,234.360,234.500,12
20260320135900,234.390,234.790,234.370,234.790,14
20260320140000,234.370,234.370,234.360,234.360,7
20260320140100,234.440,234.450,234.440,234.450,4
20260320140200,234.890,235.010,234.510,234.570,16
20260320140300,234.970,235.000,234.560,234.560,12
20260320140400,234.900,234.900,234.540,234.540,7
20260320140500,234.540,234.540,234.040,234.040,58
20260320140600,234.150,234.150,233.650,233.700,112
20260320140700,233.870,234.300,233.780,234.300,53
20260320140800,234.270,234.460,233.980,234.460,22
20260320140900,234.050,234.060,234.050,234.060,37
20260320141000,234.060,234.060,233.600,233.660,85
20260320141100,233.740,233.740,233.600,233.600,10
20260320141200,233.560,233.590,233.470,233.560,115
20260320141300,233.720,233.720,233.560,233.700,27
20260320141400,233.690,233.690,233.410,233.690,8
20260320141500,233.480,233.710,233.480,233.510,18
20260320141600,233.600,233.710,233.510,233.520,20
20260320141700,233.730,234.070,233.560,233.760,52
20260320141800,234.020,234.020,233.530,233.530,19
20260320141900,233.540,234.000,233.540,233.990,13
20260320142000,233.660,233.990,233.660,233.990,5
20260320142100,233.680,233.990,233.640,233.670,53
20260320142200,233.670,233.860,233.520,233.520,34
20260320142300,233.520,233.870,233.520,233.870,9
20260320142400,233.410,233.840,233.350,233.350,19
20260320142500,233.250,233.250,232.880,232.880,66
20260320142600,232.760,232.990,232.710,232.990,18
20260320142700,232.990,233.270,232.750,233.190,30
20260320142800,232.910,233.150,232.760,233.150,22
20260320142900,232.770,232.770,232.460,232.460,71
20260320143000,232.410,232.630,232.150,232.630,86
20260320143100,232.620,232.690,232.510,232.690,41
20260320143200,233.050,233.060,232.770,233.060,15
20260320143300,232.650,232.650,232.520,232.520,16
20260320143400,232.530,232.960,232.530,232.950,17
20260320143500,232.940,232.940,232.500,232.540,17
20260320143600,232.540,232.540,232.170,232.430,69
20260320143700,232.160,232.510,232.120,232.310,22
20260320143800,232.120,232.310,231.850,232.010,63
20260320143900,232.050,232.310,232.020,232.020,19
20260320144000,232.020,232.500,232.000,232.500,33
20260320144100,232.000,232.430,232.000,232.010,31
20260320144200,232.410,232.410,232.000,232.000,18
20260320144300,232.340,232.350,232.000,232.350,19
20260320144400,232.350,232.370,231.890,232.350,42
20260320144500,231.910,232.280,231.880,232.270,53
20260320144600,231.900,232.260,231.890,232.010,26
20260320144700,232.000,232.400,232.000,232.160,62
20260320144800,232.400,232.480,232.160,232.480,25
20260320144900,232.500,232.750,232.180,232.180,23
20260320145000,232.170,232.650,232.110,232.200,158
20260320145100,232.570,232.590,232.300,232.580,37
20260320145200,232.300,232.570,232.050,232.050,90
20260320145300,232.050,232.520,232.050,232.110,24
20260320145400,232.100,232.100,231.500,231.500,119
20260320145500,231.500,232.040,231.500,232.020,44
20260320145600,232.010,232.010,231.520,231.520,74
20260320145700,231.560,232.630,231.460,232.560,63
20260320145800,231.560,231.560,231.560,231.560,4
20260320145900,231.560,231.560,231.560,231.560,0
20260320150000,231.590,231.590,231.590,231.590,225
20260323093000,231.000,231.000,231.000,231.000,37
20260323093100,231.000,231.000,229.200,229.200,119
20260323093200,229.200,229.210,228.330,229.000,146
20260323093300,228.990,230.050,228.570,229.310,161
20260323093400,229.980,230.050,229.000,229.150,96
20260323093500,229.170,229.170,228.760,229.150,68
20260323093600,229.000,229.000,228.060,228.060,70
20260323093700,228.100,228.420,228.010,228.420,125
20260323093800,228.480,228.480,227.510,227.510,115
20260323093900,227.670,227.980,227.300,227.540,53
20260323094000,227.560,227.950,227.560,227.780,83
20260323094100,227.300,227.300,224.110,225.080,616
20260323094200,225.060,225.100,224.420,224.500,142
20260323094300,224.970,226.290,224.560,225.600,124
20260323094400,226.280,226.280,225.100,225.420,72
20260323094500,225.250,225.250,224.460,225.030,72
20260323094600,224.600,225.830,224.600,225.830,159
20260323094700,225.820,226.850,225.210,225.940,74
20260323094800,225.930,226.150,225.600,226.150,26
20260323094900,225.940,226.080,225.330,225.680,44
20260323095000,226.000,226.300,225.520,226.300,45
20260323095100,226.000,226.480,226.000,226.400,52
20260323095200,226.480,226.540,226.030,226.400,27
20260323095300,226.660,227.300,226.390,227.000,69
20260323095400,226.910,227.000,226.540,226.630,74
20260323095500,226.650,227.050,226.180,226.850,83
20260323095600,227.040,227.170,226.850,226.990,13
20260323095700,226.530,226.840,226.320,226.520,67
20260323095800,226.520,226.810,226.500,226.810,22
20260323095900,226.530,226.820,226.530,226.540,24
20260323100000,226.810,227.250,226.800,227.170,85
20260323100100,227.010,227.050,226.540,227.000,57
20260323100200,227.050,227.220,226.580,226.630,49
20260323100300,226.970,227.000,226.640,227.000,21
20260323100400,226.630,227.000,226.630,227.000,23
20260323100500,227.000,227.000,226.630,227.000,24
20260323100600,227.000,227.000,226.630,226.790,26
20260323100700,226.840,227.200,226.700,226.700,60
20260323100800,226.630,227.500,226.630,227.500,108
20260323100900,227.720,227.720,227.070,227.500,24
20260323101000,227.460,227.550,226.760,226.980,42
20260323101100,227.320,227.320,226.760,226.810,28
20260323101200,226.810,227.220,226.000,226.040,143
20260323101300,226.040,226.500,226.040,226.310,40
20260323101400,226.020,226.310,226.020,226.310,24
20260323101500,226.310,226.610,226.070,226.610,21
20260323101600,226.610,226.710,226.000,226.670,180
20260323101700,226.750,226.750,226.000,226.000,286
20260323101800,226.000,226.680,225.750,226.410,188
20260323101900,226.240,226.500,225.900,226.500,26
20260323102000,226.010,227.300,226.010,227.300,137
20260323102100,227.460,227.460,226.600,226.870,33
20260323102200,226.870,226.870,226.380,226.500,17
20260323102300,226.970,226.990,225.330,225.630,120
20260323102400,225.630,225.920,225.300,225.750,161
20260323102500,225.750,225.750,224.520,224.520,158
20260323102600,224.540,224.540,224.210,224.390,124
20260323102700,224.890,224.890,224.210,224.300,60
20260323102800,224.300,224.300,223.350,223.460,356
20260323102900,223.660,223.920,222.520,223.920,293
20260323103000,223.840,223.840,222.650,223.070,143
20260323103100,223.150,223.480,222.720,223.470,65
20260323103200,223.120,223.460,222.710,222.830,140
20260323103300,223.150,223.450,222.750,222.910,32
20260323103400,223.300,223.340,222.910,222.920,38
20260323103500,223.290,223.300,222.790,222.990,84
20260323103600,222.990,223.320,222.330,222.500,232
20260323103700,222.280,223.490,222.120,223.150,149
20260323103800,222.790,223.110,221.610,221.970,638
20260323103900,222.540,222.540,222.010,222.530,47
20260323104000,221.800,221.990,221.400,221.530,97
20260323104100,221.530,221.790,221.190,221.390,171
20260323104200,221.070,221.390,220.530,221.020,98
20260323104300,221.320,221.460,221.000,221.100,34
20260323104400,221.010,221.460,221.010,221.010,38
20260323104500,221.020,221.860,220.990,221.780,244
20260323104600,221.650,221.650,220.710,220.730,44
20260323104700,220.700,221.210,220.700,221.210,27
20260323104800,221.200,221.200,220.880,221.180,66
20260323104900,220.980,221.150,220.620,220.620,139
20260323105000,220.620,220.870,220.590,220.780,83
20260323105100,220.640,220.830,220.060,220.060,184
20260323105200,220.430,220.430,219.480,220.430,498
20260323105300,220.430,220.430,220.110,220.380,26
20260323105400,220.410,221.830,220.110,221.830,1272
20260323105500,222.110,223.340,222.110,222.630,308
20260323105600,223.160,223.840,222.000,222.980,329
20260323105700,222.940,223.970,222.910,223.970,106
20260323105800,223.430,223.980,223.050,223.050,325
20260323105900,223.000,223.610,223.000,223.610,82
20260323110000,223.630,223.750,223.150,223.400,92
20260323110100,223.400,223.430,223.400,223.420,49
20260323110200,223.500,224.170,223.500,224.080,143
20260323110300,223.600,224.670,223.600,223.780,66
20260323110400,224.680,224.880,224.250,224.730,34
20260323110500,224.250,224.710,223.780,223.780,36
20260323110600,223.780,224.390,223.780,224.390,27
20260323110700,224.400,224.400,224.380,224.380,16
20260323110800,224.060,224.500,223.850,223.850,48
20260323110900,223.780,223.780,222.880,222.880,57
20260323111000,223.470,224.280,222.880,224.280,50
20260323111100,224.300,224.300,223.680,224.050,51
20260323111200,224.050,224.100,223.040,223.790,69
20260323111300,223.060,223.710,223.020,223.470,44
20260323111400,223.470,223.470,222.620,223.300,67
20260323111500,223.300,223.300,222.680,223.260,56
20260323111600,223.200,223.200,222.200,222.600,51
20260323111700,222.230,223.190,222.230,223.100,75
20260323111800,223.100,223.180,222.480,223.140,37
20260323111900,222.480,223.070,222.260,222.840,52
20260323112000,222.210,222.760,222.210,222.220,51
20260323112100,222.210,222.600,222.040,222.090,61
20260323112200,222.160,223.030,222.160,223.030,77
20260323112300,222.330,223.100,222.220,222.260,63
20260323112400,223.020,223.030,222.340,222.980,45
20260323112500,222.850,222.860,222.340,222.800,40
20260323112600,222.970,222.970,222.380,222.900,55
20260323112700,222.930,223.050,222.400,222.870,55
20260323112800,222.250,223.020,222.220,222.280,57
20260323112900,223.010,223.020,222.490,222.490,44
20260323113000,222.490,223.200,222.490,223.200,31
20260323130100,223.200,223.300,222.930,222.990,78
20260323130200,223.140,223.340,223.140,223.340,21
20260323130300,223.320,224.070,223.320,224.040,50
20260323130400,224.040,224.040,223.360,224.040,69
20260323130500,224.020,224.020,223.370,223.370,41
20260323130600,224.010,224.010,222.610,223.280,94
20260323130700,223.290,223.370,222.600,223.370,44
20260323130800,223.380,223.960,222.800,223.940,134
20260323130900,223.040,223.940,223.040,223.070,42
20260323131000,223.080,223.690,222.860,223.000,56
20260323131100,222.990,223.060,222.990,223.050,25
20260323131200,223.060,223.100,222.600,223.100,45
20260323131300,222.670,223.200,222.280,223.190,68
20260323131400,223.190,223.600,222.340,222.470,65
20260323131500,223.590,223.680,222.410,222.410,89
20260323131600,223.570,223.690,222.420,223.430,373
20260323131700,223.000,223.500,222.470,223.500,185
20260323131800,223.490,223.500,222.060,222.060,234
20260323131900,222.020,223.310,222.020,222.370,53
20260323132000,223.300,223.300,222.480,223.110,49
20260323132100,222.480,223.320,222.390,223.290,52
20260323132200,223.290,223.380,222.460,223.370,41
20260323132300,222.570,223.490,222.570,223.480,41
20260323132400,223.370,223.450,222.570,222.580,36
20260323132500,222.580,223.440,222.570,223.440,45
20260323132600,223.440,223.470,222.620,223.460,77
20260323132700,222.680,223.460,222.630,223.460,27
20260323132800,222.470,223.460,222.410,223.440,181
20260323132900,223.430,223.430,222.430,223.370,52
20260323133000,223.370,223.370,222.390,223.370,53
20260323133100,223.380,223.380,222.430,223.320,38
20260323133200,222.460,223.330,222.430,222.540,33
20260323133300,223.320,223.320,222.460,223.310,39
20260323133400,223.300,223.300,222.380,222.380,49
20260323133500,222.380,223.230,222.380,223.210,77
20260323133600,222.820,223.180,222.480,223.170,43
20260323133700,222.850,223.200,222.530,222.540,43
20260323133800,223.140,223.150,222.400,222.430,26
20260323133900,222.430,223.500,222.430,223.500,185
20260323134000,223.410,224.160,222.470,222.770,114
20260323134100,224.000,224.000,222.780,223.520,42
20260323134200,222.850,223.490,222.780,223.310,49
20260323134300,222.850,223.310,222.710,222.710,29
20260323134400,222.800,223.320,222.480,223.280,67
20260323134500,223.170,223.240,222.500,222.550,42
20260323134600,222.550,223.180,222.450,223.140,149
20260323134700,223.140,223.190,222.460,223.180,31
20260323134800,222.600,223.180,222.570,222.570,32
20260323134900,222.580,223.180,222.570,223.130,48
20260323135000,223.140,223.140,222.390,223.120,72
20260323135100,222.400,223.120,222.400,223.050,43
20260323135200,223.120,223.130,222.450,222.480,51
20260323135300,223.080,223.080,222.310,222.500,92
20260323135400,222.270,223.040,222.260,223.040,37
20260323135500,223.040,223.050,222.300,222.300,44
20260323135600,222.370,223.130,222.340,222.370,57
20260323135700,222.330,223.120,222.320,222.340,40
20260323135800,222.330,223.120,222.330,223.120,57
20260323135900,223.120,223.120,222.310,222.310,50
20260323140000,223.080,223.090,222.300,222.300,100
20260323140100,222.280,223.080,222.270,222.660,43
20260323140200,222.670,222.770,222.270,222.270,52
20260323140300,222.780,222.780,222.160,222.160,111
20260323140400,222.120,222.120,221.140,221.250,128
20260323140500,222.070,222.070,221.250,222.050,46
20260323140600,221.310,222.050,221.310,221.320,58
20260323140700,221.320,222.050,221.310,222.050,51
20260323140800,222.050,222.050,221.300,221.360,63
20260323140900,221.410,222.070,221.310,221.330,42
20260323141000,222.070,222.080,221.420,221.420,41
20260323141100,221.420,222.110,221.360,221.480,39
20260323141200,221.490,223.000,221.330,221.330,77
20260323141300,222.220,222.220,221.220,222.170,68
20260323141400,222.170,222.220,221.230,221.260,40
20260323141500,221.260,222.290,221.170,222.090,96
20260323141600,222.200,223.000,221.110,221.170,78
20260323141700,223.000,223.000,221.200,222.080,51
20260323141800,222.180,222.260,221.220,222.030,49
20260323141900,221.280,222.030,221.130,221.200,92
20260323142000,221.150,222.630,221.150,221.440,57
20260323142100,222.030,222.030,221.300,221.310,51
20260323142200,221.310,221.990,221.310,221.940,62
20260323142300,221.310,221.930,221.310,221.930,45
20260323142400,221.300,221.960,220.710,221.940,133
20260323142500,221.970,222.990,221.570,221.570,51
20260323142600,222.850,222.850,221.570,221.600,65
20260323142700,221.580,222.850,221.580,221.620,87
20260323142800,221.610,222.920,221.600,222.910,64
20260323142900,221.580,222.910,221.570,222.860,81
20260323143000,221.240,222.850,221.240,222.780,67
20260323143100,221.310,222.750,221.300,221.310,85
20260323143200,222.000,222.000,220.240,221.870,140
20260323143300,220.320,221.840,220.320,221.790,79
20260323143400,220.410,221.900,220.410,221.290,81
20260323143500,221.880,221.910,220.500,220.510,128
20260323143600,220.640,221.830,220.500,221.690,101
20260323143700,220.620,221.710,220.420,221.630,86
20260323143800,220.410,221.680,220.410,221.040,98
20260323143900,221.670,221.670,220.500,220.620,74
20260323144000,221.720,221.720,220.400,220.530,85
20260323144100,221.160,221.720,220.520,221.600,75
20260323144200,220.580,221.720,220.580,221.660,66
20260323144300,221.670,221.670,220.400,221.580,98
20260323144400,220.600,221.590,220.250,220.280,152
20260323144500,221.500,221.600,220.190,221.570,77
20260323144600,221.560,221.580,220.200,221.470,80
20260323144700,220.220,221.450,220.180,220.180,72
20260323144800,220.170,221.320,220.100,220.100,125
20260323144900,220.130,221.290,220.100,220.200,53
20260323145000,220.170,221.360,220.100,220.160,91
20260323145100,220.620,221.340,220.100,220.820,72
20260323145200,220.840,221.160,220.160,220.160,85
20260323145300,220.140,221.230,220.100,220.140,92
20260323145400,221.190,221.230,220.110,220.180,105
20260323145500,220.690,221.270,220.200,221.270,85
20260323145600,220.970,221.380,220.730,220.760,149
20260323145700,220.760,221.500,220.760,220.780,52
20260323145800,220.780,220.780,220.780,220.780,0
20260323145900,220.780,220.780,220.780,220.780,0
20260323150000,221.500,221.500,221.500,221.500,34
20260324093000,223.870,223.870,223.870,223.870,11
20260324093100,223.740,223.860,222.140,223.040,178
20260324093200,223.750,223.750,222.540,223.210,124
20260324093300,223.600,223.600,222.500,222.880,129
20260324093400,222.830,223.980,222.620,223.980,188
20260324093500,223.890,224.380,223.200,223.710,74
20260324093600,223.880,223.880,222.800,222.800,104
20260324093700,222.740,223.580,222.740,222.750,46
20260324093800,223.210,223.430,222.810,223.090,33
20260324093900,223.470,223.490,223.090,223.110,45
20260324094000,223.510,223.620,223.000,223.060,157
20260324094100,223.610,223.870,223.020,223.610,55
20260324094200,223.880,224.240,223.280,223.400,361
20260324094300,223.190,224.900,222.810,224.800,236
20260324094400,224.350,224.680,223.970,224.520,95
20260324094500,224.020,224.020,222.430,222.650,113
20260324094600,222.990,223.830,222.660,223.830,307
20260324094700,223.450,223.800,223.040,223.040,75
20260324094800,223.040,223.070,222.900,223.070,341
20260324094900,222.960,223.560,222.940,223.370,119
20260324095000,223.300,223.300,222.830,223.230,56
20260324095100,223.140,223.150,222.720,222.940,48
20260324095200,223.160,223.960,223.100,223.880,61
20260324095300,223.360,223.360,222.860,223.070,32
20260324095400,223.040,223.540,222.900,222.900,326
20260324095500,223.310,223.310,222.500,222.500,31
20260324095600,222.500,222.630,222.500,222.540,26
20260324095700,222.260,222.530,222.120,222.530,31
20260324095800,222.530,222.730,222.310,222.510,30
20260324095900,222.330,222.560,222.120,222.370,58
20260324100000,222.710,223.030,222.570,222.740,30
20260324100100,222.960,222.960,222.560,222.560,44
20260324100200,222.800,223.090,222.380,223.090,116
20260324100300,222.940,223.760,222.940,223.660,64
20260324100400,223.630,223.750,223.540,223.730,48
20260324100500,223.730,224.280,223.730,224.280,59
20260324100600,224.550,225.490,224.550,225.090,483
20260324100700,224.990,225.470,224.960,225.470,111
20260324100800,225.480,225.750,224.700,224.740,165
20260324100900,224.730,224.970,224.670,224.970,43
20260324101000,224.690,225.240,224.550,225.240,184
20260324101100,225.260,225.300,224.850,225.050,48
20260324101200,225.050,225.180,224.950,224.950,34
20260324101300,224.950,225.040,224.340,225.000,169
20260324101400,224.680,224.680,224.270,224.270,33
20260324101500,224.650,224.650,224.400,224.430,20
20260324101600,224.340,224.340,223.910,223.920,34
20260324101700,223.910,224.390,223.910,224.110,61
20260324101800,224.790,224.790,224.330,224.330,39
20260324101900,224.290,224.590,223.810,223.810,83
20260324102000,223.810,223.890,223.510,223.510,49
20260324102100,224.090,224.090,223.490,223.810,24
20260324102200,224.070,224.500,223.950,224.030,27
20260324102300,224.030,224.730,224.030,224.390,44
20260324102400,224.670,224.670,224.220,224.670,70
20260324102500,224.380,225.130,224.380,224.710,43
20260324102600,224.650,225.050,224.650,225.020,35
20260324102700,225.060,225.060,224.570,224.600,27
20260324102800,225.010,225.480,224.590,225.480,70
20260324102900,225.490,225.680,225.120,225.590,61
20260324103000,225.590,225.780,225.560,225.760,47
20260324103100,225.770,225.900,225.460,225.900,93
20260324103200,225.890,225.900,225.490,225.510,24
20260324103300,225.820,226.360,225.580,226.300,154
20260324103400,226.180,226.200,225.940,226.030,66
20260324103500,225.940,226.170,225.940,226.160,31
20260324103600,225.970,226.260,225.940,225.940,33
20260324103700,226.160,226.270,225.940,225.940,27
20260324103800,225.910,226.260,225.830,226.100,85
20260324103900,226.270,226.280,226.100,226.100,22
20260324104000,226.280,226.280,225.690,225.690,55
20260324104100,225.700,225.700,225.470,225.470,21
20260324104200,225.160,225.190,225.010,225.010,23
20260324104300,225.010,225.380,225.010,225.310,26
20260324104400,225.660,225.690,225.430,225.620,46
20260324104500,225.430,225.610,225.430,225.430,15
20260324104600,225.430,225.890,225.430,225.460,40
20260324104700,225.900,225.980,225.580,225.600,19
20260324104800,225.610,225.990,225.600,225.610,15
20260324104900,225.990,225.990,224.930,225.060,83
20260324105000,225.060,225.260,224.960,225.250,32
20260324105100,225.260,225.280,224.820,225.280,37
20260324105200,224.900,225.280,224.900,224.900,23
20260324105300,224.880,225.310,224.680,225.020,27
20260324105400,225.020,225.460,224.920,224.920,56
20260324105500,225.280,225.280,224.700,225.170,15
20260324105600,225.190,225.190,224.740,224.770,42
20260324105700,224.680,224.680,224.050,224.050,109
20260324105800,224.000,224.000,223.280,223.280,123
20260324105900,223.280,223.910,223.230,223.260,65
20260324110000,223.910,223.980,223.500,223.510,60
20260324110100,223.530,223.820,223.520,223.820,55
20260324110200,223.550,223.800,223.480,223.800,24
20260324110300,223.850,224.220,223.610,224.220,21
20260324110400,223.810,224.240,223.810,224.240,20
20260324110500,223.820,224.210,223.730,223.730,24
20260324110600,223.730,224.080,223.730,223.730,18
20260324110700,223.730,223.730,223.680,223.700,8
20260324110800,223.690,224.090,223.690,223.690,27
20260324110900,224.040,224.040,223.580,223.580,34
20260324111000,223.490,223.520,223.130,223.280,110
20260324111100,223.140,223.700,223.140,223.610,52
20260324111200,223.610,223.610,223.520,223.520,10
20260324111300,223.200,223.490,223.190,223.450,28
20260324111400,223.460,223.460,223.210,223.320,21
20260324111500,223.320,223.480,223.240,223.250,12
20260324111600,223.250,223.250,223.240,223.240,7
20260324111700,223.260,223.260,223.250,223.260,11
20260324111800,223.260,223.810,223.260,223.790,39
20260324111900,223.790,223.800,223.360,223.790,17
20260324112000,223.420,223.840,223.420,223.460,45
20260324112100,223.810,223.950,223.580,223.580,25
20260324112200,223.580,223.880,223.550,223.550,18
20260324112300,223.860,223.860,223.560,223.850,43
20260324112400,223.580,223.960,223.560,223.880,27
20260324112500,223.580,223.860,223.560,223.560,18
20260324112600,223.560,223.880,223.560,223.880,31
20260324112700,223.880,223.880,223.560,223.560,21
20260324112800,223.520,223.520,223.330,223.340,45
20260324112900,223.340,223.470,223.280,223.470,26
20260324113000,223.550,223.730,223.490,223.490,16
20260324130100,223.490,223.920,223.310,223.620,128
20260324130200,223.690,225.270,223.690,224.260,151
20260324130300,224.440,224.870,224.390,224.800,10
20260324130400,224.790,224.800,224.390,224.640,36
20260324130500,224.540,225.000,224.280,224.280,40
20260324130600,224.380,224.680,224.140,224.140,39
20260324130700,224.210,224.210,223.570,223.640,19
20260324130800,223.650,223.920,223.650,223.650,19
20260324130900,223.650,223.850,223.560,223.560,33
20260324131000,223.850,223.860,223.550,223.570,16
20260324131100,223.900,224.680,223.900,224.240,79
20260324131200,224.250,224.250,224.180,224.180,8
20260324131300,224.120,224.380,223.780,224.270,28
20260324131400,224.300,224.300,223.870,223.880,36
20260324131500,223.870,223.870,223.860,223.860,10
20260324131600,224.220,224.230,223.870,223.890,21
20260324131700,223.890,224.260,223.890,224.260,22
20260324131800,224.260,224.270,223.900,224.270,14
20260324131900,224.260,224.270,223.960,223.960,24
20260324132000,223.960,224.300,223.960,223.960,34
20260324132100,223.960,224.260,223.960,224.260,8
20260324132200,224.320,224.370,223.960,224.370,33
20260324132300,224.400,224.430,224.030,224.030,23
20260324132400,224.370,224.370,223.970,223.970,20
20260324132500,223.970,223.970,223.760,223.760,20
20260324132600,223.570,223.870,223.470,223.870,20
20260324132700,223.410,223.860,223.410,223.450,12
20260324132800,223.460,223.830,223.460,223.820,26
20260324132900,223.500,223.870,223.500,223.500,17
20260324133000,223.480,223.840,223.480,223.480,31
20260324133100,223.820,223.820,223.500,223.780,20
20260324133200,223.510,223.820,223.510,223.820,14
20260324133300,223.520,223.840,223.510,223.510,30
20260324133400,223.680,223.850,223.510,223.830,34
20260324133500,223.930,224.040,223.900,224.020,20
20260324133600,224.020,224.150,223.740,223.740,23
20260324133700,223.740,224.150,223.740,223.740,28
20260324133800,223.750,224.020,223.750,223.770,11
20260324133900,223.740,223.880,223.640,223.880,28
20260324134000,223.650,224.240,223.650,223.990,46
20260324134100,224.280,224.300,223.990,223.990,13
20260324134200,224.360,224.490,223.990,224.180,31
20260324134300,224.080,224.490,224.080,224.490,23
20260324134400,224.100,224.480,223.540,223.540,80
20260324134500,223.760,223.760,223.550,223.550,8
20260324134600,223.540,224.130,223.540,224.130,18
20260324134700,224.110,224.110,223.600,224.100,23
20260324134800,223.650,223.960,223.650,223.740,23
20260324134900,223.650,223.870,223.620,223.620,11
20260324135000,223.610,223.870,223.610,223.630,17
20260324135100,223.830,223.830,223.630,223.630,14
20260324135200,223.620,223.850,223.620,223.630,15
20260324135300,223.860,223.870,223.600,223.600,15
20260324135400,223.600,223.600,223.590,223.590,16
20260324135500,223.560,223.870,223.550,223.550,11
20260324135600,223.860,223.860,223.320,223.330,36
20260324135700,223.320,223.630,223.320,223.330,16
20260324135800,223.330,223.870,223.330,223.440,21
20260324135900,223.860,223.860,223.450,223.470,29
20260324140000,223.460,223.950,223.460,223.950,23
20260324140100,223.520,223.930,223.520,223.520,28
20260324140200,223.520,223.920,223.430,223.430,43
20260324140300,223.440,223.820,223.430,223.430,15
20260324140400,223.430,223.580,223.260,223.260,24
20260324140500,223.640,223.860,223.320,223.600,18
20260324140600,223.980,223.990,223.590,223.590,15
20260324140700,223.590,224.040,223.590,223.630,21
20260324140800,224.020,224.030,223.610,223.620,23
20260324140900,223.620,224.000,223.620,223.680,55
20260324141000,224.000,224.010,223.690,223.960,21
20260324141100,223.690,224.000,223.690,224.000,23
20260324141200,224.000,224.000,223.730,223.740,20
20260324141300,223.740,224.000,223.740,223.750,13
20260324141400,223.750,224.000,223.730,223.730,24
20260324141500,224.000,224.010,223.720,223.720,71
20260324141600,224.030,224.040,223.750,223.750,28
20260324141700,223.750,224.060,223.750,224.060,15
20260324141800,224.090,224.800,223.930,224.380,93
20260324141900,224.750,224.790,224.390,224.430,34
20260324142000,224.750,224.750,224.410,224.740,18
20260324142100,224.420,224.790,224.400,224.790,73
20260324142200,224.620,225.000,224.610,224.670,91
20260324142300,224.660,225.190,224.660,225.190,57
20260324142400,224.770,225.190,224.770,225.150,39
20260324142500,224.790,225.200,224.790,224.810,61
20260324142600,225.170,225.190,224.850,224.890,28
20260324142700,224.880,225.180,224.600,224.600,114
20260324142800,224.610,224.780,224.510,224.760,30
20260324142900,224.780,224.880,224.540,224.550,104
20260324143000,224.830,225.250,224.570,225.250,426
20260324143100,225.300,225.430,225.260,225.410,72
20260324143200,225.460,225.580,225.440,225.470,52
20260324143300,225.470,225.560,225.420,225.560,46
20260324143400,225.560,225.800,225.330,225.470,69
20260324143500,225.460,225.520,225.310,225.520,22
20260324143600,225.540,225.930,225.540,225.760,61
20260324143700,225.760,225.920,225.660,225.830,31
20260324143800,225.920,225.920,225.750,225.750,40
20260324143900,225.730,225.740,225.510,225.530,69
20260324144000,225.530,225.650,225.530,225.650,23
20260324144100,225.530,225.530,224.930,225.190,228
20260324144200,225.190,225.460,225.190,225.460,13
20260324144300,225.200,225.490,225.200,225.200,25
20260324144400,225.300,225.880,225.300,225.880,40
20260324144500,225.450,225.490,225.350,225.490,20
20260324144600,225.380,225.860,225.360,225.540,94
20260324144700,225.550,225.910,225.550,225.890,27
20260324144800,225.740,225.930,225.690,225.910,65
20260324144900,225.910,226.100,225.910,225.950,54
20260324145000,226.160,226.160,225.910,225.910,28
20260324145100,225.850,226.120,225.600,226.060,97
20260324145200,226.060,226.060,225.620,225.620,69
20260324145300,225.610,225.830,225.340,225.390,24
20260324145400,225.440,225.830,225.440,225.510,28
20260324145500,225.530,225.820,225.450,225.760,80
20260324145600,225.820,225.880,225.370,225.410,55
20260324145700,225.430,226.040,225.390,225.520,64
20260324145800,225.520,225.520,225.520,225.520,0
20260324145900,225.520,225.520,225.520,225.520,0
20260324150000,225.950,225.950,225.950,225.950,72
20260325093000,232.880,232.880,232.880,232.880,249
20260325093100,233.330,238.590,233.330,238.410,569
20260325093200,238.870,239.990,238.870,239.500,632
20260325093300,239.590,239.590,238.360,238.380,392
20260325093400,238.350,239.420,237.790,239.420,524
20260325093500,239.500,239.500,238.580,239.500,532
20260325093600,239.500,241.870,239.390,241.260,693
20260325093700,241.370,241.370,239.570,240.620,328
20260325093800,240.610,241.800,240.190,241.780,429
20260325093900,241.750,241.930,241.300,241.900,317
20260325094000,241.980,242.740,241.750,242.740,658
20260325094100,242.800,243.880,242.110,242.110,598
20260325094200,241.580,242.010,241.060,241.460,135
20260325094300,241.060,242.540,241.060,241.830,128
20260325094400,242.190,242.190,240.000,240.510,114
20260325094500,240.580,240.900,240.480,240.480,70
20260325094600,240.410,241.840,240.410,241.520,131
20260325094700,241.350,241.570,240.910,241.230,123
20260325094800,241.570,242.000,241.230,241.230,199
20260325094900,241.250,242.780,241.250,242.220,292
20260325095000,242.710,243.040,241.970,242.710,213
20260325095100,242.680,243.500,241.460,243.500,509
20260325095200,243.500,243.600,243.290,243.460,81
20260325095300,243.340,243.340,241.600,242.200,103
20260325095400,241.470,241.470,240.200,240.200,120
20260325095500,240.050,240.770,240.050,240.290,31
20260325095600,240.760,240.760,240.000,240.030,94
20260325095700,240.010,240.760,240.000,240.750,47
20260325095800,240.040,240.040,239.040,239.420,332
20260325095900,239.740,239.740,239.020,239.520,70
20260325100000,239.180,240.270,239.180,239.490,196
20260325100100,239.540,239.880,239.310,239.690,51
20260325100200,239.350,239.880,239.350,239.660,40
20260325100300,239.550,239.850,239.150,239.850,67
20260325100400,239.400,239.700,239.170,239.230,44
20260325100500,239.230,239.700,239.190,239.230,36
20260325100600,239.170,239.700,239.170,239.700,72
20260325100700,239.690,240.300,239.270,240.300,78
20260325100800,240.000,240.770,240.000,240.570,117
20260325100900,240.580,240.770,240.200,240.620,51
20260325101000,240.620,240.620,240.210,240.210,19
20260325101100,240.170,240.610,239.880,240.040,174
20260325101200,240.260,240.260,239.830,239.830,28
20260325101300,239.910,239.910,239.400,239.400,62
20260325101400,239.400,239.830,238.900,238.900,96
20260325101500,238.800,238.930,238.400,238.550,46
20260325101600,238.600,239.900,238.600,239.680,60
20260325101700,239.820,239.980,239.440,239.450,39
20260325101800,239.450,239.450,239.440,239.440,6
20260325101900,239.700,239.710,239.500,239.710,30
20260325102000,239.820,240.190,239.820,239.820,93
20260325102100,240.000,240.000,239.820,239.820,59
20260325102200,239.820,239.980,239.680,239.960,22
20260325102300,239.560,239.910,239.560,239.910,12
20260325102400,239.980,239.980,239.580,239.590,18
20260325102500,239.870,239.870,238.800,238.800,76
20260325102600,239.220,239.550,238.910,239.520,68
20260325102700,239.470,239.470,238.900,239.270,33
20260325102800,239.460,239.460,238.700,239.260,48
20260325102900,238.770,239.330,238.770,239.290,12
20260325103000,238.750,239.250,238.620,238.620,66
20260325103100,238.750,239.500,238.750,239.500,75
20260325103200,239.500,239.500,239.370,239.380,20
20260325103300,239.370,239.600,239.320,239.500,39
20260325103400,239.500,239.590,238.920,238.930,24
20260325103500,238.940,239.370,238.900,239.010,17
20260325103600,239.150,239.360,238.960,239.330,31
20260325103700,239.270,239.270,239.000,239.000,14
20260325103800,238.950,239.240,238.950,238.950,6
20260325103900,239.240,239.240,238.940,239.130,11
20260325104000,238.950,239.130,238.950,239.130,4
20260325104100,239.120,239.510,238.940,239.510,66
20260325104200,239.560,239.670,239.080,239.100,22
20260325104300,239.100,239.100,238.630,238.630,55
20260325104400,238.620,238.860,238.620,238.860,14
20260325104500,238.870,238.990,238.680,238.990,16
20260325104600,238.820,238.940,238.630,238.630,62
20260325104700,238.800,238.930,238.640,238.640,16
20260325104800,238.810,238.890,238.600,238.600,28
20260325104900,238.550,238.550,237.450,238.030,297
20260325105000,238.000,238.000,237.920,237.920,11
20260325105100,238.000,238.370,237.840,238.170,49
20260325105200,238.140,238.140,237.450,237.450,99
20260325105300,237.850,238.020,237.460,237.840,26
20260325105400,237.850,237.850,237.850,237.850,12
20260325105500,237.850,237.850,237.850,237.850,4
20260325105600,238.150,238.370,238.150,238.360,29
20260325105700,238.250,238.480,238.040,238.410,43
20260325105800,238.400,238.400,238.080,238.080,4
20260325105900,238.480,238.480,238.000,238.000,19
20260325110000,238.440,238.500,238.440,238.500,11
20260325110100,238.450,238.920,238.370,238.370,76
20260325110200,238.730,238.780,238.500,238.500,17
20260325110300,238.360,238.360,238.360,238.360,8
20260325110400,238.750,238.760,238.750,238.760,4
20260325110500,238.770,238.770,238.770,238.770,2
20260325110600,238.850,239.000,238.490,238.510,112
20260325110700,238.740,239.190,238.700,239.110,25
20260325110800,239.240,239.290,239.000,239.290,12
20260325110900,239.290,239.290,239.290,239.290,0
20260325111000,238.770,238.770,238.770,238.770,2
20260325111100,238.720,239.060,238.600,238.760,60
20260325111200,238.490,238.490,238.490,238.490,14
20260325111300,238.490,238.490,238.490,238.490,0
20260325111400,238.500,238.500,237.960,237.960,42
20260325111500,237.900,238.000,237.880,237.880,30
20260325111600,237.850,238.330,237.840,238.330,65
20260325111700,238.400,238.410,238.230,238.360,34
20260325111800,237.980,237.980,237.970,237.970,11
20260325111900,237.970,237.970,237.970,237.970,0
20260325112000,238.200,238.280,238.200,238.280,19
20260325112100,238.200,238.450,238.170,238.430,36
20260325112200,238.500,238.650,238.250,238.360,33
20260325112300,238.260,238.760,238.260,238.300,26
20260325112400,238.300,238.660,238.300,238.660,11
20260325112500,238.660,238.660,238.660,238.660,0
20260325112600,238.700,238.700,238.330,238.540,18
20260325112700,238.670,238.670,238.360,238.530,58
20260325112800,238.670,238.670,238.220,238.220,158
20260325112900,238.260,238.260,238.260,238.260,4
20260325113000,238.290,238.290,238.290,238.290,2
20260325130100,237.890,238.000,237.450,237.450,261
20260325130200,237.310,237.310,236.300,236.550,382
20260325130300,236.400,237.170,236.400,236.600,148
20260325130400,237.120,237.120,236.650,236.660,11
20260325130500,236.660,236.660,236.660,236.660,0
20260325130600,236.930,237.220,236.930,237.220,35
20260325130700,237.270,237.280,236.700,237.160,93
20260325130800,237.220,237.220,236.050,236.680,351
20260325130900,236.540,236.790,235.880,236.130,96
20260325131000,236.110,236.190,236.100,236.190,19
20260325131100,236.520,236.530,236.300,236.300,28
20260325131200,236.300,236.460,236.080,236.080,24
20260325131300,236.000,236.250,235.990,236.250,31
20260325131400,236.120,236.120,235.890,235.900,12
20260325131500,235.880,236.000,235.800,235.810,30
20260325131600,236.010,236.090,235.790,236.000,35
20260325131700,236.090,236.090,235.800,235.800,46
20260325131800,235.730,236.000,235.590,235.600,104
20260325131900,235.650,235.650,235.650,235.650,2
20260325132000,235.660,235.710,235.660,235.710,5
20260325132100,235.870,235.870,235.870,235.870,4
20260325132200,235.820,235.900,235.820,235.900,7
20260325132300,236.000,236.000,235.510,235.960,72
20260325132400,235.890,235.890,235.890,235.890,2
20260325132500,235.990,235.990,235.590,235.590,44
20260325132600,235.630,236.000,235.600,235.810,43
20260325132700,236.030,236.690,236.030,236.660,22
20260325132800,236.150,236.150,236.150,236.150,1
20260325132900,236.620,236.620,236.160,236.610,8
20260325133000,236.590,236.590,236.590,236.590,2
20260325133100,236.650,237.040,236.280,236.880,195
20260325133200,236.880,236.980,236.270,236.270,24
20260325133300,236.270,236.700,236.270,236.670,21
20260325133400,236.670,236.670,236.670,236.670,0
20260325133500,236.410,236.620,236.250,236.620,48
20260325133600,236.150,236.740,236.150,236.740,21
20260325133700,236.620,236.760,236.400,236.760,20
20260325133800,236.660,236.710,236.500,236.710,7
20260325133900,236.720,236.760,236.600,236.760,35
20260325134000,236.960,236.960,236.960,236.960,2
20260325134100,236.770,236.960,236.770,236.960,13
20260325134200,236.760,236.860,236.630,236.630,42
20260325134300,236.730,236.730,236.500,236.620,37
20260325134400,236.160,236.620,236.030,236.080,166
20260325134500,236.280,236.280,236.080,236.080,41
20260325134600,236.080,236.270,236.020,236.130,51
20260325134700,236.140,236.150,236.100,236.150,19
20260325134800,236.180,236.180,236.160,236.160,11
20260325134900,236.150,236.180,236.150,236.170,14
20260325135000,236.270,236.270,236.000,236.060,77
20260325135100,236.150,236.670,236.100,236.670,65
20260325135200,236.690,236.690,236.270,236.270,32
20260325135300,236.340,236.340,236.060,236.110,39
20260325135400,236.110,236.110,236.110,236.110,2
20260325135500,236.110,236.110,235.610,235.800,231
20260325135600,235.800,236.200,235.790,236.200,33
20260325135700,236.310,236.310,235.720,235.720,8
20260325135800,236.200,236.340,236.080,236.080,35
20260325135900,236.100,236.100,236.100,236.100,2
20260325140000,236.110,236.110,236.090,236.090,14
20260325140100,236.080,236.350,235.720,235.770,48
20260325140200,235.880,235.880,235.810,235.810,4
20260325140300,235.810,236.090,235.810,235.950,16
20260325140400,235.880,235.990,235.820,235.830,36
20260325140500,235.970,235.970,235.970,235.970,2
20260325140600,235.970,236.130,235.840,235.840,18
20260325140700,235.840,236.170,235.630,236.040,78
20260325140800,236.050,236.300,235.840,235.910,24
20260325140900,235.700,235.700,235.700,235.700,2
20260325141000,235.740,235.740,235.100,235.100,136
20260325141100,235.330,235.330,234.510,234.510,183
20260325141200,234.520,234.530,234.050,234.050,119
20260325141300,234.050,234.310,234.020,234.140,83
20260325141400,234.020,234.410,233.620,234.260,102
20260325141500,233.940,234.870,233.940,234.870,94
20260325141600,235.200,235.980,235.000,235.320,48
20260325141700,235.580,235.580,235.580,235.580,2
20260325141800,235.390,235.390,235.280,235.350,48
20260325141900,235.560,235.950,235.560,235.790,34
20260325142000,235.790,235.790,235.560,235.560,30
20260325142100,235.560,235.670,235.410,235.410,33
20260325142200,235.580,235.580,235.390,235.390,8
20260325142300,235.560,236.150,235.330,235.790,95
20260325142400,235.790,235.940,235.790,235.930,13
20260325142500,235.760,235.760,235.760,235.760,10
20260325142600,235.340,235.810,235.340,235.670,32
20260325142700,235.810,235.910,235.640,235.910,8
20260325142800,235.900,235.900,235.870,235.900,15
20260325142900,235.930,235.930,235.650,235.650,84
20260325143000,235.910,235.910,235.520,235.520,78
20260325143100,235.730,235.730,235.490,235.490,184
20260325143200,235.460,235.590,235.340,235.590,33
20260325143300,235.590,235.590,235.590,235.590,2
20260325143400,235.920,235.920,235.490,235.910,130
20260325143500,235.500,235.910,235.430,235.430,35
20260325143600,235.660,235.780,235.340,235.360,62
20260325143700,235.490,235.750,235.000,235.010,157
20260325143800,235.160,235.530,235.020,235.530,14
20260325143900,235.670,235.920,235.610,235.610,55
20260325144000,235.690,236.060,235.690,236.060,12
20260325144100,236.010,236.010,235.590,235.590,55
20260325144200,235.960,235.970,235.590,235.840,14
20260325144300,235.960,235.960,235.960,235.960,5
20260325144400,235.810,235.970,235.810,235.950,9
20260325144500,236.010,236.040,235.740,235.940,43
20260325144600,236.100,236.150,235.840,235.990,33
20260325144700,236.110,236.130,236.000,236.130,25
20260325144800,236.020,236.130,236.010,236.130,46
20260325144900,236.010,236.130,236.000,236.130,35
20260325145000,236.110,236.110,235.870,235.870,44
20260325145100,236.170,236.280,236.000,236.010,150
20260325145200,235.910,236.280,235.880,236.280,169
20260325145300,236.310,236.320,235.170,235.420,247
20260325145400,235.980,235.980,235.480,235.480,243
20260325145500,235.940,236.010,235.570,235.620,87
20260325145600,235.630,235.870,235.030,235.270,224
20260325145700,235.290,236.010,235.290,235.830,86
20260325145800,235.830,235.830,235.830,235.830,0
20260325145900,235.830,235.830,235.830,235.830,0
20260325150000,236.000,236.000,236.000,236.000,102
20260326093000,236.000,236.000,236.000,236.000,23
20260326093100,236.000,237.700,235.640,237.100,129
20260326093200,237.110,237.770,235.970,236.650,94
20260326093300,236.390,237.100,235.840,237.100,77
20260326093400,237.320,237.900,237.120,237.730,184
20260326093500,237.950,238.400,237.150,237.150,110
20260326093600,236.800,238.040,236.500,237.660,144
20260326093700,237.120,237.800,237.120,237.800,74
20260326093800,238.220,238.220,237.580,237.580,59
20260326093900,237.580,237.980,237.390,237.390,52
20260326094000,237.400,238.000,237.350,237.470,70
20260326094100,237.520,239.500,237.520,239.400,142
20260326094200,239.530,239.530,238.860,239.480,145
20260326094300,239.430,239.500,238.390,238.390,72
20260326094400,238.990,239.500,238.830,239.500,79
20260326094500,239.110,240.970,239.110,240.800,214
20260326094600,240.610,241.330,239.980,239.980,163
20260326094700,240.030,240.030,237.990,237.990,182
20260326094800,237.620,238.080,237.310,237.350,52
20260326094900,237.320,237.340,237.080,237.080,53
20260326095000,237.080,237.470,236.660,237.250,246
20260326095100,236.650,236.820,236.510,236.820,44
20260326095200,236.650,236.680,236.650,236.680,10
20260326095300,236.850,237.360,236.700,237.360,106
20260326095400,237.360,237.360,236.500,237.010,36
20260326095500,236.650,237.450,236.650,237.440,38
20260326095600,237.170,237.170,236.650,236.780,79
20260326095700,237.440,237.810,237.170,237.630,76
20260326095800,237.180,237.590,237.170,237.590,22
20260326095900,237.360,238.720,237.100,238.720,164
20260326100000,238.960,239.340,238.620,238.680,69
20260326100100,238.700,239.250,237.830,237.830,76
20260326100200,237.780,238.170,237.780,237.780,14
20260326100300,237.740,237.740,237.680,237.740,19
20260326100400,237.660,237.660,237.560,237.560,14
20260326100500,237.520,237.530,237.520,237.530,13
20260326100600,237.560,237.710,237.410,237.450,26
20260326100700,237.250,237.260,236.630,237.200,41
20260326100800,237.440,237.450,237.440,237.450,6
20260326100900,237.450,237.450,237.250,237.250,30
20260326101000,237.390,237.430,237.380,237.380,18
20260326101100,237.200,237.750,237.200,237.680,41
20260326101200,237.740,237.740,237.520,237.520,6
20260326101300,237.500,237.780,237.400,237.780,28
20260326101400,237.780,237.850,237.420,237.850,12
20260326101500,237.450,237.850,237.450,237.850,7
20260326101600,237.880,238.400,237.880,238.010,31
20260326101700,238.520,238.530,237.890,238.460,18
20260326101800,237.910,238.400,237.910,238.400,6
20260326101900,238.060,238.420,238.000,238.420,16
20260326102000,237.920,238.400,237.920,238.330,19
20260326102100,238.140,238.140,237.910,237.910,22
20260326102200,237.910,237.910,237.870,237.870,27
20260326102300,237.910,238.360,237.910,237.940,63
20260326102400,238.530,238.980,238.410,238.450,96
20260326102500,238.410,238.780,237.980,237.980,37
20260326102600,238.000,238.290,237.990,238.290,11
20260326102700,238.300,238.300,238.030,238.030,21
20260326102800,237.980,237.990,237.980,237.980,9
20260326102900,238.520,238.880,238.520,238.870,107
20260326103000,238.890,239.320,238.890,238.910,41
20260326103100,239.170,239.220,238.740,238.740,72
20260326103200,238.630,238.630,238.040,238.040,10
20260326103300,238.790,238.790,237.950,237.950,106
20260326103400,237.950,238.280,237.550,238.280,33
20260326103500,238.000,238.280,238.000,238.280,8
20260326103600,238.150,238.260,238.000,238.260,6
20260326103700,238.000,238.010,238.000,238.010,4
20260326103800,237.650,237.650,237.050,237.050,93
20260326103900,237.050,237.050,236.620,236.650,27
20260326104000,236.680,237.220,236.680,237.100,39
20260326104100,237.280,237.320,237.280,237.300,21
20260326104200,237.510,237.620,237.320,237.620,17
20260326104300,237.630,237.810,237.600,237.810,8
20260326104400,237.820,237.860,237.820,237.860,23
20260326104500,237.990,237.990,237.850,237.990,8
20260326104600,238.040,238.250,237.870,238.250,14
20260326104700,238.190,238.190,238.190,238.190,2
20260326104800,237.890,237.900,237.890,237.900,8
20260326104900,237.790,237.870,237.610,237.870,26
20260326105000,237.850,237.850,237.850,237.850,2
20260326105100,237.680,237.680,237.600,237.600,12
20260326105200,237.490,237.680,237.330,237.330,40
20260326105300,237.330,237.430,237.300,237.370,31
20260326105400,237.300,237.660,237.300,237.350,28
20260326105500,237.550,237.560,237.550,237.560,9
20260326105600,237.430,237.430,237.300,237.300,23
20260326105700,237.640,237.640,237.300,237.300,13
20260326105800,237.460,238.200,237.410,238.200,58
20260326105900,238.210,238.260,238.000,238.100,54
20260326110000,238.090,238.100,238.030,238.030,14
20260326110100,238.050,238.050,237.890,237.890,33
20260326110200,238.030,238.250,238.030,238.250,18
20260326110300,238.250,238.270,238.200,238.270,20
20260326110400,238.220,238.220,237.360,238.220,188
20260326110500,238.510,238.510,238.260,238.260,64
20260326110600,238.020,238.160,237.500,238.140,110
20260326110700,238.140,238.140,238.140,238.140,0
20260326110800,238.300,238.470,238.300,238.300,19
20260326110900,238.400,238.400,238.270,238.270,8
20260326111000,238.320,238.320,238.320,238.320,2
20260326111100,238.300,238.540,238.300,238.540,29
20260326111200,238.540,238.540,238.540,238.540,0
20260326111300,238.210,238.210,237.880,237.880,39
20260326111400,238.170,238.180,237.860,237.860,6
20260326111500,237.860,237.860,237.860,237.860,0
20260326111600,238.060,238.060,238.040,238.040,4
20260326111700,238.040,238.230,238.040,238.230,4
20260326111800,238.240,238.240,238.040,238.240,9
20260326111900,238.250,238.250,238.040,238.190,12
20260326112000,237.940,237.940,237.850,237.940,16
20260326112100,237.600,238.100,237.600,237.700,85
20260326112200,237.670,238.060,237.660,238.060,6
20260326112300,237.680,238.190,237.680,238.190,11
20260326112400,238.190,238.190,238.190,238.190,0
20260326112500,238.200,239.460,238.200,238.940,265
20260326112600,238.880,239.920,238.880,239.920,190
20260326112700,239.700,240.010,239.700,240.000,152
20260326112800,239.940,240.570,239.940,240.570,99
20260326112900,240.040,240.450,240.010,240.450,19
20260326113000,240.490,240.490,240.490,240.490,4
20260326130100,240.000,240.010,239.220,239.560,171
20260326130200,239.380,240.020,239.380,240.020,30
20260326130300,239.800,240.030,239.540,239.540,9
20260326130400,239.650,240.000,239.540,239.540,15
20260326130500,239.900,239.920,239.900,239.920,8
20260326130600,239.980,239.980,239.450,239.450,24
20260326130700,239.340,239.750,239.330,239.340,53
20260326130800,239.820,239.820,239.160,239.710,38
20260326130900,238.950,238.950,238.950,238.950,4
20260326131000,238.830,239.300,238.820,239.300,48
20260326131100,238.950,239.300,238.950,239.300,32
20260326131200,238.940,239.190,238.830,238.830,50
20260326131300,238.830,238.830,238.260,238.810,79
20260326131400,238.450,238.810,237.690,238.440,161
20260326131500,239.340,239.570,239.010,239.570,105
20260326131600,239.700,239.900,239.300,239.300,65
20260326131700,239.360,239.960,239.350,239.960,105
20260326131800,239.540,239.970,239.540,239.550,8
20260326131900,239.520,239.520,239.520,239.520,2
20260326132000,239.520,239.520,239.520,239.520,4
20260326132100,239.590,239.950,239.590,239.600,26
20260326132200,239.600,239.780,239.360,239.780,15
20260326132300,239.120,239.980,239.120,239.380,92
20260326132400,239.420,239.530,239.020,239.020,36
20260326132500,239.560,239.570,239.500,239.500,6
20260326132600,240.000,240.000,239.000,239.000,92
20260326132700,238.640,238.640,238.340,238.420,27
20260326132800,238.920,238.940,238.360,238.940,24
20260326132900,238.930,238.940,238.470,238.470,9
20260326133000,238.470,238.470,238.470,238.470,0
20260326133100,238.690,238.930,238.690,238.930,14
20260326133200,238.800,238.800,238.520,238.520,22
20260326133300,238.520,238.520,238.160,238.160,28
20260326133400,238.160,238.390,238.160,238.390,10
20260326133500,238.400,238.400,238.340,238.340,18
20260326133600,238.760,238.800,238.760,238.800,12
20260326133700,238.650,238.650,238.010,238.010,25
20260326133800,238.010,238.010,238.010,238.010,13
20260326133900,238.100,238.400,238.000,238.400,22
20260326134000,238.640,238.640,238.620,238.620,38
20260326134100,238.620,238.620,238.620,238.620,0
20260326134200,238.650,238.770,238.650,238.770,20
20260326134300,238.770,238.770,238.700,238.700,15
20260326134400,238.640,238.700,238.640,238.700,130
20260326134500,238.400,238.400,238.400,238.400,2
20260326134600,238.400,238.700,238.200,238.380,119
20260326134700,237.840,237.840,237.550,237.560,104
20260326134800,237.570,238.350,237.570,238.350,45
20260326134900,237.850,238.960,237.850,238.340,72
20260326135000,238.640,238.640,238.640,238.640,4
20260326135100,238.650,238.650,238.380,238.380,10
20260326135200,238.630,238.850,238.500,238.500,10
20260326135300,238.980,238.980,238.980,238.980,2
20260326135400,238.880,238.890,238.610,238.730,9
20260326135500,238.730,238.980,238.610,238.980,7
20260326135600,238.980,238.980,238.510,238.510,21
20260326135700,238.510,238.510,238.510,238.510,0
20260326135800,238.510,238.510,238.140,238.140,74
20260326135900,238.370,238.370,238.370,238.370,2
20260326140000,238.130,238.380,238.130,238.380,5
20260326140100,238.180,238.980,238.180,238.910,26
20260326140200,238.920,238.940,238.920,238.940,4
20260326140300,238.600,239.270,238.600,239.250,69
20260326140400,239.240,239.240,238.730,238.750,32
20260326140500,238.750,238.750,238.750,238.750,0
20260326140600,238.820,239.440,238.820,239.180,18
20260326140700,238.850,238.850,238.710,238.710,20
20260326140800,238.700,238.840,238.700,238.840,4
20260326140900,238.640,238.640,238.400,238.400,21
20260326141000,238.390,238.390,238.310,238.310,17
20260326141100,238.400,238.400,238.400,238.400,2
20260326141200,238.610,238.700,238.600,238.700,18
20260326141300,238.700,239.000,238.700,239.000,9
20260326141400,238.700,238.700,238.570,238.570,21
20260326141500,238.590,238.600,238.590,238.600,16
20260326141600,238.610,238.630,238.540,238.630,17
20260326141700,238.690,238.690,238.460,238.460,10
20260326141800,238.470,238.730,238.470,238.600,23
20260326141900,238.500,238.500,238.500,238.500,2
20260326142000,238.540,238.620,238.540,238.620,21
20260326142100,238.580,238.700,238.530,238.540,22
20260326142200,238.560,238.680,238.560,238.630,11
20260326142300,238.620,238.670,238.620,238.670,8
20260326142400,238.670,238.670,238.410,238.570,22
20260326142500,238.670,239.210,238.640,239.210,181
20260326142600,239.290,239.290,238.980,239.260,24
20260326142700,239.280,239.280,239.010,239.010,12
20260326142800,238.850,239.040,238.850,238.960,48
20260326142900,238.950,239.080,238.950,238.970,10
20260326143000,238.900,239.310,238.810,239.310,52
20260326143100,239.310,239.310,239.100,239.310,31
20260326143200,239.250,239.260,238.910,239.260,72
20260326143300,238.940,238.940,238.940,238.940,8
20260326143400,238.940,239.260,238.940,239.260,21
20260326143500,239.260,239.260,239.260,239.260,15
20260326143600,239.250,239.310,239.220,239.220,14
20260326143700,239.220,239.370,239.170,239.170,25
20260326143800,239.230,239.230,239.230,239.230,34
20260326143900,238.970,239.210,238.950,239.210,14
20260326144000,239.210,239.210,238.920,239.040,15
20260326144100,239.000,239.200,239.000,239.040,29
20260326144200,239.000,239.000,238.870,238.870,29
20260326144300,238.870,239.040,238.870,239.020,16
20260326144400,239.020,239.020,238.970,238.970,21
20260326144500,238.940,238.970,238.850,238.850,17
20260326144600,238.800,238.910,238.680,238.890,110
20260326144700,238.910,238.970,238.860,238.860,15
20260326144800,238.850,238.850,238.580,238.850,41
20260326144900,238.580,238.850,238.550,238.590,72
20260326145000,238.600,238.880,238.590,238.590,63
20260326145100,238.560,238.880,238.560,238.720,18
20260326145200,238.900,238.900,238.610,238.640,89
20260326145300,238.890,238.990,238.890,238.990,13
20260326145400,239.000,239.000,238.590,238.600,36
20260326145500,238.620,238.950,238.620,238.680,18
20260326145600,239.020,239.230,238.730,238.750,92
20260326145700,239.230,239.250,238.940,239.250,28
20260326145800,239.250,239.250,239.250,239.250,0
20260326145900,239.250,239.250,239.250,239.250,0
20260326150000,238.920,238.920,238.920,238.920,81
20260327093000,240.490,240.490,240.490,240.490,34
20260327093100,240.490,240.490,236.770,238.730,149
20260327093200,238.770,240.000,238.770,239.600,140
20260327093300,238.840,239.640,238.260,239.500,79
20260327093400,239.900,240.960,239.300,240.900,184
20260327093500,240.910,241.120,239.300,239.300,160
20260327093600,240.070,240.070,239.230,239.690,141
20260327093700,239.690,240.000,239.380,239.630,105
20260327093800,240.400,240.400,240.080,240.400,21
20260327093900,240.400,240.890,240.400,240.470,43
20260327094000,240.080,242.310,240.080,242.310,303
20260327094100,242.400,243.500,242.170,242.960,311
20260327094200,242.480,242.800,241.940,242.000,103
20260327094300,242.000,242.000,241.600,241.600,69
20260327094400,241.650,242.000,241.510,241.510,37
20260327094500,241.530,241.530,241.260,241.280,24
20260327094600,241.410,241.800,241.410,241.800,48
20260327094700,241.980,242.490,241.710,242.490,44
20260327094800,242.700,243.390,242.500,243.300,239
20260327094900,243.100,243.100,242.010,242.010,47
20260327095000,242.420,242.460,241.080,241.080,60
20260327095100,241.570,241.570,240.610,240.710,124
20260327095200,240.710,240.980,240.690,240.980,26
20260327095300,241.010,241.200,240.790,241.200,34
20260327095400,241.200,241.500,240.990,240.990,19
20260327095500,241.000,241.000,240.490,240.490,24
20260327095600,240.490,240.760,240.420,240.450,32
20260327095700,240.480,240.480,240.300,240.420,32
20260327095800,240.420,240.670,240.400,240.420,25
20260327095900,240.670,241.010,240.670,241.000,32
20260327100000,241.390,241.750,241.390,241.750,41
20260327100100,241.530,241.650,241.000,241.000,59
20260327100200,241.110,241.210,241.110,241.210,28
20260327100300,241.340,241.360,241.210,241.220,15
20260327100400,241.500,241.500,241.500,241.500,12
20260327100500,241.360,241.360,241.070,241.070,24
20260327100600,241.230,241.610,240.710,241.090,90
20260327100700,241.050,241.880,240.960,241.880,79
20260327100800,242.030,242.780,241.510,242.780,198
20260327100900,242.390,242.780,242.300,242.300,63
20260327101000,242.700,242.700,242.660,242.700,64
20260327101100,242.680,242.680,242.000,242.000,42
20260327101200,242.000,242.050,241.520,241.580,27
20260327101300,241.560,241.810,240.860,240.860,32
20260327101400,240.910,241.060,240.520,241.060,34
20260327101500,241.410,243.680,241.400,243.050,900
20260327101600,243.020,243.170,242.510,242.940,175
20260327101700,243.160,243.810,243.160,243.300,271
20260327101800,243.180,243.470,243.180,243.470,47
20260327101900,243.480,243.790,243.230,243.790,59
20260327102000,243.760,243.780,243.470,243.560,57
20260327102100,243.840,243.900,243.440,243.470,116
20260327102200,243.480,243.800,243.190,243.200,88
20260327102300,243.200,243.460,243.150,243.450,27
20260327102400,243.210,243.220,242.700,242.760,88
20260327102500,243.090,243.090,242.480,242.480,97
20260327102600,242.470,242.470,242.150,242.210,40
20260327102700,242.220,242.950,242.000,242.920,171
20260327102800,242.930,242.930,242.400,242.870,69
20260327102900,242.980,242.980,242.580,242.580,12
20260327103000,242.550,242.550,242.190,242.210,37
20260327103100,242.230,242.500,242.230,242.500,82
20260327103200,242.300,242.580,242.240,242.580,83
20260327103300,242.580,242.940,242.540,242.540,14
20260327103400,242.880,243.000,242.880,242.940,88
20260327103500,242.930,242.930,242.570,242.590,51
20260327103600,242.590,242.940,242.590,242.610,27
20260327103700,242.780,242.780,242.580,242.580,17
20260327103800,242.290,242.680,242.290,242.470,78
20260327103900,242.290,242.520,242.270,242.270,26
20260327104000,242.240,242.320,242.240,242.310,18
20260327104100,242.660,242.660,242.470,242.630,52
20260327104200,242.590,242.730,242.320,242.730,76
20260327104300,242.710,243.290,242.710,243.240,58
20260327104400,242.790,243.220,242.780,242.800,95
20260327104500,242.800,242.820,242.590,242.710,45
20260327104600,242.500,242.500,242.320,242.480,27
20260327104700,242.410,242.410,242.380,242.380,6
20260327104800,242.360,242.430,242.360,242.420,22
20260327104900,242.420,242.500,242.420,242.430,19
20260327105000,242.430,242.710,242.430,242.710,9
20260327105100,242.710,243.190,242.710,242.890,49
20260327105200,242.890,243.150,242.770,242.770,21
20260327105300,242.720,243.080,242.720,243.080,10
20260327105400,243.060,243.080,242.770,243.080,31
20260327105500,243.080,243.080,242.670,242.700,36
20260327105600,243.000,243.010,242.700,242.700,33
20260327105700,242.740,242.920,242.560,242.920,7
20260327105800,242.920,243.180,242.610,242.620,43
20260327105900,242.980,242.990,242.610,242.990,18
20260327110000,243.670,244.520,243.670,243.990,511
20260327110100,243.990,244.500,243.870,243.970,86
20260327110200,244.500,246.070,244.500,246.070,518
20260327110300,246.100,246.220,245.500,245.500,82
20260327110400,245.850,246.660,245.850,246.660,99
20260327110500,246.660,246.660,245.340,245.990,91
20260327110600,245.740,245.740,245.460,245.500,36
20260327110700,245.440,245.440,245.070,245.070,62
20260327110800,245.220,246.500,245.220,246.500,89
20260327110900,246.450,246.600,245.970,246.600,92
20260327111000,246.570,246.600,245.900,245.900,34
20260327111100,245.900,245.900,245.190,245.760,62
20260327111200,246.500,246.500,245.780,246.410,26
20260327111300,246.490,246.490,246.000,246.430,70
20260327111400,246.430,246.560,246.430,246.560,56
20260327111500,246.220,246.720,246.150,246.650,317
20260327111600,246.600,246.600,245.830,245.920,52
20260327111700,245.750,246.740,245.720,246.160,52
20260327111800,246.690,246.990,246.270,246.640,131
20260327111900,246.160,246.800,246.160,246.700,14
20260327112000,246.700,246.700,246.300,246.700,12
20260327112100,246.690,246.700,245.830,246.150,118
20260327112200,245.800,246.150,245.800,246.150,10
20260327112300,246.150,246.650,246.020,246.100,161
20260327112400,246.060,246.060,245.650,245.650,60
20260327112500,245.040,245.640,245.040,245.100,37
20260327112600,245.630,245.930,245.150,245.930,59
20260327112700,245.360,246.310,245.360,245.360,96
20260327112800,246.010,246.160,245.350,245.430,41
20260327112900,245.750,245.750,245.160,245.160,79
20260327113000,245.150,245.150,244.570,244.580,22
20260327130100,245.640,245.990,245.000,245.650,98
20260327130200,245.620,246.500,245.280,245.940,94
20260327130300,245.930,246.380,245.580,245.960,46
20260327130400,246.020,246.120,245.390,245.450,14
20260327130500,245.410,246.450,245.410,245.650,45
20260327130600,246.260,246.260,245.600,245.660,21
20260327130700,246.250,246.260,245.460,246.260,87
20260327130800,246.300,246.330,245.720,245.780,45
20260327130900,245.780,246.250,245.600,245.600,47
20260327131000,246.000,246.260,245.550,246.240,226
20260327131100,246.000,246.000,245.940,246.000,14
20260327131200,246.200,246.500,245.780,245.780,60
20260327131300,246.350,246.350,246.000,246.020,45
20260327131400,246.020,246.450,246.020,246.020,32
20260327131500,246.500,246.570,246.030,246.570,87
20260327131600,246.120,246.700,246.120,246.330,171
20260327131700,246.700,246.730,246.270,246.710,94
20260327131800,246.760,247.490,246.760,247.490,246
20260327131900,247.490,247.500,246.710,246.740,70
20260327132000,246.880,247.440,246.880,247.340,30
20260327132100,247.340,247.440,246.880,247.280,82
20260327132200,247.290,247.300,247.290,247.300,29
20260327132300,247.100,247.180,247.100,247.100,11
20260327132400,247.180,247.300,247.180,247.300,50
20260327132500,247.390,247.650,247.390,247.650,93
20260327132600,247.730,247.980,247.730,247.980,75
20260327132700,247.980,247.980,247.740,247.910,13
20260327132800,247.910,247.980,247.750,247.970,48
20260327132900,247.780,248.240,247.780,248.240,104
20260327133000,248.240,248.310,247.780,248.110,40
20260327133100,248.110,248.570,248.110,248.570,51
20260327133200,248.490,248.700,248.490,248.680,70
20260327133300,248.680,248.900,248.300,248.760,112
20260327133400,248.740,248.740,248.400,248.500,16
20260327133500,248.500,248.800,248.500,248.800,38
20260327133600,248.420,248.800,248.410,248.800,30
20260327133700,248.800,248.880,248.430,248.880,36
20260327133800,248.790,248.980,248.790,248.980,108
20260327133900,248.980,249.110,248.980,249.110,56
20260327134000,249.210,249.380,248.910,249.110,35
20260327134100,248.790,248.900,248.790,248.900,19
20260327134200,248.880,248.880,248.450,248.880,23
20260327134300,248.450,248.900,248.450,248.900,27
20260327134400,248.460,248.900,248.450,248.670,33
20260327134500,248.620,248.630,248.450,248.490,50
20260327134600,248.540,248.540,248.440,248.540,14
20260327134700,248.440,248.440,248.380,248.380,34
20260327134800,248.380,248.380,248.060,248.060,15
20260327134900,248.060,248.330,248.060,248.330,29
20260327135000,248.330,249.380,248.330,249.380,165
20260327135100,249.390,249.510,249.020,249.450,130
20260327135200,249.450,249.600,249.450,249.600,37
20260327135300,249.130,249.600,249.130,249.150,56
20260327135400,248.520,249.350,248.520,248.670,35
20260327135500,248.670,249.100,248.520,248.840,53
20260327135600,248.950,249.490,248.740,249.440,43
20260327135700,249.410,249.420,248.200,248.830,51
20260327135800,248.860,249.360,248.210,248.590,51
20260327135900,248.590,249.030,248.480,248.930,79
20260327140000,248.480,248.970,248.410,248.410,61
20260327140100,248.490,248.490,248.120,248.120,23
20260327140200,248.170,248.170,247.560,247.560,67
20260327140300,248.140,248.240,248.140,248.240,18
20260327140400,247.570,248.240,247.570,248.230,32
20260327140500,247.740,248.060,247.690,247.710,16
20260327140600,248.200,248.230,247.870,247.870,19
20260327140700,247.870,248.170,247.870,248.050,15
20260327140800,248.110,248.110,247.850,247.860,15
20260327140900,247.860,248.050,247.860,248.000,11
20260327141000,248.000,248.000,247.840,247.900,23
20260327141100,247.810,247.810,247.570,247.570,25
20260327141200,247.570,247.810,247.500,247.580,85
20260327141300,247.590,247.590,247.260,247.300,97
20260327141400,247.240,247.240,246.500,246.550,71
20260327141500,246.550,246.960,246.550,246.800,27
20260327141600,246.830,246.930,246.800,246.930,11
20260327141700,246.940,247.260,246.940,247.210,179
20260327141800,247.080,247.580,246.940,246.940,56
20260327141900,247.330,247.330,246.900,247.100,45
20260327142000,247.110,247.590,247.110,247.580,31
20260327142100,247.140,247.590,247.140,247.590,15
20260327142200,247.590,247.590,247.590,247.590,7
20260327142300,247.590,247.590,247.160,247.590,23
20260327142400,247.590,247.690,247.390,247.690,20
20260327142500,247.390,247.410,247.390,247.410,18
20260327142600,247.410,247.690,247.250,247.250,32
20260327142700,247.450,247.450,247.280,247.320,14
20260327142800,247.270,247.270,247.220,247.220,8
20260327142900,247.220,247.220,247.200,247.200,18
20260327143000,247.200,247.200,247.160,247.160,13
20260327143100,247.180,247.270,247.130,247.130,65
20260327143200,247.140,247.140,246.730,246.730,33
20260327143300,246.680,246.680,246.560,246.560,24
20260327143400,246.560,247.090,246.560,247.080,42
20260327143500,247.080,247.080,246.790,246.790,20
20260327143600,246.790,247.080,246.770,246.790,30
20260327143700,246.790,247.180,246.790,247.180,18
20260327143800,247.180,247.180,246.810,246.810,22
20260327143900,246.810,246.810,246.490,246.600,55
20260327144000,246.610,247.150,246.580,246.590,23
20260327144100,246.580,247.140,246.580,246.730,29
20260327144200,246.770,246.770,246.700,246.700,10
20260327144300,246.700,246.700,246.460,246.490,29
20260327144400,246.650,247.090,246.510,247.060,38
20260327144500,247.080,247.110,246.630,246.650,90
20260327144600,246.660,246.660,246.620,246.620,37
20260327144700,246.610,246.620,246.570,246.590,52
20260327144800,246.600,247.000,246.600,246.660,33
20260327144900,246.950,246.950,246.640,246.670,36
20260327145000,246.610,247.100,246.610,246.680,50
20260327145100,246.690,246.910,246.560,246.610,71
20260327145200,246.500,246.560,246.300,246.300,124
20260327145300,246.310,246.310,246.270,246.300,25
20260327145400,246.310,246.830,246.300,246.690,43
20260327145500,246.690,246.820,246.280,246.710,25
20260327145600,246.730,246.830,246.540,246.830,23
20260327145700,246.400,246.990,246.400,246.960,22
20260327145800,246.960,246.960,246.960,246.960,0
20260327145900,246.960,246.960,246.960,246.960,0
20260327150000,246.970,246.970,246.970,246.970,71
20260330093000,246.000,246.000,246.000,246.000,33
20260330093100,246.000,249.000,245.600,249.000,144
20260330093200,249.000,249.230,246.000,246.990,128
20260330093300,246.910,246.910,246.000,246.240,85
20260330093400,246.240,246.730,245.860,246.350,27
20260330093500,246.230,247.000,245.540,247.000,126
20260330093600,247.160,248.510,246.520,248.510,249
20260330093700,247.630,248.180,247.090,247.890,157
20260330093800,247.900,247.900,247.030,247.580,98
20260330093900,247.560,247.590,246.710,246.710,36
20260330094000,246.780,247.570,246.780,247.110,26
20260330094100,247.500,247.600,246.410,246.410,159
20260330094200,246.540,247.090,246.410,247.000,37
20260330094300,247.500,247.500,246.730,246.730,74
20260330094400,246.690,247.160,246.410,246.510,62
20260330094500,246.530,247.140,246.530,246.650,28
20260330094600,246.620,247.150,245.870,246.710,91
20260330094700,246.130,246.140,245.970,245.980,84
20260330094800,245.870,247.090,245.870,246.450,49
20260330094900,246.460,246.880,245.750,245.770,61
20260330095000,245.770,246.150,245.700,245.730,72
20260330095100,245.760,246.190,245.200,245.250,78
20260330095200,245.250,245.500,245.020,245.140,50
20260330095300,245.070,245.730,245.060,245.340,131
20260330095400,245.320,246.160,245.290,245.600,79
20260330095500,245.560,246.330,245.560,246.210,53
20260330095600,246.210,246.560,246.210,246.370,29
20260330095700,246.370,246.740,246.080,246.320,22
20260330095800,246.380,247.360,246.380,247.000,85
20260330095900,246.780,247.720,246.780,247.380,66
20260330100000,247.400,247.810,247.110,247.810,155
20260330100100,247.820,248.360,247.190,248.360,148
20260330100200,248.360,248.840,248.270,248.280,51
20260330100300,248.280,248.290,247.260,247.260,42
20260330100400,247.830,248.260,247.430,248.070,31
20260330100500,247.940,248.300,247.730,248.190,26
20260330100600,248.120,248.660,248.080,248.140,41
20260330100700,248.140,248.140,247.510,248.140,21
20260330100800,248.530,248.530,247.700,248.010,31
20260330100900,248.310,248.600,248.020,248.140,40
20260330101000,248.680,248.850,248.400,248.530,47
20260330101100,248.800,248.800,248.080,248.080,29
20260330101200,248.080,248.380,247.530,247.640,61
20260330101300,247.890,247.890,247.660,247.660,8
20260330101400,247.640,248.130,247.530,247.600,46
20260330101500,248.030,248.030,247.540,247.540,13
20260330101600,247.570,248.280,247.410,247.960,69
20260330101700,248.000,248.340,247.660,248.180,42
20260330101800,248.380,248.380,247.610,247.610,23
20260330101900,247.770,247.770,247.610,247.610,7
20260330102000,247.610,247.610,247.260,247.260,3
20260330102100,246.880,246.880,246.090,246.100,75
20260330102200,246.110,246.110,245.580,245.580,22
20260330102300,245.810,245.810,245.400,245.580,52
20260330102400,245.590,246.440,245.590,246.440,24
20260330102500,246.390,246.530,245.880,246.130,10
20260330102600,246.100,246.110,246.020,246.110,28
20260330102700,246.040,246.310,245.900,246.050,18
20260330102800,245.970,246.360,245.920,245.920,20
20260330102900,246.330,246.340,246.330,246.340,6
20260330103000,245.900,246.310,245.500,245.500,44
20260330103100,245.500,245.950,245.210,245.210,63
20260330103200,245.200,245.870,245.200,245.230,63
20260330103300,245.780,245.780,244.940,245.200,118
20260330103400,244.770,244.770,243.630,244.140,506
20260330103500,244.240,244.800,244.000,244.110,383
20260330103600,244.870,245.250,244.500,245.030,34
20260330103700,245.040,245.440,244.540,245.340,34
20260330103800,245.360,245.360,244.730,244.730,14
20260330103900,245.150,245.150,244.100,244.100,29
20260330104000,244.110,244.110,244.110,244.110,2
20260330104100,244.500,244.600,244.210,244.600,19
20260330104200,244.220,244.600,244.180,244.180,54
20260330104300,244.190,245.370,244.190,245.050,47
20260330104400,244.890,245.340,244.890,245.340,17
20260330104500,244.890,245.440,244.890,245.440,10
20260330104600,245.460,245.720,245.460,245.670,36
20260330104700,245.660,245.810,245.210,245.810,18
20260330104800,245.920,246.200,245.260,245.570,52
20260330104900,245.980,246.100,245.650,246.100,25
20260330105000,246.500,246.700,246.100,246.670,17
20260330105100,246.680,246.680,246.010,246.010,30
20260330105200,246.510,246.840,246.090,246.840,67
20260330105300,246.860,246.860,246.300,246.340,21
20260330105400,246.840,246.850,246.840,246.850,4
20260330105500,246.830,246.830,246.340,246.800,13
20260330105600,246.800,246.970,246.350,246.970,136
20260330105700,246.890,246.890,246.890,246.890,50
20260330105800,246.890,247.050,246.430,246.620,32
20260330105900,246.520,246.930,246.520,246.930,11
20260330110000,246.590,246.960,246.510,246.590,12
20260330110100,246.890,246.890,246.510,246.510,8
20260330110200,246.880,246.890,246.520,246.520,16
20260330110300,246.840,246.840,246.510,246.510,12
20260330110400,246.440,246.810,246.430,246.590,24
20260330110500,246.570,246.570,246.450,246.560,6
20260330110600,246.590,246.590,246.450,246.450,8
20260330110700,246.780,246.830,246.750,246.800,29
20260330110800,246.800,246.970,246.800,246.970,44
20260330110900,246.910,247.280,246.570,246.910,49
20260330111000,246.780,246.910,246.300,246.300,45
20260330111100,246.970,246.970,246.410,246.550,58
20260330111200,246.520,246.940,246.510,246.510,8
20260330111300,246.950,246.950,246.520,246.850,6
20260330111400,246.840,246.840,246.140,246.510,52
20260330111500,246.060,246.780,246.060,246.220,13
20260330111600,246.220,246.280,246.220,246.280,21
20260330111700,246.280,246.280,246.280,246.280,0
20260330111800,246.500,246.500,246.190,246.190,11
20260330111900,246.490,246.500,246.490,246.500,9
20260330112000,246.180,246.530,246.180,246.530,18
20260330112100,246.530,246.530,246.200,246.500,19
20260330112200,246.520,246.560,246.420,246.420,17
20260330112300,246.540,246.540,246.540,246.540,3
20260330112400,246.520,246.590,246.520,246.560,13
20260330112500,246.620,246.910,246.620,246.910,58
20260330112600,247.260,247.400,246.570,246.570,46
20260330112700,247.050,247.050,246.510,246.510,6
20260330112800,246.560,246.560,246.550,246.550,20
20260330112900,246.570,246.570,246.200,246.450,52
20260330113000,246.860,246.860,246.470,246.470,41
20260330130100,246.500,246.500,244.530,246.380,108
20260330130200,246.060,246.940,246.060,246.440,31
20260330130300,246.120,246.420,246.120,246.420,11
20260330130400,246.410,246.440,246.120,246.440,15
20260330130500,246.500,246.850,246.130,246.210,34
20260330130600,246.220,246.730,246.220,246.730,21
20260330130700,246.660,246.660,246.310,246.310,17
20260330130800,246.530,246.620,246.320,246.320,31
20260330130900,246.320,246.330,246.320,246.320,8
20260330131000,246.530,246.990,246.530,246.990,32
20260330131100,246.990,247.370,246.730,247.370,23
20260330131200,247.370,247.480,246.950,247.380,24
20260330131300,247.010,247.340,246.950,246.950,44
20260330131400,246.940,247.090,246.940,247.090,5
20260330131500,247.040,247.040,246.750,246.750,14
20260330131600,246.750,247.010,246.750,247.000,19
20260330131700,246.990,247.090,246.910,247.090,35
20260330131800,247.090,247.450,247.090,247.450,13
20260330131900,247.430,247.570,247.130,247.570,26
20260330132000,247.770,248.320,247.740,248.300,79
20260330132100,247.980,248.220,247.900,247.900,10
20260330132200,247.710,247.830,247.230,247.410,32
20260330132300,247.820,247.820,247.210,247.300,75
20260330132400,247.280,247.680,247.030,247.030,16
20260330132500,247.020,247.570,247.020,247.570,14
20260330132600,247.570,247.710,247.360,247.360,18
20260330132700,247.310,247.780,247.310,247.780,18
20260330132800,247.360,247.820,247.360,247.420,17
20260330132900,247.410,247.810,247.410,247.770,29
20260330133000,247.430,247.720,247.310,247.310,45
20260330133100,247.280,247.660,247.280,247.390,19
20260330133200,247.240,247.670,247.220,247.660,16
20260330133300,247.650,248.180,247.280,248.180,58
20260330133400,248.180,248.200,247.840,247.840,35
20260330133500,248.210,248.210,247.900,247.900,24
20260330133600,248.210,248.450,247.910,248.450,41
20260330133700,248.440,248.440,248.150,248.150,14
20260330133800,248.470,248.860,248.470,248.800,105
20260330133900,248.800,248.800,247.710,247.720,168
20260330134000,247.900,248.330,247.900,247.910,47
20260330134100,248.320,248.330,248.310,248.310,6
20260330134200,248.000,248.430,248.000,248.010,60
20260330134300,248.000,248.460,247.710,248.460,31
20260330134400,248.100,248.600,248.040,248.530,27
20260330134500,248.050,248.410,248.050,248.410,6
20260330134600,248.400,248.410,248.040,248.240,21
20260330134700,248.240,248.240,248.000,248.000,19
20260330134800,247.950,248.420,247.880,248.420,37
20260330134900,248.420,248.420,248.110,248.320,7
20260330135000,248.330,248.440,248.110,248.440,61
20260330135100,248.350,248.640,248.240,248.240,25
20260330135200,248.600,248.620,248.240,248.620,19
20260330135300,248.240,248.870,248.240,248.770,53
20260330135400,248.760,248.780,248.300,248.760,27
20260330135500,248.760,248.760,248.350,248.350,16
20260330135600,248.730,248.730,247.820,248.170,53
20260330135700,248.370,248.370,247.910,247.910,5
20260330135800,247.900,247.900,247.620,247.620,41
20260330135900,247.610,247.610,247.350,247.360,22
20260330140000,247.350,247.580,247.020,247.020,33
20260330140100,246.750,247.280,246.750,247.240,10
20260330140200,246.830,247.240,246.830,246.930,42
20260330140300,247.220,247.250,246.960,247.250,19
20260330140400,247.070,247.220,247.040,247.040,16
20260330140500,246.990,247.070,246.990,247.070,13
20260330140600,247.060,247.060,246.980,246.980,15
20260330140700,247.070,247.220,247.070,247.090,8
20260330140800,247.210,247.210,246.500,246.500,69
20260330140900,246.700,246.700,246.420,246.510,22
20260330141000,246.440,246.880,246.360,246.800,85
20260330141100,246.800,246.800,246.410,246.650,24
20260330141200,246.600,246.740,246.600,246.600,15
20260330141300,246.600,246.740,246.600,246.730,20
20260330141400,246.730,246.730,246.400,246.400,43
20260330141500,246.400,246.510,246.290,246.290,27
20260330141600,246.380,246.380,246.230,246.380,20
20260330141700,246.370,246.900,246.230,246.690,188
20260330141800,246.950,246.950,246.950,246.950,6
20260330141900,246.940,247.220,246.750,247.000,51
20260330142000,247.240,247.700,247.240,247.240,20
20260330142100,247.700,248.130,247.250,247.290,65
20260330142200,247.330,247.740,247.290,247.740,14
20260330142300,247.830,247.980,247.410,247.410,25
20260330142400,247.880,247.930,247.410,247.930,15
20260330142500,247.870,247.900,247.460,247.900,24
20260330142600,247.470,247.890,247.470,247.890,20
20260330142700,247.480,247.860,247.470,247.470,28
20260330142800,247.470,247.860,247.460,247.620,50
20260330142900,247.550,247.860,247.550,247.860,26
20260330143000,247.660,247.830,247.560,247.830,8
20260330143100,247.830,247.830,247.570,247.810,6
20260330143200,247.560,247.820,247.560,247.820,18
20260330143300,247.810,247.830,247.550,247.550,34
20260330143400,247.550,247.830,247.550,247.810,31
20260330143500,247.820,248.880,247.820,248.800,272
20260330143600,248.750,248.750,248.430,248.620,22
20260330143700,248.440,248.690,248.440,248.630,22
20260330143800,248.470,248.480,248.010,248.010,54
20260330143900,248.070,248.210,248.070,248.080,32
20260330144000,248.050,248.400,248.050,248.400,16
20260330144100,248.410,248.410,247.550,247.710,54
20260330144200,247.720,248.030,247.560,248.030,28
20260330144300,248.000,248.010,247.760,248.000,43
20260330144400,248.000,248.420,247.980,247.990,68
20260330144500,248.030,248.430,248.030,248.350,51
20260330144600,248.350,248.350,247.430,247.470,119
20260330144700,247.430,247.430,246.940,247.000,40
20260330144800,247.450,247.470,247.430,247.440,43
20260330144900,247.450,247.490,247.140,247.150,24
20260330145000,247.480,247.480,247.100,247.110,14
20260330145100,247.120,247.300,247.120,247.140,29
20260330145200,247.150,247.390,247.150,247.170,28
20260330145300,247.390,247.880,247.390,247.630,61
20260330145400,247.950,248.180,247.950,248.180,71
20260330145500,248.020,248.050,246.980,247.810,63
20260330145600,247.180,247.430,246.730,247.000,68
20260330145700,246.990,246.990,246.000,246.000,81
20260330145800,246.000,246.000,246.000,246.000,0
20260330145900,246.000,246.000,246.000,246.000,0
20260330150000,246.980,246.980,246.980,246.980,62
20260331093000,247.510,247.510,247.510,247.510,13
20260331093100,247.440,249.890,247.120,249.890,174
20260331093200,250.000,251.750,249.830,250.840,362
20260331093300,250.800,250.880,248.740,250.700,95
20260331093400,250.680,251.900,250.680,251.890,215
20260331093500,251.880,251.880,249.560,249.560,107
20260331093600,249.890,250.340,248.250,248.590,687
20260331093700,248.280,248.660,247.430,248.660,46
20260331093800,249.400,249.730,249.220,249.220,38
20260331093900,249.890,250.800,249.580,249.620,49
20260331094000,250.340,250.880,250.340,250.410,109
20260331094100,250.050,251.010,250.050,250.730,96
20260331094200,251.000,251.440,250.590,251.320,50
20260331094300,251.320,252.640,251.000,252.600,492
20260331094400,252.630,254.810,252.060,254.590,379
20260331094500,254.600,254.600,253.540,253.540,271
20260331094600,253.940,253.940,253.190,253.270,89
20260331094700,253.450,253.450,252.630,253.010,71
20260331094800,253.260,253.990,253.000,253.530,260
20260331094900,253.510,253.520,252.230,252.650,78
20260331095000,253.020,253.020,252.180,252.180,146
20260331095100,252.060,253.280,252.060,252.370,148
20260331095200,252.390,252.880,252.000,252.860,80
20260331095300,252.890,253.000,252.690,253.000,108
20260331095400,253.190,253.190,252.000,252.000,29
20260331095500,252.230,252.560,251.990,252.560,62
20260331095600,252.040,252.370,251.990,252.370,101
20260331095700,252.350,252.350,252.020,252.320,43
20260331095800,252.200,252.550,251.590,252.550,32
20260331095900,252.350,252.350,251.940,251.940,25
20260331100000,251.940,252.570,251.540,251.640,52
20260331100100,252.380,253.900,251.860,253.900,180
20260331100200,253.770,253.900,253.060,253.750,89
20260331100300,253.750,254.380,253.240,253.990,175
20260331100400,253.330,254.000,253.320,253.990,61
20260331100500,253.480,253.960,253.470,253.490,26
20260331100600,253.230,253.230,252.280,252.430,395
20260331100700,252.430,252.700,252.430,252.670,59
20260331100800,252.770,253.190,252.770,253.190,70
20260331100900,253.180,253.370,252.810,253.370,36
20260331101000,252.840,253.290,252.840,252.870,10
20260331101100,252.830,252.830,252.190,252.310,31
20260331101200,252.750,252.890,252.750,252.870,19
20260331101300,252.750,252.840,252.630,252.640,34
20260331101400,252.790,252.870,252.790,252.860,18
20260331101500,252.460,252.870,252.460,252.870,26
20260331101600,252.900,252.900,252.890,252.900,27
20260331101700,252.890,253.440,252.780,253.440,58
20260331101800,252.860,253.380,252.860,253.350,55
20260331101900,252.820,253.340,252.080,252.090,84
20260331102000,252.140,252.530,252.090,252.530,72
20260331102100,252.130,252.140,252.130,252.130,13
20260331102200,252.600,252.600,252.130,252.510,14
20260331102300,252.130,252.550,252.130,252.500,50
20260331102400,252.130,252.130,252.120,252.120,5
20260331102500,252.120,252.490,252.000,252.130,153
20260331102600,252.570,252.570,252.130,252.130,24
20260331102700,252.130,252.610,252.130,252.600,21
20260331102800,252.730,252.800,252.000,252.000,44
20260331102900,252.160,252.440,251.990,252.080,36
20260331103000,252.080,252.790,252.080,252.490,21
20260331103100,252.810,252.810,252.480,252.480,30
20260331103200,252.750,252.760,252.120,252.120,23
20260331103300,252.110,252.420,251.800,252.120,24
20260331103400,252.220,252.320,252.210,252.210,12
20260331103500,252.210,252.210,251.430,251.430,75
20260331103600,251.410,251.800,251.410,251.580,27
20260331103700,251.600,252.300,251.600,252.010,33
20260331103800,252.770,252.770,252.080,252.730,27
20260331103900,252.620,252.620,252.120,252.120,28
20260331104000,252.110,252.610,252.110,252.610,25
20260331104100,252.170,252.620,252.170,252.620,13
20260331104200,252.190,252.990,252.190,252.990,128
20260331104300,253.080,253.460,252.720,253.460,103
20260331104400,253.080,253.430,253.070,253.080,14
20260331104500,253.050,253.050,252.710,252.710,22
20260331104600,252.500,252.500,252.200,252.200,31
20260331104700,252.190,252.500,252.140,252.140,20
20260331104800,252.120,252.220,252.120,252.210,15
20260331104900,252.200,253.040,252.200,253.030,37
20260331105000,253.030,253.030,252.540,253.000,23
20260331105100,252.990,253.330,252.540,252.630,16
20260331105200,252.710,252.710,252.710,252.710,23
20260331105300,252.690,253.270,252.690,253.270,35
20260331105400,253.010,253.040,252.780,252.780,45
20260331105500,252.760,253.250,252.760,253.030,15
20260331105600,252.990,253.270,252.990,253.270,13
20260331105700,253.350,253.360,253.000,253.360,111
20260331105800,253.240,253.500,253.000,253.000,57
20260331105900,252.990,252.990,252.380,252.380,17
20260331110000,252.360,252.360,252.180,252.180,15
20260331110100,252.030,252.380,252.020,252.380,9
20260331110200,252.030,252.970,252.000,252.970,37
20260331110300,252.510,252.920,252.490,252.490,25
20260331110400,252.470,252.470,252.450,252.450,24
20260331110500,252.460,252.460,252.150,252.150,15
20260331110600,252.040,252.040,251.980,251.980,8
20260331110700,252.120,252.120,251.590,251.590,13
20260331110800,251.700,251.700,251.700,251.700,6
20260331110900,251.750,252.100,251.750,252.100,9
20260331111000,252.100,252.130,251.780,252.050,31
20260331111100,252.480,252.480,252.080,252.080,8
20260331111200,252.450,252.450,252.070,252.070,11
20260331111300,252.060,252.060,251.780,251.780,28
20260331111400,252.050,252.060,251.770,251.770,33
20260331111500,252.060,252.060,251.770,252.060,23
20260331111600,251.770,252.180,251.770,252.040,28
20260331111700,252.060,252.270,251.770,251.770,33
20260331111800,251.760,252.230,251.750,252.230,49
20260331111900,252.440,252.440,251.770,252.320,46
20260331112000,252.280,252.280,251.830,251.850,50
20260331112100,251.850,252.130,251.850,251.860,26
20260331112200,251.840,252.090,251.750,251.840,64
20260331112300,252.100,252.160,251.750,252.160,33
20260331112400,252.140,252.310,252.120,252.310,34
20260331112500,252.310,252.440,252.160,252.430,18
20260331112600,252.170,252.670,252.170,252.670,31
20260331112700,252.700,252.880,252.700,252.880,17
20260331112800,252.960,253.050,252.730,253.050,44
20260331112900,253.200,253.290,252.700,253.220,59
20260331113000,253.220,253.330,252.780,253.330,42
20260331130100,252.900,252.900,251.880,252.560,109
20260331130200,252.560,252.720,252.050,252.190,23
20260331130300,252.590,252.670,252.230,252.670,19
20260331130400,252.670,253.000,252.200,252.200,48
20260331130500,252.820,252.900,252.360,252.900,23
20260331130600,252.390,252.850,252.310,252.760,29
20260331130700,252.280,252.740,252.280,252.690,18
20260331130800,252.690,252.690,252.310,252.350,31
20260331130900,252.660,252.670,252.360,252.370,31
20260331131000,252.370,252.370,251.920,252.200,63
20260331131100,251.750,252.130,251.720,252.130,59
20260331131200,252.120,252.120,251.750,251.940,21
20260331131300,251.900,251.900,251.470,251.470,46
20260331131400,251.480,251.580,251.480,251.580,19
20260331131500,251.590,251.910,251.560,251.910,20
20260331131600,251.570,251.910,251.570,251.580,40
20260331131700,251.580,251.890,251.580,251.890,9
20260331131800,251.890,252.560,251.890,252.550,62
20260331131900,252.610,252.900,252.460,252.460,34
20260331132000,252.460,252.680,252.460,252.680,18
20260331132100,252.500,252.500,252.450,252.500,16
20260331132200,252.520,252.920,252.520,252.910,20
20260331132300,252.530,252.990,252.530,252.890,33
20260331132400,252.560,252.560,252.450,252.540,35
20260331132500,252.240,252.970,252.240,252.590,28
20260331132600,252.580,252.890,252.580,252.890,7
20260331132700,252.590,252.900,252.590,252.610,16
20260331132800,252.610,252.900,252.610,252.900,19
20260331132900,252.640,252.900,252.640,252.650,25
20260331133000,252.640,252.640,252.580,252.580,23
20260331133100,252.580,252.770,252.580,252.670,21
20260331133200,252.760,252.990,252.740,252.990,20
20260331133300,253.000,253.000,252.820,253.000,31
20260331133400,252.830,253.200,252.830,253.200,50
20260331133500,253.250,253.260,252.820,252.920,45
20260331133600,252.390,253.090,252.390,253.090,19
20260331133700,253.160,253.160,252.700,252.700,9
20260331133800,252.670,252.670,252.340,252.360,30
20260331133900,252.060,252.070,252.000,252.000,26
20260331134000,251.520,252.010,251.520,251.910,14
20260331134100,251.770,252.060,251.770,251.780,8
20260331134200,251.770,252.050,251.770,252.050,11
20260331134300,252.040,252.050,251.620,252.040,20
20260331134400,252.030,252.130,251.940,252.130,21
20260331134500,252.370,252.370,251.740,252.370,24
20260331134600,252.340,252.500,252.240,252.260,17
20260331134700,251.910,252.260,251.910,252.260,5
20260331134800,252.260,252.780,252.260,252.600,20
20260331134900,252.800,253.000,252.600,253.000,23
20260331135000,252.990,252.990,252.620,252.870,20
20260331135100,252.640,253.000,252.630,252.660,44
20260331135200,252.660,253.000,252.650,253.000,46
20260331135300,252.740,253.000,252.540,252.540,11
20260331135400,252.980,252.980,252.510,252.510,20
20260331135500,252.510,252.700,252.340,252.700,7
20260331135600,252.700,252.800,252.480,252.480,15
20260331135700,252.260,252.800,252.250,252.800,17
20260331135800,252.800,252.800,252.460,252.800,26
20260331135900,252.780,252.800,252.460,252.460,14
20260331140000,252.790,252.810,252.410,252.810,77
20260331140100,252.660,252.760,252.440,252.750,17
20260331140200,252.410,252.410,252.040,252.410,39
20260331140300,252.410,252.410,252.060,252.060,9
20260331140400,252.160,252.160,251.960,251.960,6
20260331140500,252.080,252.410,252.080,252.090,26
20260331140600,251.960,252.060,251.900,252.060,10
20260331140700,251.860,252.270,251.780,252.270,45
20260331140800,252.320,252.410,251.860,252.410,35
20260331140900,252.400,252.410,252.250,252.250,12
20260331141000,251.780,252.410,251.780,252.410,64
20260331141100,252.410,252.410,251.980,252.290,60
20260331141200,252.320,252.400,251.980,252.400,44
20260331141300,252.400,252.410,252.050,252.050,29
20260331141400,252.410,252.990,252.410,252.750,166
20260331141500,252.650,252.650,252.210,252.210,9
20260331141600,252.650,252.650,252.220,252.220,27
20260331141700,252.230,252.230,252.230,252.230,5
20260331141800,252.250,252.550,252.250,252.550,18
20260331141900,252.650,252.850,252.480,252.840,11
20260331142000,252.810,252.880,252.490,252.880,72
20260331142100,252.950,253.180,252.530,252.980,258
20260331142200,252.990,252.990,252.620,252.640,29
20260331142300,252.640,252.990,252.540,252.540,33
20260331142400,252.640,252.650,252.290,252.650,19
20260331142500,252.650,252.890,252.650,252.650,14
20260331142600,252.650,252.870,252.450,252.460,22
20260331142700,252.470,252.470,251.960,251.960,80
20260331142800,252.180,252.180,251.960,252.180,75
20260331142900,252.300,252.370,251.990,252.010,65
20260331143000,252.340,252.340,252.200,252.310,24
20260331143100,252.230,252.460,251.970,252.450,80
20260331143200,252.450,252.450,252.080,252.380,15
20260331143300,252.150,252.160,252.060,252.060,58
20260331143400,252.150,252.150,252.060,252.060,7
20260331143500,252.070,252.070,252.070,252.070,8
20260331143600,252.360,252.360,252.160,252.160,54
20260331143700,252.160,252.360,252.000,252.000,76
20260331143800,251.970,251.970,251.800,251.800,37
20260331143900,251.780,251.810,251.780,251.810,21
20260331144000,251.810,251.880,251.580,251.880,73
20260331144100,251.970,252.220,251.780,252.000,36
20260331144200,252.350,252.360,252.000,252.000,32
20260331144300,252.280,252.290,252.000,252.000,12
20260331144400,252.270,252.270,252.010,252.010,28
20260331144500,252.140,252.160,252.020,252.030,36
20260331144600,252.260,252.370,251.720,251.720,51
20260331144700,251.720,251.800,251.720,251.800,12
20260331144800,251.960,251.960,251.500,251.500,40
20260331144900,251.480,251.570,251.010,251.570,47
20260331145000,251.060,251.550,250.960,250.960,80
20260331145100,250.960,251.000,250.960,250.960,40
20260331145200,250.860,251.120,250.770,250.860,70
20260331145300,250.860,250.860,250.330,250.330,61
20260331145400,250.610,251.360,250.390,251.100,91
20260331145500,251.150,251.220,250.500,250.530,52
20260331145600,250.370,250.790,250.340,250.340,26
20260331145700,250.360,250.950,250.330,250.340,86
20260331145800,250.340,250.340,250.340,250.340,0
20260331145900,250.340,250.340,250.340,250.340,0
20260331150000,249.990,249.990,249.990,249.990,148
20260401093000,252.680,252.680,252.680,252.680,12
20260401093100,252.500,252.500,247.250,249.940,129
20260401093200,249.940,251.610,248.360,250.760,281
20260401093300,250.630,250.760,249.790,250.030,196
20260401093400,250.030,250.200,249.250,250.180,113
20260401093500,249.300,250.090,249.300,249.350,21
20260401093600,249.360,251.600,249.360,251.100,192
20260401093700,251.020,252.000,251.020,252.000,76
20260401093800,251.650,251.980,250.970,251.530,61
20260401093900,251.580,251.770,251.320,251.770,22
20260401094000,251.260,251.770,251.200,251.770,31
20260401094100,251.760,251.760,250.960,250.960,45
20260401094200,250.780,251.260,250.780,250.800,52
20260401094300,251.170,251.170,250.200,250.200,34
20260401094400,250.200,250.970,250.170,250.970,26
20260401094500,251.180,251.320,250.730,251.320,58
20260401094600,251.180,251.180,250.540,250.700,38
20260401094700,250.520,250.520,249.840,249.840,31
20260401094800,250.250,250.690,250.250,250.690,12
20260401094900,251.160,251.160,250.450,250.450,28
20260401095000,250.860,251.450,250.860,251.300,15
20260401095100,251.350,251.400,250.580,250.900,19
20260401095200,250.510,251.130,250.510,251.130,18
20260401095300,250.530,251.130,250.500,250.500,16
20260401095400,250.320,250.690,250.230,250.410,50
20260401095500,250.400,250.510,250.400,250.510,12
20260401095600,250.740,250.740,250.270,250.630,32
20260401095700,250.250,250.260,249.790,249.790,24
20260401095800,250.410,250.540,250.410,250.520,11
20260401095900,250.490,250.490,249.670,250.130,69
20260401100000,250.520,251.800,250.520,251.800,66
20260401100100,251.800,252.440,251.670,252.440,77
20260401100200,252.020,252.440,251.550,251.940,54
20260401100300,251.950,252.220,251.840,251.970,30
20260401100400,252.350,252.760,252.200,252.440,105
20260401100500,252.700,253.020,252.190,252.250,152
20260401100600,252.250,252.960,252.250,252.960,29
20260401100700,252.900,252.900,252.330,252.690,46
20260401100800,252.880,253.250,252.690,253.010,29
20260401100900,252.840,253.560,252.840,253.560,66
20260401101000,253.600,253.800,253.370,253.770,34
20260401101100,253.790,253.790,253.750,253.750,8
20260401101200,253.760,253.930,253.180,253.180,158
20260401101300,253.070,253.550,253.070,253.090,157
20260401101400,253.100,253.510,253.070,253.440,32
20260401101500,253.490,253.730,253.490,253.730,52
20260401101600,253.790,253.890,253.770,253.890,26
20260401101700,253.950,253.950,253.240,253.600,27
20260401101800,253.600,253.600,253.200,253.590,21
20260401101900,253.600,253.700,253.140,253.140,51
20260401102000,253.640,253.640,253.300,253.480,18
20260401102100,253.610,253.660,253.260,253.660,29
20260401102200,253.650,253.770,253.650,253.770,9
20260401102300,253.270,253.660,252.680,252.680,27
20260401102400,252.700,253.270,252.620,253.110,34
20260401102500,253.210,253.380,253.210,253.220,23
20260401102600,253.380,253.380,253.210,253.210,15
20260401102700,253.000,253.340,253.000,253.280,32
20260401102800,253.630,253.650,253.280,253.600,24
20260401102900,253.280,253.280,253.280,253.280,5
20260401103000,253.500,253.500,253.280,253.290,9
20260401103100,253.450,253.700,253.450,253.700,45
20260401103200,253.710,253.710,253.390,253.400,51
20260401103300,253.700,253.730,253.380,253.420,58
20260401103400,253.650,253.800,253.340,253.780,23
20260401103500,253.810,253.810,253.810,253.810,6
20260401103600,253.880,254.460,253.880,254.190,109
20260401103700,254.300,254.400,254.000,254.400,18
20260401103800,254.000,254.430,254.000,254.430,34
20260401103900,254.440,254.540,253.360,253.360,115
20260401104000,253.810,254.000,253.810,254.000,186
20260401104100,254.000,254.160,253.920,254.150,58
20260401104200,254.300,254.300,253.890,253.890,32
20260401104300,254.220,254.290,253.670,254.170,41
20260401104400,254.190,254.300,254.000,254.300,24
20260401104500,254.310,254.340,254.200,254.200,10
20260401104600,254.300,254.500,254.230,254.500,31
20260401104700,254.490,254.880,254.490,254.610,93
20260401104800,254.190,254.280,254.190,254.280,8
20260401104900,254.530,254.730,254.530,254.730,4
20260401105000,254.750,254.750,254.200,254.200,33
20260401105100,254.290,254.290,253.880,254.100,21
20260401105200,254.100,254.100,253.880,253.880,7
20260401105300,253.790,253.790,253.370,253.370,58
20260401105400,253.740,253.740,253.740,253.740,8
20260401105500,253.790,254.030,253.790,254.030,6
20260401105600,254.090,254.090,254.030,254.030,12
20260401105700,254.000,254.000,253.770,253.770,23
20260401105800,253.690,253.760,253.400,253.400,8
20260401105900,253.710,253.970,253.700,253.970,27
20260401110000,253.980,253.980,253.630,253.630,16
20260401110100,254.030,254.040,253.800,253.800,26
20260401110200,253.850,253.850,253.390,253.390,25
20260401110300,253.340,253.350,253.240,253.240,11
20260401110400,252.620,252.900,252.620,252.780,220
20260401110500,252.760,252.770,252.750,252.750,8
20260401110600,252.650,253.030,252.650,253.030,24
20260401110700,253.010,253.030,252.820,252.820,25
20260401110800,252.620,252.810,252.240,252.300,27
20260401110900,252.380,252.980,252.380,252.980,14
20260401111000,253.010,253.010,252.830,252.830,15
20260401111100,252.950,252.950,252.550,252.930,6
20260401111200,252.570,252.590,252.570,252.590,3
20260401111300,252.920,252.920,252.920,252.920,2
20260401111400,252.810,252.810,252.710,252.710,21
20260401111500,252.540,252.540,252.540,252.540,17
20260401111600,252.540,252.550,252.540,252.550,5
20260401111700,252.580,252.580,252.300,252.300,34
20260401111800,252.400,252.400,252.320,252.320,13
20260401111900,252.300,252.300,252.300,252.300,4
20260401112000,252.530,252.800,252.410,252.800,36
20260401112100,252.920,252.920,252.490,252.900,18
20260401112200,252.610,252.900,252.610,252.900,6
20260401112300,252.800,253.000,252.800,253.000,10
20260401112400,252.500,252.500,252.400,252.400,21
20260401112500,252.500,252.500,252.260,252.260,14
20260401112600,252.250,252.500,252.250,252.500,16
20260401112700,252.550,252.550,252.140,252.180,12
20260401112800,252.640,252.900,252.570,252.570,35
20260401112900,252.780,252.780,252.780,252.780,2
20260401113000,252.840,253.000,252.590,253.000,11
20260401130100,253.010,253.010,252.070,252.680,50
20260401130200,252.570,253.530,252.570,253.530,33
20260401130300,253.530,253.640,253.450,253.640,50
20260401130400,253.650,253.690,253.460,253.690,36
20260401130500,253.470,256.790,253.440,256.790,875
20260401130600,256.870,257.670,255.900,256.000,449
20260401130700,255.970,255.970,255.360,255.360,26
20260401130800,255.500,255.500,255.490,255.500,9
20260401130900,255.500,255.500,255.490,255.490,8
20260401131000,255.490,255.490,255.210,255.210,6
20260401131100,255.210,255.260,254.980,255.260,74
20260401131200,255.260,255.490,255.000,255.490,53
20260401131300,255.490,256.570,255.370,255.490,317
20260401131400,255.370,255.370,254.700,254.700,64
20260401131500,254.420,254.420,253.900,253.900,13
20260401131600,254.000,254.000,253.660,253.660,19
20260401131700,254.000,254.370,254.000,254.370,12
20260401131800,254.370,254.420,254.310,254.420,16
20260401131900,254.000,254.390,253.980,254.390,8
20260401132000,254.360,254.360,254.290,254.290,8
20260401132100,254.290,254.420,254.150,254.420,18
20260401132200,254.420,254.910,254.420,254.810,24
20260401132300,254.810,255.670,254.810,255.670,128
20260401132400,255.670,255.670,255.650,255.650,55
20260401132500,255.300,255.720,255.300,255.720,35
20260401132600,255.720,255.730,255.310,255.320,32
20260401132700,255.330,255.770,255.330,255.770,25
20260401132800,255.770,256.000,255.760,256.000,112
20260401132900,256.000,256.000,255.470,255.920,32
20260401133000,255.920,255.990,255.410,255.980,40
20260401133100,255.990,255.990,255.330,255.590,73
20260401133200,255.360,255.980,255.360,255.980,16
20260401133300,255.980,256.080,255.960,255.960,43
20260401133400,255.590,255.630,255.440,255.630,20
20260401133500,255.630,255.630,255.630,255.630,2
20260401133600,255.300,255.300,255.010,255.240,16
20260401133700,254.940,254.970,254.500,254.970,22
20260401133800,254.870,254.970,254.870,254.970,6
20260401133900,254.970,255.540,254.970,255.090,25
20260401134000,255.540,256.020,255.540,256.020,108
20260401134100,256.250,256.660,255.850,255.850,53
20260401134200,256.310,256.310,255.250,255.250,15
20260401134300,255.250,255.250,255.250,255.250,6
20260401134400,255.160,255.600,255.160,255.600,7
20260401134500,255.600,255.600,255.600,255.600,0
20260401134600,255.190,255.190,254.500,254.620,36
20260401134700,254.150,254.930,254.150,254.780,31
20260401134800,254.790,254.820,254.790,254.820,26
20260401134900,255.280,255.280,254.370,254.970,31
20260401135000,254.980,254.980,254.960,254.960,17
20260401135100,255.140,255.260,255.140,255.260,24
20260401135200,255.430,255.570,255.260,255.570,25
20260401135300,255.260,255.260,255.260,255.260,1
20260401135400,254.920,255.580,254.920,255.580,48
20260401135500,255.500,255.910,255.000,255.910,102
20260401135600,255.000,255.640,255.000,255.100,91
20260401135700,255.290,255.290,253.870,254.000,125
20260401135800,253.990,254.000,253.750,254.000,20
20260401135900,253.750,254.000,253.490,253.820,70
20260401140000,253.220,254.000,253.220,254.000,8
20260401140100,253.990,253.990,253.860,253.880,26
20260401140200,253.880,254.370,253.880,253.990,19
20260401140300,254.330,254.520,254.330,254.520,15
20260401140400,254.000,254.060,254.000,254.060,6
20260401140500,253.990,254.300,253.990,254.300,11
20260401140600,254.180,254.210,253.990,254.210,6
20260401140700,254.190,254.190,254.190,254.190,2
20260401140800,253.770,253.770,253.770,253.770,13
20260401140900,253.770,253.770,253.770,253.770,0
20260401141000,253.460,253.850,253.440,253.850,20
20260401141100,253.880,253.910,253.440,253.910,10
20260401141200,253.490,253.490,253.440,253.440,8
20260401141300,253.430,253.430,253.220,253.220,6
20260401141400,253.220,253.220,253.220,253.220,0
20260401141500,253.610,253.910,253.580,253.600,21
20260401141600,253.870,254.040,253.610,254.030,32
20260401141700,254.240,254.370,254.040,254.060,25
20260401141800,254.060,254.060,254.060,254.060,0
20260401141900,254.530,254.530,254.530,254.530,4
20260401142000,254.480,254.480,254.080,254.480,7
20260401142100,254.490,254.550,254.100,254.100,9
20260401142200,254.250,254.250,254.250,254.250,2
20260401142300,254.250,254.260,254.030,254.030,33
20260401142400,253.600,254.010,253.600,253.630,18
20260401142500,254.000,254.000,254.000,254.000,2
20260401142600,254.000,254.000,253.940,254.000,15
20260401142700,254.000,254.000,253.670,253.670,51
20260401142800,253.600,253.970,253.340,253.340,110
20260401142900,253.360,253.840,253.260,253.360,74
20260401143000,253.370,253.430,253.130,253.130,59
20260401143100,253.130,253.370,253.100,253.370,10
20260401143200,253.420,253.770,253.310,253.310,27
20260401143300,253.300,253.300,253.300,253.300,10
20260401143400,253.780,253.780,253.420,253.440,17
20260401143500,253.440,253.750,253.420,253.750,35
20260401143600,253.750,253.750,253.750,253.750,2
20260401143700,253.430,253.430,252.160,252.880,481
20260401143800,252.760,253.100,252.750,252.750,22
20260401143900,253.100,253.100,252.750,253.090,18
20260401144000,253.000,253.000,252.200,252.630,49
20260401144100,252.250,252.250,251.370,251.480,167
20260401144200,251.480,251.570,251.480,251.480,45
20260401144300,251.540,251.930,251.480,251.530,78
20260401144400,251.960,251.980,251.530,251.730,18
20260401144500,251.760,252.190,251.760,251.820,39
20260401144600,251.820,252.190,251.000,251.300,617
20260401144700,251.330,251.950,251.120,251.120,94
20260401144800,251.010,251.460,251.000,251.080,52
20260401144900,251.470,252.120,251.470,251.650,142
20260401145000,251.680,252.190,251.680,251.800,42
20260401145100,252.250,252.250,251.680,251.680,54
20260401145200,251.670,251.940,251.670,251.940,35
20260401145300,251.690,252.220,251.600,251.680,62
20260401145400,251.180,252.080,251.180,251.630,102
20260401145500,251.630,251.910,251.340,251.910,74
20260401145600,252.290,252.300,251.780,251.790,24
20260401145700,251.790,252.280,251.670,252.270,40
20260401145800,252.270,252.270,252.270,252.270,0
20260401145900,252.270,252.270,252.270,252.270,0
20260401150000,252.250,252.250,252.250,252.250,36
20260402093000,254.000,254.000,254.000,254.000,16
20260402093100,253.800,253.800,250.050,253.230,241
20260402093200,253.220,253.220,250.510,250.510,77
20260402093300,250.510,250.910,250.510,250.910,55
20260402093400,251.000,252.530,251.000,251.180,222
20260402093500,251.030,251.030,250.730,250.760,68
20260402093600,250.680,251.030,249.810,250.770,265
20260402093700,250.670,251.780,250.660,251.780,88
20260402093800,252.300,252.390,251.710,251.780,47
20260402093900,251.790,251.790,251.110,251.110,42
20260402094000,251.110,251.560,251.110,251.450,41
20260402094100,251.460,251.690,251.110,251.110,17
20260402094200,251.410,252.230,251.180,251.840,44
20260402094300,252.010,252.010,251.490,251.990,37
20260402094400,251.500,252.230,251.500,252.230,58
20260402094500,252.380,253.300,252.240,253.260,51
20260402094600,253.200,253.270,252.780,252.780,60
20260402094700,252.480,252.820,252.140,252.140,66
20260402094800,252.600,252.600,251.480,252.190,63
20260402094900,251.890,252.090,251.550,251.550,35
20260402095000,251.990,252.400,251.750,252.060,81
20260402095100,251.820,252.310,251.770,252.060,35
20260402095200,251.880,251.910,251.740,251.740,9
20260402095300,251.740,252.450,251.740,252.450,19
20260402095400,252.660,253.000,252.550,252.980,37
20260402095500,252.980,252.980,252.560,252.940,19
20260402095600,252.570,253.010,252.570,253.010,18
20260402095700,253.160,253.450,253.000,253.300,89
20260402095800,253.450,253.630,253.030,253.030,11
20260402095900,253.010,253.040,252.760,253.040,12
20260402100000,253.040,253.480,253.040,253.360,25
20260402100100,253.360,253.640,253.360,253.640,28
20260402100200,253.360,253.360,252.960,253.350,63
20260402100300,253.350,253.350,252.920,252.930,50
20260402100400,253.330,253.330,252.940,253.330,73
20260402100500,253.150,253.660,253.150,253.660,27
20260402100600,253.350,253.600,252.950,252.950,23
20260402100700,253.330,253.330,252.820,252.820,27
20260402100800,252.810,253.330,252.810,253.330,41
20260402100900,253.330,253.330,252.810,252.820,21
20260402101000,252.540,252.820,252.450,252.820,20
20260402101100,253.090,253.210,252.510,253.210,36
20260402101200,253.030,253.030,252.020,252.030,49
20260402101300,252.030,252.540,252.000,252.260,33
20260402101400,252.010,252.010,251.490,251.520,32
20260402101500,251.880,252.480,251.880,252.480,34
20260402101600,252.470,252.600,252.170,252.170,27
20260402101700,252.260,252.310,251.590,251.830,84
20260402101800,251.810,252.280,251.800,252.280,28
20260402101900,252.190,252.280,251.800,252.280,67
20260402102000,251.820,252.300,251.820,251.850,24
20260402102100,251.880,252.250,251.710,251.780,47
20260402102200,251.780,252.330,251.780,252.330,21
20260402102300,252.520,252.520,251.860,252.410,50
20260402102400,252.410,252.410,251.600,251.600,47
20260402102500,251.460,251.460,251.370,251.370,10
20260402102600,251.300,251.300,251.110,251.110,12
20260402102700,251.050,251.050,250.950,250.950,30
20260402102800,251.030,251.790,251.030,251.300,35
20260402102900,251.810,252.000,251.800,252.000,16
20260402103000,252.300,252.420,252.080,252.080,19
20260402103100,252.520,252.520,251.790,251.790,30
20260402103200,252.020,253.500,252.020,253.500,141
20260402103300,253.390,253.500,253.240,253.240,48
20260402103400,253.240,253.530,252.480,252.480,72
20260402103500,252.150,253.100,252.150,253.100,81
20260402103600,253.100,253.310,252.660,253.130,36
20260402103700,252.610,252.700,252.370,252.370,38
20260402103800,252.940,252.940,252.430,252.880,18
20260402103900,252.940,253.580,252.660,253.550,164
20260402104000,253.540,253.870,253.490,253.760,146
20260402104100,253.950,253.960,253.290,253.290,27
20260402104200,253.390,253.660,253.390,253.660,18
20260402104300,253.660,253.660,253.370,253.370,14
20260402104400,253.660,253.870,253.660,253.870,24
20260402104500,253.870,253.930,253.490,253.710,47
20260402104600,253.770,253.950,253.490,253.490,29
20260402104700,253.940,254.040,253.540,254.040,45
20260402104800,254.100,254.400,254.000,254.380,96
20260402104900,254.400,254.400,253.620,253.620,55
20260402105000,254.000,254.390,254.000,254.390,41
20260402105100,254.370,254.570,254.370,254.550,60
20260402105200,254.450,255.490,254.010,254.840,166
20260402105300,255.100,255.400,255.100,255.340,61
20260402105400,254.650,254.650,253.870,254.160,132
20260402105500,254.560,254.560,253.960,254.300,26
20260402105600,253.910,254.280,253.400,253.400,33
20260402105700,253.790,253.940,253.790,253.940,16
20260402105800,253.870,253.870,253.590,253.590,14
20260402105900,253.580,253.670,253.070,253.070,19
20260402110000,253.030,253.550,253.000,253.340,46
20260402110100,253.330,253.590,253.330,253.350,20
20260402110200,253.000,254.120,253.000,254.120,85
20260402110300,253.880,253.880,253.870,253.870,5
20260402110400,253.940,254.070,253.940,254.070,12
20260402110500,253.880,254.520,253.880,254.520,28
20260402110600,254.520,254.520,254.520,254.520,0
20260402110700,254.070,254.420,253.760,254.050,16
20260402110800,254.400,254.530,254.060,254.100,35
20260402110900,254.090,254.500,253.860,254.410,72
20260402111000,254.380,254.380,254.380,254.380,2
20260402111100,254.390,254.390,254.020,254.030,15
20260402111200,254.200,254.360,254.030,254.360,8
20260402111300,254.030,254.280,254.020,254.280,8
20260402111400,254.020,254.280,254.020,254.280,8
20260402111500,254.280,254.280,254.250,254.250,8
20260402111600,254.250,254.250,254.250,254.250,2
20260402111700,254.010,254.250,254.000,254.220,29
20260402111800,254.360,254.360,254.360,254.360,10
20260402111900,254.370,254.950,254.370,254.950,38
20260402112000,254.910,254.910,254.910,254.910,6
20260402112100,254.460,254.880,253.540,254.370,149
20260402112200,254.380,254.440,253.820,254.440,14
20260402112300,254.480,254.520,254.030,254.520,12
20260402112400,254.480,254.480,254.030,254.030,7
20260402112500,254.250,254.420,253.890,254.350,18
20260402112600,253.920,254.420,253.920,254.420,6
20260402112700,254.420,254.470,254.360,254.360,11
20260402112800,254.480,254.520,254.480,254.520,4
20260402112900,254.360,254.380,253.960,254.380,16
20260402113000,254.380,254.380,253.880,253.880,20
20260402130100,253.880,254.110,253.100,253.100,69
20260402130200,253.110,253.500,252.810,253.400,42
20260402130300,253.380,253.390,252.890,252.890,12
20260402130400,253.390,253.400,252.930,253.400,15
20260402130500,253.400,253.420,253.180,253.420,15
20260402130600,253.320,253.380,252.970,253.350,17
20260402130700,253.350,253.750,252.950,253.750,61
20260402130800,253.690,253.720,253.350,253.720,34
20260402130900,253.720,253.720,253.010,253.010,38
20260402131000,253.000,253.330,252.990,253.330,19
20260402131100,253.010,253.160,252.840,252.850,35
20260402131200,252.450,252.970,252.450,252.970,90
20260402131300,253.340,253.680,252.970,253.570,82
20260402131400,253.570,253.590,253.570,253.570,19
20260402131500,254.110,254.980,254.110,254.980,165
20260402131600,254.400,254.980,254.400,254.920,62
20260402131700,254.810,255.000,254.410,254.580,197
20260402131800,254.000,254.210,253.770,254.210,103
20260402131900,253.790,254.240,253.790,254.240,23
20260402132000,254.250,254.440,253.780,254.440,44
20260402132100,254.450,254.920,254.140,254.260,73
20260402132200,254.670,254.840,254.210,254.810,43
20260402132300,254.810,254.870,254.410,254.870,46
20260402132400,254.870,255.700,254.460,255.490,316
20260402132500,255.490,255.490,254.570,254.980,113
20260402132600,254.980,255.490,254.600,255.490,102
20260402132700,255.420,255.490,254.940,255.400,33
20260402132800,255.400,255.400,254.990,255.340,22
20260402132900,256.760,257.890,256.760,257.810,735
20260402133000,257.790,257.800,257.250,257.790,81
20260402133100,257.800,257.990,257.480,257.990,154
20260402133200,257.990,258.590,257.630,258.590,279
20260402133300,258.590,258.590,257.800,257.800,72
20260402133400,257.360,257.850,257.360,257.800,27
20260402133500,257.760,257.760,257.170,257.170,69
20260402133600,257.000,257.000,256.520,256.870,38
20260402133700,256.440,257.000,256.420,256.980,44
20260402133800,256.980,257.000,256.390,257.000,42
20260402133900,256.910,256.910,256.880,256.880,17
20260402134000,256.370,256.440,256.010,256.020,26
20260402134100,256.020,256.020,255.300,256.020,34
20260402134200,255.610,256.880,255.610,256.880,33
20260402134300,256.820,256.910,256.820,256.900,16
20260402134400,256.890,256.910,256.590,256.590,22
20260402134500,256.590,256.590,256.260,256.270,21
20260402134600,256.270,256.760,256.060,256.730,39
20260402134700,256.740,256.740,256.220,256.220,17
20260402134800,256.260,256.720,256.260,256.720,10
20260402134900,256.300,256.740,256.220,256.740,26
20260402135000,256.730,256.880,256.420,256.870,35
20260402135100,256.900,256.900,256.310,256.310,29
20260402135200,256.220,256.300,256.120,256.120,14
20260402135300,256.120,256.120,255.680,255.680,113
20260402135400,255.590,255.590,255.330,255.560,42
20260402135500,255.580,255.710,255.580,255.710,28
20260402135600,255.880,255.980,255.780,255.880,49
20260402135700,255.860,255.880,255.690,255.880,14
20260402135800,255.880,255.880,255.650,255.650,14
20260402135900,255.650,255.880,255.600,255.800,75
20260402140000,255.880,255.980,255.590,255.970,14
20260402140100,255.980,255.980,255.610,255.610,25
20260402140200,255.980,255.980,255.050,255.050,89
20260402140300,255.060,255.940,255.060,255.870,46
20260402140400,256.000,256.000,255.980,255.980,185
20260402140500,255.360,256.010,255.350,256.010,34
20260402140600,256.130,256.130,255.670,255.880,38
20260402140700,255.670,255.850,255.660,255.850,10
20260402140800,255.850,256.080,255.690,256.080,28
20260402140900,256.090,256.370,255.660,256.260,24
20260402141000,255.920,256.560,255.920,256.130,37
20260402141100,255.910,256.300,255.810,255.820,25
20260402141200,256.230,256.230,255.810,255.890,21
20260402141300,255.660,256.280,255.370,256.250,30
20260402141400,256.260,256.260,255.910,256.080,6
20260402141500,256.260,256.360,256.080,256.080,35
20260402141600,256.150,256.570,256.140,256.140,51
20260402141700,256.490,256.570,256.490,256.570,40
20260402141800,256.580,257.000,256.580,256.790,374
20260402141900,256.800,257.000,256.490,257.000,51
20260402142000,256.850,257.720,256.850,257.720,331
20260402142100,257.720,257.990,257.510,257.900,261
20260402142200,257.910,258.660,257.340,258.660,242
20260402142300,258.340,258.880,257.730,258.660,300
20260402142400,258.580,258.580,257.870,258.340,191
20260402142500,258.700,258.700,257.860,258.030,19
20260402142600,257.780,257.840,257.360,257.440,33
20260402142700,257.440,257.440,257.340,257.440,20
20260402142800,257.440,257.610,257.100,257.310,77
20260402142900,257.310,257.310,257.000,257.260,65
20260402143000,257.000,257.400,257.000,257.400,24
20260402143100,257.310,257.340,257.010,257.020,19
20260402143200,257.050,257.620,257.030,257.030,16
20260402143300,257.040,257.520,257.040,257.150,24
20260402143400,257.050,257.050,256.450,256.890,91
20260402143500,256.890,257.000,256.520,257.000,51
20260402143600,256.930,257.010,256.600,256.660,65
20260402143700,256.660,256.660,256.520,256.520,9
20260402143800,256.480,256.640,256.170,256.310,28
20260402143900,256.710,256.760,256.420,256.420,12
20260402144000,257.000,257.400,256.790,257.280,18
20260402144100,257.310,257.390,256.800,256.840,24
20260402144200,256.840,257.270,256.370,256.880,47
20260402144300,256.810,256.810,256.410,256.410,34
20260402144400,256.410,256.450,256.400,256.450,32
20260402144500,256.480,256.860,256.480,256.520,19
20260402144600,256.860,257.240,256.860,257.240,8
20260402144700,256.610,256.610,256.180,256.290,69
20260402144800,256.750,256.800,256.190,256.190,30
20260402144900,256.790,256.790,256.220,256.740,14
20260402145000,256.760,256.760,256.230,256.230,24
20260402145100,256.220,256.860,256.220,256.810,20
20260402145200,256.810,256.860,256.810,256.850,37
20260402145300,256.850,256.850,256.510,256.520,10
20260402145400,256.840,257.180,256.500,257.180,95
20260402145500,257.240,257.240,256.510,256.600,41
20260402145600,257.280,257.280,256.200,256.550,98
20260402145700,256.550,257.280,256.200,257.250,51
20260402145800,257.280,257.280,257.280,257.280,4
20260402145900,257.280,257.280,257.280,257.280,0
20260402150000,256.300,256.300,256.300,256.300,52
20260403093000,255.020,255.020,255.020,255.020,6
20260403093100,256.190,257.660,255.680,256.210,115
20260403093200,256.200,257.970,255.760,257.970,88
20260403093300,257.970,258.670,257.290,257.290,52
20260403093400,257.690,258.490,257.690,257.770,83
20260403093500,257.110,257.780,256.970,257.180,188
20260403093600,257.170,257.170,256.000,256.000,65
20260403093700,256.000,256.830,255.800,256.810,86
20260403093800,256.490,256.610,256.400,256.400,20
20260403093900,256.590,257.000,256.180,257.000,62
20260403094000,256.700,256.810,256.430,256.610,21
20260403094100,256.900,257.990,256.500,257.990,98
20260403094200,258.000,258.000,257.440,257.440,107
20260403094300,257.800,258.100,257.530,258.100,23
20260403094400,258.090,258.100,257.590,258.040,31
20260403094500,258.040,258.770,258.000,258.750,90
20260403094600,258.660,258.660,257.900,258.170,55
20260403094700,258.180,258.190,257.600,258.170,30
20260403094800,258.060,258.680,258.060,258.220,61
20260403094900,258.180,258.430,258.180,258.430,37
20260403095000,258.420,258.620,258.050,258.230,32
20260403095100,258.800,258.980,258.680,258.890,80
20260403095200,258.880,258.890,258.850,258.860,65
20260403095300,258.890,258.890,258.300,258.300,44
20260403095400,258.070,261.650,258.050,260.960,327
20260403095500,260.690,260.970,260.430,260.970,98
20260403095600,260.900,261.300,260.820,261.200,52
20260403095700,260.990,261.230,260.990,261.220,70
20260403095800,261.230,261.230,260.440,261.010,82
20260403095900,260.470,260.980,260.310,260.860,71
20260403100000,260.360,260.480,259.890,260.100,48
20260403100100,260.100,260.100,259.290,259.290,51
20260403100200,259.170,259.790,259.170,259.790,24
20260403100300,259.570,259.570,259.290,259.500,16
20260403100400,259.500,259.500,259.200,259.380,8
20260403100500,259.480,259.640,259.380,259.620,18
20260403100600,259.610,259.790,259.380,259.780,40
20260403100700,259.780,259.780,258.360,258.360,74
20260403100800,258.840,259.010,258.430,259.010,33
20260403100900,258.990,259.350,258.990,259.310,68
20260403101000,259.340,259.610,259.340,259.590,50
20260403101100,259.660,260.390,259.660,260.390,22
20260403101200,260.380,260.460,259.830,259.860,21
20260403101300,260.080,260.300,259.360,259.360,34
20260403101400,260.130,260.330,260.060,260.330,18
20260403101500,260.260,260.380,260.260,260.370,26
20260403101600,260.370,260.370,259.610,260.010,46
20260403101700,259.430,260.460,259.430,260.460,31
20260403101800,260.470,260.470,259.570,260.060,35
20260403101900,260.380,260.420,259.700,259.700,18
20260403102000,260.230,260.250,259.600,260.240,35
20260403102100,260.180,260.240,258.770,259.300,117
20260403102200,259.260,259.260,258.120,258.740,19
20260403102300,258.170,258.710,258.120,258.120,32
20260403102400,258.120,258.160,257.500,258.150,29
20260403102500,258.120,258.160,258.120,258.160,6
20260403102600,257.750,257.750,257.010,257.650,44
20260403102700,257.510,257.940,257.080,257.660,40
20260403102800,257.660,257.660,257.090,257.090,42
20260403102900,257.110,257.660,257.110,257.110,49
20260403103000,257.120,257.670,257.080,257.080,28
20260403103100,257.080,257.490,257.010,257.090,69
20260403103200,257.100,258.010,257.000,258.010,73
20260403103300,258.170,258.180,257.520,258.170,33
20260403103400,258.180,258.180,257.670,258.170,22
20260403103500,257.700,258.580,257.700,257.840,39
20260403103600,258.450,258.450,257.860,257.860,4
20260403103700,258.180,258.520,258.180,258.240,15
20260403103800,258.590,259.010,258.240,258.240,35
20260403103900,258.590,258.890,258.240,258.890,22
20260403104000,258.890,258.890,258.300,258.800,51
20260403104100,258.800,258.800,258.290,258.290,16
20260403104200,258.290,258.840,258.170,258.680,52
20260403104300,258.680,258.680,258.660,258.670,8
20260403104400,258.200,258.810,258.200,258.240,33
20260403104500,258.250,258.650,258.200,258.640,19
20260403104600,258.680,258.730,258.680,258.730,4
20260403104700,258.700,258.700,258.270,258.290,27
20260403104800,258.580,258.580,258.190,258.190,36
20260403104900,258.150,258.190,257.530,257.530,53
20260403105000,258.160,258.160,257.680,258.150,12
20260403105100,258.150,258.170,257.710,258.170,17
20260403105200,258.180,258.180,258.180,258.180,4
20260403105300,258.170,258.180,257.780,258.150,10
20260403105400,258.150,258.180,257.780,257.990,19
20260403105500,257.780,257.790,257.780,257.790,4
20260403105600,258.040,258.050,257.800,257.800,22
20260403105700,258.050,258.110,258.050,258.110,32
20260403105800,257.790,258.190,257.790,258.190,50
20260403105900,257.800,258.190,257.800,257.800,13
20260403110000,258.250,258.280,257.850,257.850,17
20260403110100,257.870,258.280,257.840,258.280,16
20260403110200,258.310,258.310,257.780,257.880,21
20260403110300,257.890,257.890,257.580,257.580,31
20260403110400,257.530,257.530,257.200,257.200,4
20260403110500,257.340,257.340,257.220,257.220,16
20260403110600,257.390,257.390,257.090,257.090,12
20260403110700,257.090,257.090,257.090,257.090,0
20260403110800,256.620,256.620,256.360,256.510,105
20260403110900,256.510,256.510,256.420,256.420,8
20260403111000,256.420,256.420,256.410,256.420,11
20260403111100,256.430,256.520,256.420,256.520,8
20260403111200,256.400,256.620,256.400,256.620,14
20260403111300,256.440,256.440,256.400,256.440,21
20260403111400,256.440,256.620,256.440,256.440,10
20260403111500,256.390,256.390,256.010,256.070,81
20260403111600,256.010,256.010,254.420,254.700,219
20260403111700,254.700,254.960,254.480,254.960,28
20260403111800,255.000,255.080,254.710,255.080,36
20260403111900,255.000,255.090,255.000,255.090,6
20260403112000,255.170,255.190,255.090,255.100,17
20260403112100,255.090,255.100,255.070,255.070,13
20260403112200,255.100,255.120,255.100,255.120,6
20260403112300,255.460,255.480,255.460,255.480,26
20260403112400,255.670,255.670,255.110,255.470,15
20260403112500,255.010,255.260,255.000,255.000,95
20260403112600,255.030,255.420,255.000,255.420,5
20260403112700,255.390,255.390,254.600,254.600,36
20260403112800,254.680,254.680,254.650,254.680,12
20260403112900,254.600,254.610,254.600,254.610,6
20260403113000,254.620,254.620,254.610,254.610,2
20260403130100,254.660,254.830,254.050,254.680,178
20260403130200,254.670,255.670,254.660,254.720,137
20260403130300,254.710,254.710,254.680,254.680,10
20260403130400,254.690,255.590,254.690,255.590,27
20260403130500,255.590,255.590,255.590,255.590,0
20260403130600,255.600,255.600,255.020,255.020,36
20260403130700,254.810,256.010,254.810,256.010,35
20260403130800,255.610,255.690,255.610,255.690,4
20260403130900,256.080,256.080,255.640,255.950,46
20260403131000,256.020,256.020,256.020,256.020,2
20260403131100,255.660,256.060,255.640,255.650,31
20260403131200,256.450,256.450,255.680,256.210,9
20260403131300,256.230,256.230,255.670,255.670,8
20260403131400,256.220,256.310,255.820,256.310,26
20260403131500,256.310,256.640,256.310,256.640,17
20260403131600,256.420,256.880,256.410,256.460,26
20260403131700,256.420,256.940,256.420,256.440,10
20260403131800,256.440,256.440,256.440,256.440,0
20260403131900,256.520,257.000,255.990,256.000,34
20260403132000,256.200,256.620,255.770,256.620,27
20260403132100,255.770,256.110,255.770,256.110,41
20260403132200,256.120,256.120,255.760,255.760,6
20260403132300,255.810,256.100,255.460,255.460,12
20260403132400,255.490,256.100,255.490,256.100,17
20260403132500,256.100,256.130,256.100,256.130,6
20260403132600,256.130,256.130,256.130,256.130,0
20260403132700,256.130,256.130,256.130,256.130,0
20260403132800,255.570,255.570,255.570,255.570,3
20260403132900,255.570,255.570,255.570,255.570,0
20260403133000,255.580,256.280,255.580,255.820,41
20260403133100,255.820,255.820,255.820,255.820,0
20260403133200,256.290,256.290,255.750,255.750,4
20260403133300,256.220,256.430,255.910,255.910,36
20260403133400,255.910,255.910,255.590,255.590,18
20260403133500,255.570,256.180,255.500,255.530,31
20260403133600,255.540,256.070,255.540,256.070,7
20260403133700,256.060,256.060,256.060,256.060,2
20260403133800,256.090,256.090,255.720,255.720,8
20260403133900,256.090,256.650,256.090,256.120,7
20260403134000,256.640,256.640,256.640,256.640,2
20260403134100,256.660,256.680,256.110,256.680,18
20260403134200,256.180,256.900,256.180,256.800,29
20260403134300,257.100,257.840,256.830,257.450,16
20260403134400,257.450,257.450,257.450,257.450,2
20260403134500,257.460,257.460,257.100,257.100,11
20260403134600,256.800,257.080,256.560,256.560,26
20260403134700,256.410,256.410,256.110,256.110,12
20260403134800,256.350,256.350,256.130,256.130,6
20260403134900,256.630,256.700,256.140,256.700,14
20260403135000,256.880,256.880,256.280,256.280,8
20260403135100,256.400,256.880,256.400,256.880,4
20260403135200,256.400,256.400,256.120,256.120,12
20260403135300,256.130,256.150,256.130,256.150,7
20260403135400,256.730,256.820,256.280,256.820,11
20260403135500,256.820,256.820,256.820,256.820,0
20260403135600,256.290,256.300,256.290,256.300,6
20260403135700,256.290,256.290,256.280,256.290,6
20260403135800,256.130,256.480,256.110,256.480,18
20260403135900,256.160,256.170,256.110,256.170,43
20260403140000,256.170,256.170,256.170,256.170,4
20260403140100,256.160,256.160,256.090,256.090,8
20260403140200,256.000,256.220,256.000,256.010,9
20260403140300,256.010,256.010,256.010,256.010,0
20260403140400,256.280,256.280,256.230,256.230,6
20260403140500,256.230,256.230,256.230,256.230,0
20260403140600,256.000,256.000,255.390,255.390,48
20260403140700,255.830,255.830,255.560,255.560,19
20260403140800,256.030,256.030,256.010,256.010,4
20260403140900,255.560,255.560,255.560,255.560,9
20260403141000,255.560,255.560,255.560,255.560,13
20260403141100,255.980,255.990,255.980,255.990,8
20260403141200,255.980,256.020,255.980,255.980,18
20260403141300,256.470,256.480,255.980,255.980,20
20260403141400,255.750,256.270,255.740,256.270,8
20260403141500,256.270,256.270,256.270,256.270,0
20260403141600,255.580,255.580,255.580,255.580,13
20260403141700,256.070,256.070,256.070,256.070,2
20260403141800,256.080,256.080,256.080,256.080,2
20260403141900,255.570,255.870,255.260,255.870,11
20260403142000,255.870,255.870,255.870,255.870,0
20260403142100,255.870,255.870,255.870,255.870,0
20260403142200,255.870,255.870,255.870,255.870,0
20260403142300,255.970,256.080,255.970,256.010,27
20260403142400,256.010,256.010,256.010,256.010,2
20260403142500,256.070,256.070,256.070,256.070,3
20260403142600,256.050,256.070,256.050,256.070,5
20260403142700,256.070,256.080,256.070,256.080,26
20260403142800,256.080,256.080,256.080,256.080,0
20260403142900,256.070,256.080,256.070,256.080,10
20260403143000,256.080,256.080,256.000,256.080,30
20260403143100,256.080,256.080,256.080,256.080,40
20260403143200,256.080,256.480,256.080,256.480,44
20260403143300,256.370,256.370,256.280,256.280,14
20260403143400,256.400,256.400,256.400,256.400,2
20260403143500,256.400,256.650,256.000,256.000,9
20260403143600,256.010,256.020,255.940,256.010,25
20260403143700,256.440,256.440,255.880,255.880,20
20260403143800,255.880,256.200,255.330,255.950,55
20260403143900,255.810,255.980,255.450,255.450,21
20260403144000,255.470,255.980,255.470,255.870,18
20260403144100,255.490,255.880,255.490,255.870,19
20260403144200,255.860,255.880,255.550,255.850,17
20260403144300,255.650,255.870,255.640,255.870,39
20260403144400,255.870,256.370,255.870,255.920,94
20260403144500,256.240,256.240,256.240,256.240,4
20260403144600,255.950,256.070,255.900,255.960,34
20260403144700,256.030,256.250,255.930,255.950,31
20260403144800,256.230,256.310,256.230,256.310,7
20260403144900,256.240,256.240,255.910,255.980,33
20260403145000,255.740,255.990,255.090,255.580,107
20260403145100,255.580,255.890,255.250,255.540,32
20260403145200,255.300,255.740,255.300,255.740,11
20260403145300,255.300,255.480,255.300,255.480,6
20260403145400,255.320,255.860,255.320,255.860,93
20260403145500,255.490,255.860,255.490,255.860,26
20260403145600,255.690,255.860,255.520,255.800,38
20260403145700,255.860,255.860,255.850,255.850,29
20260403145800,255.850,255.850,255.850,255.850,0
20260403145900,255.850,255.850,255.850,255.850,0
20260403150000,255.860,255.860,255.860,255.860,41
20260407093000,256.510,256.510,256.510,256.510,4
20260407093100,256.520,258.000,255.340,256.190,101
20260407093200,258.280,258.280,256.380,257.690,67
20260407093300,257.850,258.190,256.810,256.810,64
20260407093400,257.250,257.250,256.180,257.050,59
20260407093500,257.290,257.290,256.450,256.470,57
20260407093600,256.960,256.960,255.640,255.640,45
20260407093700,255.680,255.680,254.860,254.870,39
20260407093800,254.870,255.150,254.440,255.130,41
20260407093900,255.120,255.120,254.590,254.610,66
20260407094000,254.430,254.430,253.670,253.670,111
20260407094100,253.210,253.760,253.210,253.700,90
20260407094200,253.030,254.880,253.030,254.880,42
20260407094300,254.850,254.850,254.830,254.840,88
20260407094400,254.760,254.760,254.180,254.360,22
20260407094500,254.440,254.730,254.440,254.730,15
20260407094600,254.740,255.210,254.720,254.850,64
20260407094700,254.550,254.550,254.310,254.380,67
20260407094800,255.000,255.060,254.500,255.030,30
20260407094900,255.070,255.080,254.540,255.080,16
20260407095000,255.090,255.400,254.700,255.400,36
20260407095100,255.610,256.000,255.400,255.820,35
20260407095200,255.820,255.820,255.580,255.810,8
20260407095300,255.820,255.980,255.390,255.390,53
20260407095400,255.390,255.400,254.710,254.710,25
20260407095500,254.540,254.660,254.500,254.660,32
20260407095600,254.180,254.350,253.600,254.290,87
20260407095700,254.440,254.500,254.020,254.310,34
20260407095800,254.290,254.290,254.140,254.290,19
20260407095900,254.300,254.300,254.100,254.110,13
20260407100000,254.110,254.910,254.110,254.590,36
20260407100100,254.910,255.390,254.910,255.390,10
20260407100200,255.330,255.450,255.330,255.450,24
20260407100300,255.370,255.780,255.360,255.360,12
20260407100400,255.260,255.700,255.260,255.700,21
20260407100500,255.460,256.220,254.990,256.220,85
20260407100600,256.630,256.630,256.590,256.620,29
20260407100700,256.640,257.830,256.640,257.790,66
20260407100800,257.130,257.160,256.650,256.650,38
20260407100900,256.790,256.790,256.370,256.640,46
20260407101000,256.640,257.410,256.530,256.950,30
20260407101100,256.960,257.440,256.960,257.440,33
20260407101200,257.020,257.430,256.910,256.910,13
20260407101300,256.440,256.440,256.430,256.430,4
20260407101400,256.240,256.600,255.980,256.490,26
20260407101500,256.480,256.480,256.480,256.480,2
20260407101600,256.060,256.550,256.060,256.460,51
20260407101700,256.500,257.280,256.500,257.280,38
20260407101800,256.580,256.720,256.580,256.720,18
20260407101900,256.990,256.990,256.400,256.400,10
20260407102000,256.340,256.440,256.340,256.390,14
20260407102100,256.380,256.840,256.040,256.840,102
20260407102200,256.830,256.980,256.830,256.980,22
20260407102300,256.630,257.000,256.630,257.000,8
20260407102400,256.650,257.400,256.650,257.400,12
20260407102500,257.350,257.350,256.490,256.950,35
20260407102600,256.560,257.140,256.560,256.960,34
20260407102700,256.920,256.950,256.920,256.950,22
20260407102800,257.130,257.130,256.480,256.550,46
20260407102900,256.380,256.960,256.380,256.930,33
20260407103000,256.480,256.930,255.800,256.000,595
20260407103100,256.390,256.920,256.180,256.820,102
20260407103200,256.930,256.930,256.180,256.500,286
20260407103300,256.490,256.500,256.490,256.500,53
20260407103400,256.390,256.500,256.380,256.500,42
20260407103500,256.500,256.500,256.500,256.500,13
20260407103600,256.410,256.500,256.410,256.440,38
20260407103700,255.990,256.240,255.990,256.240,38
20260407103800,256.250,256.260,255.820,255.820,12
20260407103900,256.180,256.180,255.460,255.460,42
20260407104000,255.640,255.790,255.640,255.780,32
20260407104100,255.780,255.780,255.430,255.430,20
20260407104200,255.430,255.630,255.400,255.630,13
20260407104300,255.620,255.630,254.620,255.000,62
20260407104400,255.270,255.970,255.090,255.970,43
20260407104500,255.530,255.540,255.120,255.540,23
20260407104600,255.130,255.570,255.120,255.540,23
20260407104700,255.500,255.520,255.130,255.520,15
20260407104800,255.140,255.140,255.140,255.140,7
20260407104900,255.120,255.480,255.120,255.460,12
20260407105000,255.120,255.430,254.900,255.430,25
20260407105100,254.910,255.510,254.900,255.510,42
20260407105200,255.520,255.830,255.480,255.480,6
20260407105300,255.490,255.490,255.410,255.410,6
20260407105400,255.390,255.400,255.030,255.140,24
20260407105500,255.150,255.160,254.900,255.160,34
20260407105600,255.160,255.160,254.870,254.870,12
20260407105700,255.150,255.220,255.150,255.220,9
20260407105800,255.090,255.330,254.950,254.950,13
20260407105900,255.310,255.310,254.350,255.030,19
20260407110000,254.980,254.980,254.980,254.980,6
20260407110100,254.650,254.650,254.570,254.630,31
20260407110200,254.630,254.930,254.080,254.740,52
20260407110300,254.750,254.860,254.300,254.770,45
20260407110400,254.510,254.510,254.510,254.510,2
20260407110500,254.540,254.540,254.540,254.540,7
20260407110600,254.480,254.480,254.150,254.150,19
20260407110700,254.060,254.320,254.010,254.320,34
20260407110800,254.310,254.390,254.070,254.300,32
20260407110900,254.400,254.400,254.060,254.400,29
20260407111000,254.410,254.440,254.060,254.440,18
20260407111100,254.050,254.400,254.020,254.400,11
20260407111200,254.050,254.380,254.040,254.370,13
20260407111300,254.040,254.040,253.530,253.840,74
20260407111400,253.840,253.840,253.540,253.540,28
20260407111500,253.810,253.810,253.450,253.450,35
20260407111600,252.960,253.510,252.960,253.480,205
20260407111700,253.080,253.480,253.080,253.110,47
20260407111800,252.980,253.230,252.700,253.230,21
20260407111900,252.700,253.140,252.700,253.140,85
20260407112000,253.010,253.260,253.000,253.000,24
20260407112100,253.500,253.980,253.450,253.980,107
20260407112200,253.970,253.970,253.900,253.900,42
20260407112300,253.880,253.880,253.880,253.880,2
20260407112400,253.850,253.870,253.500,253.500,20
20260407112500,253.880,253.880,253.450,253.450,6
20260407112600,253.870,253.890,253.460,253.630,15
20260407112700,253.730,253.880,253.730,253.870,15
20260407112800,253.870,253.870,253.460,253.460,5
20260407112900,253.460,253.460,253.460,253.460,39
20260407113000,253.430,253.430,253.430,253.430,20
20260407130100,253.620,254.460,253.600,254.460,216
20260407130200,254.830,254.830,254.740,254.750,27
20260407130300,254.730,254.730,254.330,254.330,15
20260407130400,254.130,254.670,254.130,254.670,26
20260407130500,254.720,254.720,254.210,254.210,11
20260407130600,254.190,254.190,254.190,254.190,2
20260407130700,254.630,254.630,254.180,254.180,8
20260407130800,254.600,254.890,254.190,254.890,48
20260407130900,254.930,255.000,254.930,255.000,32
20260407131000,254.560,255.130,254.560,255.130,82
20260407131100,255.030,255.030,255.000,255.000,7
20260407131200,255.000,255.000,255.000,255.000,4
20260407131300,255.330,255.330,255.000,255.000,19
20260407131400,255.000,255.000,255.000,255.000,2
20260407131500,255.120,255.250,254.910,255.000,52
20260407131600,255.000,255.000,255.000,255.000,9
20260407131700,255.000,255.000,254.540,254.540,36
20260407131800,254.930,255.350,254.570,255.340,66
20260407131900,255.000,255.340,254.950,254.950,18
20260407132000,255.000,255.370,255.000,255.370,17
20260407132100,255.410,255.410,255.410,255.410,2
20260407132200,255.410,255.410,255.100,255.100,14
20260407132300,255.550,255.580,255.020,255.580,16
20260407132400,255.000,255.000,255.000,255.000,31
20260407132500,255.490,255.540,255.000,255.000,25
20260407132600,255.500,255.500,255.500,255.500,6
20260407132700,255.000,255.000,254.830,254.950,123
20260407132800,255.370,255.390,255.010,255.390,14
20260407132900,255.390,255.400,255.010,255.400,15
20260407133000,255.000,255.200,255.000,255.000,16
20260407133100,255.000,255.150,254.500,255.000,113
20260407133200,255.000,255.070,255.000,255.070,92
20260407133300,255.060,255.060,254.980,255.040,93
20260407133400,255.010,255.010,254.500,254.500,78
20260407133500,254.400,254.400,253.810,253.810,55
20260407133600,254.500,254.890,254.500,254.890,247
20260407133700,254.940,254.940,254.940,254.940,4
20260407133800,254.930,254.990,254.930,254.980,24
20260407133900,254.990,255.390,254.990,255.390,70
20260407134000,255.590,255.800,255.410,255.560,56
20260407134100,255.560,255.790,255.250,255.300,25
20260407134200,255.200,255.250,255.040,255.050,48
20260407134300,255.700,255.700,255.210,255.600,8
20260407134400,255.200,255.600,255.060,255.060,12
20260407134500,255.580,255.600,254.580,254.580,57
20260407134600,254.960,255.410,254.960,255.290,15
20260407134700,255.290,255.290,255.290,255.290,0
20260407134800,255.060,255.060,255.020,255.020,12
20260407134900,254.980,254.990,254.830,254.830,18
20260407135000,255.010,255.290,255.010,255.290,67
20260407135100,255.330,255.330,255.330,255.330,2
20260407135200,255.180,255.380,255.180,255.380,17
20260407135300,255.380,255.690,255.380,255.690,16
20260407135400,255.700,255.780,255.670,255.780,30
20260407135500,255.780,255.790,255.680,255.680,8
20260407135600,255.790,255.790,255.650,255.780,23
20260407135700,255.560,255.780,255.370,255.370,22
20260407135800,255.370,255.710,255.370,255.710,14
20260407135900,255.740,255.740,255.740,255.740,2
20260407140000,255.510,256.250,255.510,256.220,184
20260407140100,256.190,256.490,256.150,256.490,16
20260407140200,256.480,256.530,256.450,256.450,30
20260407140300,256.490,256.690,256.450,256.680,22
20260407140400,256.690,256.690,256.400,256.450,7
20260407140500,256.400,256.470,256.400,256.450,24
20260407140600,256.470,256.690,256.400,256.690,14
20260407140700,256.410,256.860,256.410,256.690,24
20260407140800,256.690,256.710,256.400,256.660,14
20260407140900,256.650,256.710,256.220,256.220,24
20260407141000,256.700,256.700,256.220,256.220,5
20260407141100,256.230,256.620,256.170,256.620,24
20260407141200,256.660,256.660,256.400,256.400,15
20260407141300,256.160,256.360,256.120,256.250,10
20260407141400,256.390,256.390,256.000,256.000,16
20260407141500,256.400,256.400,256.000,256.400,14
20260407141600,256.040,256.400,256.040,256.050,17
20260407141700,256.430,256.430,256.050,256.250,21
20260407141800,256.250,256.400,256.200,256.400,24
20260407141900,256.240,256.240,256.160,256.160,12
20260407142000,256.220,256.390,256.120,256.390,35
20260407142100,256.390,256.420,256.270,256.410,14
20260407142200,256.400,256.400,256.200,256.200,10
20260407142300,256.200,256.400,256.190,256.400,18
20260407142400,256.400,256.400,256.340,256.350,11
20260407142500,256.270,256.440,256.270,256.440,31
20260407142600,256.440,256.580,256.420,256.460,13
20260407142700,256.450,256.550,256.380,256.380,13
20260407142800,256.380,256.580,256.380,256.580,10
20260407142900,256.420,256.570,256.420,256.570,16
20260407143000,256.570,256.900,256.570,256.900,64
20260407143100,256.830,256.930,256.800,256.920,16
20260407143200,256.720,256.790,256.660,256.750,21
20260407143300,256.330,256.780,256.330,256.780,19
20260407143400,256.340,256.750,256.340,256.340,25
20260407143500,256.700,256.700,256.530,256.530,16
20260407143600,256.680,256.690,256.370,256.690,27
20260407143700,256.700,256.700,256.360,256.450,23
20260407143800,256.130,256.460,256.130,256.460,8
20260407143900,256.490,256.910,256.150,256.820,51
20260407144000,256.830,256.920,256.830,256.920,23
20260407144100,256.920,256.920,256.430,256.430,12
20260407144200,256.420,256.450,256.290,256.290,16
20260407144300,256.290,256.910,256.290,256.440,29
20260407144400,256.850,256.860,256.350,256.810,50
20260407144500,256.810,256.920,256.420,256.920,52
20260407144600,256.860,257.470,256.860,257.450,79
20260407144700,257.470,257.470,257.060,257.060,12
20260407144800,257.070,257.400,257.020,257.070,32
20260407144900,257.030,257.410,257.030,257.040,10
20260407145000,256.990,257.330,256.990,257.320,26
20260407145100,256.590,256.820,256.470,256.720,43
20260407145200,256.710,257.300,256.710,257.300,106
20260407145300,256.730,257.350,256.500,256.510,28
20260407145400,256.270,257.140,256.270,257.020,46
20260407145500,257.010,257.030,256.940,257.030,22
20260407145600,257.030,257.310,256.700,256.850,30
20260407145700,256.850,257.400,256.840,257.400,80
20260407145800,257.400,257.400,257.400,257.400,0
20260407145900,257.400,257.400,257.400,257.400,0
20260407150000,257.280,257.280,257.280,257.280,33
20260408093000,258.780,258.780,258.780,258.780,12
20260408093100,258.780,260.500,258.630,260.120,93
20260408093200,260.920,261.490,260.090,260.090,175
20260408093300,260.090,260.520,259.160,259.160,116
20260408093400,259.160,260.690,259.160,260.450,118
20260408093500,260.450,260.920,259.210,260.670,99
20260408093600,260.010,260.800,259.960,260.800,96
20260408093700,260.520,261.360,260.370,261.360,124
20260408093800,260.970,261.360,260.880,260.960,73
20260408093900,260.310,260.490,259.710,259.930,125
20260408094000,260.020,261.000,259.620,260.990,98
20260408094100,260.980,261.280,260.490,261.280,134
20260408094200,261.260,261.890,261.260,261.470,141
20260408094300,261.490,261.790,260.770,260.800,77
20260408094400,261.180,261.340,260.810,260.830,60
20260408094500,260.820,260.820,260.090,260.280,42
20260408094600,260.420,260.720,260.420,260.710,32
20260408094700,260.770,260.870,260.750,260.870,53
20260408094800,260.870,261.000,260.120,260.540,64
20260408094900,260.550,260.620,260.130,260.130,39
20260408095000,260.040,260.110,260.000,260.110,44
20260408095100,260.100,260.930,260.100,260.910,73
20260408095200,260.960,260.960,260.440,260.940,22
20260408095300,260.900,260.940,260.130,260.130,39
20260408095400,260.480,260.760,259.840,260.630,43
20260408095500,260.440,260.880,260.100,260.400,69
20260408095600,260.500,260.600,259.850,260.110,72
20260408095700,260.350,260.400,260.010,260.200,49
20260408095800,260.380,260.380,259.600,259.610,17
20260408095900,259.600,260.200,259.600,260.070,20
20260408100000,260.010,260.070,259.420,260.070,61
20260408100100,260.060,260.060,258.410,258.780,183
20260408100200,259.290,259.290,258.830,258.830,33
20260408100300,258.730,258.800,258.140,258.800,41
20260408100400,258.390,258.820,257.350,257.860,112
20260408100500,258.240,258.720,258.240,258.720,73
20260408100600,258.290,258.500,257.850,257.960,34
20260408100700,257.920,257.920,257.650,257.790,30
20260408100800,257.660,257.880,257.130,257.800,63
20260408100900,257.800,257.840,257.800,257.840,6
20260408101000,257.390,257.790,256.670,257.700,267
20260408101100,257.730,257.730,257.190,257.210,36
20260408101200,257.600,257.600,257.010,257.010,33
20260408101300,257.000,257.200,257.000,257.010,9
20260408101400,257.010,257.540,256.850,257.430,27
20260408101500,257.390,257.390,256.120,256.830,129
20260408101600,257.270,257.380,256.900,257.380,25
20260408101700,256.910,257.440,256.860,257.430,23
20260408101800,257.420,257.420,257.010,257.010,12
20260408101900,257.410,257.420,257.410,257.410,5
20260408102000,257.410,257.510,257.040,257.510,60
20260408102100,257.440,257.440,257.440,257.440,6
20260408102200,257.520,257.590,257.520,257.590,17
20260408102300,257.590,257.640,257.590,257.640,12
20260408102400,257.630,257.650,257.520,257.530,19
20260408102500,257.530,257.580,257.290,257.580,17
20260408102600,257.420,257.420,257.290,257.420,8
20260408102700,257.420,257.500,257.420,257.500,30
20260408102800,257.500,257.550,257.500,257.550,16
20260408102900,257.560,257.580,257.320,257.370,19
20260408103000,257.370,257.930,257.370,257.590,26
20260408103100,257.590,257.590,257.410,257.590,12
20260408103200,257.590,257.640,257.590,257.640,9
20260408103300,257.690,258.100,257.640,258.100,36
20260408103400,258.100,258.100,258.100,258.100,10
20260408103500,258.100,258.570,258.100,258.570,27
20260408103600,258.700,258.700,258.210,258.240,16
20260408103700,258.100,258.100,257.640,258.040,126
20260408103800,258.030,258.100,257.720,257.720,18
20260408103900,258.060,258.060,257.680,257.690,26
20260408104000,257.860,257.860,257.240,257.750,43
20260408104100,257.730,257.730,257.240,257.650,10
20260408104200,257.510,257.740,257.260,257.280,18
20260408104300,257.330,257.330,257.320,257.320,6
20260408104400,257.310,257.310,257.310,257.310,4
20260408104500,257.350,257.710,257.300,257.690,38
20260408104600,257.320,257.690,257.300,257.300,7
20260408104700,257.250,257.840,257.250,257.820,41
20260408104800,257.840,257.840,257.840,257.840,2
20260408104900,257.400,257.750,257.320,257.320,16
20260408105000,257.650,257.670,257.330,257.670,17
20260408105100,257.670,257.670,257.610,257.620,24
20260408105200,257.660,257.660,257.660,257.660,2
20260408105300,257.380,257.380,257.270,257.270,7
20260408105400,257.260,257.260,256.300,256.460,101
20260408105500,257.000,257.000,256.460,256.500,132
20260408105600,256.870,257.000,256.870,257.000,21
20260408105700,257.050,257.070,257.000,257.070,19
20260408105800,257.240,257.630,257.240,257.380,18
20260408105900,257.290,257.730,257.250,257.730,22
20260408110000,257.750,257.760,257.470,257.760,14
20260408110100,257.300,257.750,257.290,257.320,12
20260408110200,257.680,257.680,257.250,257.560,31
20260408110300,257.610,257.740,257.260,257.660,19
20260408110400,257.650,257.650,257.650,257.650,7
20260408110500,257.240,257.240,257.110,257.220,20
20260408110600,257.070,257.070,257.070,257.070,6
20260408110700,257.070,257.240,257.070,257.240,4
20260408110800,257.230,257.490,256.840,256.870,22
20260408110900,256.850,257.260,256.820,257.260,8
20260408111000,256.800,256.800,256.500,256.630,14
20260408111100,256.750,257.100,256.750,257.100,9
20260408111200,257.100,257.270,256.940,257.270,24
20260408111300,257.410,257.750,257.410,257.750,15
20260408111400,257.750,257.860,257.740,257.830,28
20260408111500,257.430,257.890,257.430,257.850,21
20260408111600,257.860,258.650,257.860,258.650,89
20260408111700,258.650,258.650,258.220,258.640,28
20260408111800,258.700,258.780,258.550,258.550,10
20260408111900,258.390,258.740,258.270,258.270,15
20260408112000,258.250,258.250,257.920,258.250,14
20260408112100,257.920,258.230,257.920,258.230,11
20260408112200,257.770,258.200,257.770,258.200,7
20260408112300,257.750,258.390,257.730,258.340,73
20260408112400,258.450,258.720,258.450,258.450,9
20260408112500,258.310,258.310,258.220,258.300,23
20260408112600,258.400,258.400,258.300,258.300,2
20260408112700,258.160,258.710,257.990,258.660,88
20260408112800,258.490,258.490,257.880,257.880,26
20260408112900,257.810,258.480,257.810,258.480,7
20260408113000,257.860,258.370,257.630,257.630,16
20260408130100,258.250,258.750,257.600,258.750,53
20260408130200,258.490,258.640,258.090,258.640,16
20260408130300,258.630,258.630,258.060,258.080,36
20260408130400,258.540,258.540,258.050,258.050,14
20260408130500,258.510,258.530,258.060,258.500,20
20260408130600,258.500,259.000,258.500,258.510,72
20260408130700,258.320,258.320,258.090,258.090,20
20260408130800,258.040,258.040,257.940,257.940,15
20260408130900,258.090,258.500,258.090,258.500,10
20260408131000,258.500,258.500,258.100,258.100,11
20260408131100,258.500,258.500,258.490,258.490,10
20260408131200,258.040,258.040,257.620,257.810,29
20260408131300,257.840,258.370,257.840,258.330,16
20260408131400,258.330,258.380,258.330,258.380,6
20260408131500,258.370,258.370,257.860,258.350,16
20260408131600,257.890,258.370,257.890,258.370,12
20260408131700,258.370,258.470,258.360,258.370,41
20260408131800,258.430,258.430,258.430,258.430,2
20260408131900,258.440,258.470,258.160,258.170,47
20260408132000,258.500,258.500,258.080,258.080,11
20260408132100,258.270,258.750,258.270,258.570,40
20260408132200,258.280,258.580,258.170,258.580,23
20260408132300,258.590,258.590,258.290,258.290,4
20260408132400,258.260,258.590,258.260,258.590,21
20260408132500,258.600,258.760,258.080,258.170,74
20260408132600,258.180,258.250,258.120,258.250,16
20260408132700,258.250,258.390,258.100,258.390,12
20260408132800,258.390,258.560,258.270,258.560,21
20260408132900,258.560,259.000,258.110,258.950,51
20260408133000,258.950,259.000,258.600,259.000,32
20260408133100,259.000,259.200,258.710,259.200,12
20260408133200,258.800,259.090,258.730,259.070,41
20260408133300,259.070,259.190,259.070,259.190,13
20260408133400,259.000,259.120,258.800,259.120,58
20260408133500,258.900,258.900,258.300,258.800,116
20260408133600,259.030,259.030,258.800,258.800,32
20260408133700,258.800,258.800,258.350,258.390,15
20260408133800,258.860,258.930,258.630,258.860,47
20260408133900,258.750,258.940,258.750,258.910,8
20260408134000,258.850,258.860,258.360,258.860,18
20260408134100,258.920,259.180,258.600,258.600,41
20260408134200,259.150,259.150,258.750,258.750,6
20260408134300,259.130,259.130,258.750,258.750,23
20260408134400,258.750,258.750,258.720,258.720,9
20260408134500,259.020,259.310,258.750,259.310,64
20260408134600,259.150,259.400,258.800,259.400,19
20260408134700,259.500,259.520,259.490,259.510,18
20260408134800,259.500,259.500,258.930,259.430,38
20260408134900,258.940,259.420,258.940,259.000,8
20260408135000,259.000,259.020,258.870,258.940,20
20260408135100,258.970,259.400,258.960,259.400,47
20260408135200,259.300,259.470,259.050,259.470,14
20260408135300,259.470,259.510,259.050,259.080,14
20260408135400,259.330,259.430,259.050,259.430,30
20260408135500,259.100,259.420,259.080,259.080,12
20260408135600,259.430,259.980,259.430,259.980,95
20260408135700,259.980,260.590,259.980,260.480,85
20260408135800,260.480,261.500,260.050,260.800,192
20260408135900,261.480,261.500,261.060,261.490,116
20260408140000,261.060,261.460,260.770,261.460,75
20260408140100,261.460,261.460,261.040,261.040,225
20260408140200,261.440,261.440,260.150,260.540,77
20260408140300,260.910,260.910,260.580,260.580,38
20260408140400,260.650,260.650,260.250,260.250,19
20260408140500,260.730,260.730,260.300,260.690,91
20260408140600,260.710,260.800,260.710,260.800,33
20260408140700,260.740,260.810,260.670,260.770,26
20260408140800,260.770,260.860,260.770,260.860,24
20260408140900,260.870,261.300,260.870,261.300,49
20260408141000,261.300,261.300,261.000,261.240,77
20260408141100,261.240,261.250,261.210,261.210,11
20260408141200,261.010,261.010,260.650,260.830,44
20260408141300,260.860,260.990,260.650,260.650,30
20260408141400,260.770,261.120,260.710,261.120,45
20260408141500,261.070,261.070,260.720,261.070,12
20260408141600,261.080,261.120,260.710,260.710,36
20260408141700,260.650,261.100,260.650,260.650,51
20260408141800,260.860,261.250,260.860,261.120,106
20260408141900,261.300,261.410,260.960,260.960,39
20260408142000,260.960,260.980,260.560,260.980,22
20260408142100,260.550,260.550,260.550,260.550,2
20260408142200,260.550,260.950,260.550,260.950,54
20260408142300,260.940,261.010,260.550,261.010,39
20260408142400,261.010,261.010,260.990,260.990,17
20260408142500,260.700,260.700,260.190,260.470,65
20260408142600,260.970,260.970,260.970,260.970,4
20260408142700,260.650,260.680,260.580,260.580,79
20260408142800,260.400,260.410,260.300,260.410,43
20260408142900,260.350,260.350,260.110,260.110,30
20260408143000,260.290,260.320,260.110,260.320,15
20260408143100,260.330,260.330,259.730,259.760,18
20260408143200,260.110,260.890,259.840,260.890,49
20260408143300,260.330,260.720,260.330,260.330,38
20260408143400,260.800,260.800,260.060,260.160,42
20260408143500,260.740,260.740,260.740,260.740,6
20260408143600,260.570,260.740,260.570,260.660,9
20260408143700,260.580,260.640,260.570,260.640,26
20260408143800,260.700,260.900,260.640,260.900,108
20260408143900,260.990,261.280,260.700,261.260,383
20260408144000,261.260,261.350,261.040,261.350,27
20260408144100,261.350,261.580,261.350,261.480,304
20260408144200,261.360,261.480,261.190,261.480,112
20260408144300,261.470,261.490,261.470,261.490,38
20260408144400,261.480,261.880,261.480,261.740,97
20260408144500,261.780,261.780,261.480,261.710,68
20260408144600,261.600,262.000,261.590,262.000,133
20260408144700,262.000,262.000,261.280,261.780,117
20260408144800,261.770,261.950,261.320,261.320,14
20260408144900,261.320,261.830,261.320,261.800,33
20260408145000,261.800,261.800,261.800,261.800,10
20260408145100,261.800,261.840,261.460,261.470,55
20260408145200,261.400,261.880,261.390,261.830,106
20260408145300,261.960,262.510,261.960,262.490,149
20260408145400,262.500,262.700,262.140,262.670,142
20260408145500,262.620,263.000,262.620,263.000,325
20260408145600,263.120,263.630,262.930,263.630,387
20260408145700,263.500,264.500,263.500,264.500,265
20260408145800,264.500,264.500,264.500,264.500,3
20260408145900,264.500,264.500,264.500,264.500,0
20260408150000,264.500,264.500,264.500,264.500,384
20260409093000,262.000,262.000,262.000,262.000,5
20260409093100,262.000,263.110,260.260,260.400,141
20260409093200,262.010,262.010,259.290,259.290,400
20260409093300,259.210,262.220,259.200,262.210,237
20260409093400,261.870,263.500,260.140,263.500,244
20260409093500,264.500,264.700,263.010,264.420,177
20260409093600,263.320,263.320,261.320,261.320,290
20260409093700,261.270,261.300,260.200,261.270,115
20260409093800,260.760,262.550,260.760,262.550,130
20260409093900,261.650,262.380,261.510,261.660,30
20260409094000,261.480,261.810,260.760,261.770,64
20260409094100,261.070,261.560,260.800,261.560,70
20260409094200,261.230,262.000,261.130,262.000,78
20260409094300,261.870,263.420,261.870,263.420,172
20260409094400,263.230,263.230,263.220,263.230,12
20260409094500,263.860,263.860,262.840,263.490,44
20260409094600,262.830,262.830,261.670,261.730,37
20260409094700,261.670,261.670,261.440,261.440,19
20260409094800,261.350,261.650,261.250,261.280,52
20260409094900,261.280,261.750,261.280,261.750,4
20260409095000,261.310,261.990,261.310,261.470,35
20260409095100,261.460,261.820,261.340,261.370,85
20260409095200,261.340,261.360,261.060,261.060,34
20260409095300,261.440,261.440,261.020,261.020,10
20260409095400,261.370,261.740,261.370,261.740,35
20260409095500,261.280,262.130,261.020,261.340,228
20260409095600,261.340,261.770,261.080,261.770,37
20260409095700,261.410,261.410,261.410,261.410,6
20260409095800,261.390,261.440,261.000,261.000,133
20260409095900,260.920,261.310,260.470,261.310,132
20260409100000,261.580,261.760,261.100,261.760,36
20260409100100,261.330,261.440,261.120,261.420,38
20260409100200,261.400,261.400,260.840,260.840,34
20260409100300,261.000,261.990,261.000,261.990,120
20260409100400,262.000,262.800,262.000,262.800,19
20260409100500,262.400,262.800,262.300,262.760,33
20260409100600,262.320,262.660,262.060,262.060,30
20260409100700,262.000,262.000,261.300,261.960,63
20260409100800,261.840,261.980,261.310,261.940,46
20260409100900,261.460,261.760,261.450,261.450,13
20260409101000,261.390,261.740,261.390,261.680,15
20260409101100,261.300,261.660,261.300,261.480,65
20260409101200,261.480,261.480,261.050,261.330,6
20260409101300,261.030,261.610,261.000,261.550,37
20260409101400,261.570,261.580,261.570,261.580,4
20260409101500,261.210,261.300,261.200,261.300,19
20260409101600,261.030,261.280,261.010,261.280,78
20260409101700,261.490,261.490,261.000,261.000,18
20260409101800,261.320,261.740,261.000,261.200,41
20260409101900,261.820,261.820,261.030,261.030,6
20260409102000,261.200,261.200,261.200,261.200,6
20260409102100,261.580,261.580,261.080,261.310,15
20260409102200,260.980,261.450,260.870,260.950,147
20260409102300,260.950,261.430,260.910,260.910,10
20260409102400,261.000,261.440,261.000,261.440,19
20260409102500,261.070,261.430,261.050,261.430,8
20260409102600,261.230,261.710,261.000,261.100,230
20260409102700,261.050,261.500,260.790,261.500,63
20260409102800,261.500,261.500,261.100,261.480,13
20260409102900,261.110,261.110,261.050,261.050,34
20260409103000,261.050,261.280,261.050,261.050,13
20260409103100,261.050,261.440,260.700,261.440,120
20260409103200,261.320,261.320,260.780,260.780,16
20260409103300,260.780,260.780,260.620,260.620,15
20260409103400,260.500,260.500,260.410,260.410,16
20260409103500,260.300,260.300,260.300,260.300,2
20260409103600,260.300,260.760,260.300,260.320,10
20260409103700,260.300,260.300,260.050,260.050,52
20260409103800,260.270,260.270,260.060,260.270,11
20260409103900,260.050,260.060,260.050,260.060,24
20260409104000,260.260,260.260,260.060,260.250,6
20260409104100,260.070,260.270,260.070,260.180,20
20260409104200,260.480,260.510,260.480,260.510,10
20260409104300,260.520,260.520,260.500,260.500,12
20260409104400,260.500,260.500,260.500,260.500,0
20260409104500,260.310,261.120,260.310,260.490,28
20260409104600,260.520,260.790,260.300,260.760,26
20260409104700,260.770,260.770,260.770,260.770,2
20260409104800,260.770,260.770,260.770,260.770,0
20260409104900,260.260,260.340,260.250,260.320,23
20260409105000,260.320,260.320,260.200,260.270,30
20260409105100,260.070,260.490,260.070,260.070,20
20260409105200,260.070,260.070,260.050,260.050,17
20260409105300,260.040,260.370,260.030,260.370,237
20260409105400,260.450,260.460,260.050,260.350,49
20260409105500,260.300,260.300,260.000,260.010,26
20260409105600,260.290,260.290,260.000,260.000,22
20260409105700,260.390,260.390,260.010,260.010,12
20260409105800,260.010,260.010,260.010,260.010,0
20260409105900,260.020,260.020,260.020,260.020,4
20260409110000,260.010,260.100,260.010,260.010,17
20260409110100,260.000,260.110,260.000,260.110,17
20260409110200,260.000,260.000,260.000,260.000,9
20260409110300,260.080,260.090,259.100,259.600,646
20260409110400,259.600,259.600,258.470,258.470,189
20260409110500,258.470,258.880,258.020,258.020,164
20260409110600,258.020,258.350,258.000,258.330,164
20260409110700,258.860,258.860,258.020,258.020,56
20260409110800,258.100,258.100,257.200,257.250,256
20260409110900,257.350,257.800,257.350,257.800,142
20260409111000,257.800,258.280,257.800,257.800,186
20260409111100,257.700,257.700,257.230,257.350,173
20260409111200,258.000,258.000,257.210,257.230,155
20260409111300,257.260,257.330,257.230,257.230,37
20260409111400,257.330,257.330,257.000,257.000,99
20260409111500,257.000,257.820,256.420,257.300,240
20260409111600,257.230,257.230,257.100,257.100,67
20260409111700,257.090,257.730,257.000,257.730,73
20260409111800,257.140,257.750,256.630,257.140,158
20260409111900,257.180,257.620,257.000,257.460,97
20260409112000,257.630,258.110,257.630,258.110,56
20260409112100,257.460,257.750,257.010,257.710,88
20260409112200,257.130,257.220,257.110,257.110,16
20260409112300,257.070,257.830,257.000,257.830,149
20260409112400,257.150,257.180,257.110,257.110,30
20260409112500,257.220,257.790,257.150,257.160,40
20260409112600,257.130,257.680,257.050,257.050,82
20260409112700,257.070,257.070,257.000,257.010,48
20260409112800,257.010,258.160,257.000,258.160,88
20260409112900,258.170,258.230,258.170,258.170,26
20260409113000,258.340,258.340,258.180,258.180,15
20260409130100,258.000,258.780,257.990,258.780,59
20260409130200,258.700,258.700,258.040,258.040,4
20260409130300,258.040,258.040,257.060,257.760,15
20260409130400,257.510,258.000,257.510,257.650,50
20260409130500,257.650,257.650,257.650,257.650,0
20260409130600,257.650,257.650,257.220,257.650,40
20260409130700,257.640,257.650,257.310,257.320,31
20260409130800,257.300,257.600,257.220,257.220,36
20260409130900,257.210,257.770,257.210,257.550,64
20260409131000,257.320,257.500,257.080,257.240,66
20260409131100,257.280,257.340,257.100,257.340,13
20260409131200,257.080,257.540,257.000,257.000,73
20260409131300,256.910,257.460,256.680,257.000,164
20260409131400,257.280,257.280,256.620,256.620,31
20260409131500,257.000,257.460,257.000,257.000,83
20260409131600,257.180,257.180,256.610,256.610,47
20260409131700,257.080,257.080,256.620,256.640,6
20260409131800,257.060,257.060,256.640,257.060,10
20260409131900,256.660,257.030,256.660,257.030,11
20260409132000,257.050,257.080,257.050,257.070,8
20260409132100,256.720,256.920,256.720,256.920,8
20260409132200,257.180,257.180,257.180,257.180,14
20260409132300,256.920,256.920,256.920,256.920,17
20260409132400,257.640,257.640,257.260,257.260,9
20260409132500,257.260,257.260,257.220,257.220,10
20260409132600,257.220,257.220,257.220,257.220,0
20260409132700,257.190,257.190,257.190,257.190,2
20260409132800,256.930,257.100,256.700,256.700,45
20260409132900,256.990,256.990,256.870,256.870,20
20260409133000,256.790,256.890,256.700,256.890,9
20260409133100,256.700,256.850,256.640,256.850,29
20260409133200,256.920,256.970,256.640,256.970,14
20260409133300,256.650,256.650,256.650,256.650,4
20260409133400,256.610,256.610,256.520,256.520,44
20260409133500,256.520,256.650,256.520,256.530,10
20260409133600,256.670,256.670,256.530,256.660,6
20260409133700,256.660,256.760,256.530,256.760,26
20260409133800,256.530,256.770,256.530,256.530,16
20260409133900,256.520,256.710,256.430,256.430,50
20260409134000,256.380,256.480,256.310,256.480,12
20260409134100,256.580,256.760,256.500,256.760,37
20260409134200,256.650,256.650,256.400,256.490,18
20260409134300,256.590,256.620,256.380,256.380,48
20260409134400,256.380,256.600,256.380,256.600,16
20260409134500,256.600,256.720,256.400,256.720,10
20260409134600,256.400,256.530,256.400,256.530,13
20260409134700,256.530,256.530,256.410,256.410,38
20260409134800,256.670,256.670,256.410,256.410,6
20260409134900,256.410,256.410,256.410,256.410,0
20260409135000,256.410,256.620,256.410,256.610,23
20260409135100,256.620,256.620,256.620,256.620,2
20260409135200,256.410,256.410,256.410,256.410,6
20260409135300,256.410,256.410,256.380,256.390,19
20260409135400,256.370,256.370,256.100,256.180,47
20260409135500,256.180,256.180,256.100,256.100,6
20260409135600,256.350,256.360,256.350,256.360,8
20260409135700,256.190,256.410,256.190,256.400,12
20260409135800,256.430,256.430,256.430,256.430,6
20260409135900,256.430,256.430,256.190,256.270,30
20260409140000,256.270,256.420,256.100,256.420,12
20260409140100,256.400,256.600,256.340,256.350,33
20260409140200,256.590,256.590,256.360,256.510,12
20260409140300,256.350,256.500,256.300,256.310,27
20260409140400,256.320,256.320,256.190,256.320,10
20260409140500,256.320,256.500,256.180,256.180,33
20260409140600,256.180,256.180,255.100,256.170,466
20260409140700,256.110,256.140,256.000,256.000,43
20260409140800,255.890,256.100,255.650,256.000,67
20260409140900,256.000,256.020,255.310,256.000,133
20260409141000,256.360,256.360,256.000,256.000,37
20260409141100,256.000,256.280,255.500,255.980,93
20260409141200,256.370,256.830,256.300,256.830,41
20260409141300,256.830,256.830,256.830,256.830,0
20260409141400,256.340,256.420,256.340,256.420,26
20260409141500,256.350,256.420,256.040,256.040,40
20260409141600,256.300,256.310,256.240,256.240,6
20260409141700,256.240,256.240,256.000,256.000,78
20260409141800,256.000,256.000,255.630,256.000,68
20260409141900,256.000,256.550,256.000,256.000,63
20260409142000,256.010,256.350,256.000,256.010,30
20260409142100,256.000,256.310,255.650,255.990,160
20260409142200,255.990,256.010,255.620,255.990,106
20260409142300,255.980,255.980,255.500,255.500,51
20260409142400,255.500,255.980,255.400,255.580,115
20260409142500,256.000,256.040,255.290,256.000,329
20260409142600,256.010,256.100,255.620,256.000,268
20260409142700,256.310,256.560,256.020,256.480,120
20260409142800,256.500,256.820,256.000,256.000,85
20260409142900,256.000,256.010,256.000,256.000,46
20260409143000,256.260,256.260,256.000,256.000,48
20260409143100,256.200,257.290,256.200,256.980,192
20260409143200,257.230,257.310,256.900,257.000,189
20260409143300,257.000,257.010,257.000,257.000,42
20260409143400,257.000,257.090,257.000,257.000,109
20260409143500,257.000,257.000,256.520,256.520,77
20260409143600,256.520,256.860,256.520,256.520,47
20260409143700,256.530,256.730,256.520,256.520,20
20260409143800,256.520,256.880,256.510,256.880,63
20260409143900,256.880,257.000,256.880,257.000,14
20260409144000,257.010,257.010,257.000,257.000,20
20260409144100,257.010,257.150,257.000,257.150,26
20260409144200,257.130,257.170,257.000,257.000,40
20260409144300,257.000,257.000,256.640,256.670,101
20260409144400,256.550,256.640,256.550,256.550,53
20260409144500,256.350,256.710,256.250,256.710,108
20260409144600,256.680,257.000,256.250,256.700,209
20260409144700,256.700,256.700,255.510,256.000,195
20260409144800,256.220,256.590,255.490,256.550,378
20260409144900,256.550,256.690,256.550,256.550,78
20260409145000,256.690,256.690,256.550,256.550,16
20260409145100,256.980,257.880,256.710,257.290,57
20260409145200,257.130,257.130,256.920,257.000,70
20260409145300,257.080,258.000,257.000,257.000,206
20260409145400,258.000,258.050,257.210,258.040,343
20260409145500,257.260,258.000,255.950,256.290,403
20260409145600,256.340,258.010,256.340,258.000,214
20260409145700,258.000,258.000,256.560,258.000,219
20260409145800,258.000,258.000,258.000,258.000,0
20260409145900,258.000,258.000,258.000,258.000,0
20260409150000,258.000,258.000,258.000,258.000,217
20260410093000,259.590,259.590,259.590,259.590,13
20260410093100,259.580,259.580,255.500,258.450,86
20260410093200,259.000,259.000,258.060,258.290,89
20260410093300,258.290,258.800,258.190,258.470,79
20260410093400,258.590,259.000,258.290,259.000,75
20260410093500,259.500,259.970,259.190,259.190,198
20260410093600,258.980,258.980,257.870,258.150,33
20260410093700,258.510,260.190,258.510,260.190,105
20260410093800,260.160,260.410,259.900,260.130,35
20260410093900,259.920,260.120,259.600,259.900,24
20260410094000,259.650,259.650,259.060,259.580,118
20260410094100,259.940,259.940,259.000,259.560,72
20260410094200,259.530,259.900,259.530,259.900,88
20260410094300,259.900,259.900,259.560,259.870,16
20260410094400,259.860,259.860,259.300,259.810,17
20260410094500,259.800,259.800,259.110,259.450,30
20260410094600,259.030,259.770,258.980,259.770,59
20260410094700,259.700,259.700,259.470,259.470,29
20260410094800,259.000,259.000,259.000,259.000,19
20260410094900,259.330,259.570,259.020,259.020,28
20260410095000,259.300,259.550,259.090,259.510,76
20260410095100,259.550,259.600,259.480,259.600,31
20260410095200,259.600,259.600,259.430,259.500,37
20260410095300,259.490,259.500,259.490,259.500,4
20260410095400,259.470,259.500,259.250,259.500,9
20260410095500,259.480,259.480,259.160,259.370,33
20260410095600,259.160,259.160,259.010,259.010,4
20260410095700,259.150,259.260,258.570,258.600,135
20260410095800,258.790,258.970,258.300,258.300,66
20260410095900,258.000,258.350,258.000,258.000,46
20260410100000,258.010,258.010,257.310,257.760,86
20260410100100,258.000,258.000,257.760,257.780,71
20260410100200,258.200,258.350,258.060,258.210,22
20260410100300,258.210,258.210,258.060,258.060,29
20260410100400,258.060,258.200,257.790,257.790,25
20260410100500,257.930,257.970,257.780,257.790,47
20260410100600,257.790,257.910,257.640,257.730,47
20260410100700,257.920,258.180,257.920,258.180,44
20260410100800,258.200,258.220,257.790,258.130,67
20260410100900,257.830,258.130,257.280,257.910,262
20260410101000,257.450,257.450,257.450,257.450,9
20260410101100,257.610,257.610,257.610,257.610,2
20260410101200,257.620,257.620,257.600,257.610,123
20260410101300,257.340,257.350,257.340,257.350,28
20260410101400,257.370,257.380,257.350,257.350,30
20260410101500,257.350,257.530,257.050,257.290,51
20260410101600,257.310,257.320,257.050,257.060,24
20260410101700,257.070,257.610,257.060,257.610,38
20260410101800,257.730,257.730,257.300,257.300,44
20260410101900,257.430,257.430,257.430,257.430,4
20260410102000,257.000,257.600,257.000,257.600,123
20260410102100,257.720,257.840,257.720,257.840,16
20260410102200,257.840,258.000,257.840,258.000,45
20260410102300,258.200,258.290,258.200,258.290,14
20260410102400,258.340,258.370,258.290,258.290,65
20260410102500,258.290,258.290,258.290,258.290,0
20260410102600,258.250,258.250,258.250,258.250,8
20260410102700,258.240,258.240,258.240,258.240,6
20260410102800,257.970,258.210,257.970,258.210,4
20260410102900,257.960,257.960,257.960,257.960,4
20260410103000,258.140,258.140,257.950,257.950,5
20260410103100,258.150,258.480,258.150,258.480,25
20260410103200,258.480,258.680,258.480,258.670,49
20260410103300,258.670,258.680,258.580,258.580,15
20260410103400,258.560,259.180,258.560,259.180,20
20260410103500,258.780,259.200,258.780,259.200,78
20260410103600,259.220,260.000,259.220,260.000,96
20260410103700,260.130,260.410,259.630,259.630,180
20260410103800,259.980,260.000,259.980,260.000,82
20260410103900,260.000,260.020,260.000,260.020,101
20260410104000,260.000,260.000,260.000,260.000,47
20260410104100,260.090,260.400,259.480,259.480,122
20260410104200,259.470,259.470,259.360,259.360,54
20260410104300,259.040,259.040,258.660,258.740,29
20260410104400,258.740,258.760,258.740,258.760,7
20260410104500,258.720,258.720,258.690,258.690,5
20260410104600,258.250,258.260,258.150,258.150,26
20260410104700,257.500,257.670,257.500,257.670,125
20260410104800,257.600,257.600,257.240,257.240,33
20260410104900,257.280,258.070,257.280,257.640,58
20260410105000,257.670,258.360,257.670,257.910,81
20260410105100,258.460,258.610,257.960,258.320,57
20260410105200,258.320,258.500,258.000,258.000,61
20260410105300,258.420,258.420,257.900,257.900,178
20260410105400,257.930,257.930,257.870,257.870,36
20260410105500,257.870,257.910,257.570,257.570,71
20260410105600,257.570,258.290,257.350,257.350,390
20260410105700,257.310,257.500,257.310,257.320,675
20260410105800,257.320,257.320,257.320,257.320,0
20260410105900,257.260,257.990,257.260,257.370,522
20260410110000,257.970,257.970,257.970,257.970,2
20260410110100,257.990,258.390,257.290,258.040,521
20260410110200,258.030,258.230,258.030,258.230,7
20260410110300,258.530,258.530,258.520,258.520,4
20260410110400,258.140,258.550,258.140,258.550,10
20260410110500,258.530,258.580,258.530,258.580,19
20260410110600,258.550,258.550,258.150,258.150,36
20260410110700,258.310,258.500,258.000,258.000,20
20260410110800,258.490,258.490,258.490,258.490,2
20260410110900,258.490,259.280,258.490,259.280,466
20260410111000,258.850,258.850,258.850,258.850,2
20260410111100,258.820,258.820,258.810,258.810,15
20260410111200,258.780,259.230,258.780,259.230,28
20260410111300,259.260,259.280,259.190,259.200,20
20260410111400,259.280,259.280,258.890,258.890,22
20260410111500,259.280,259.280,258.890,258.890,11
20260410111600,258.910,259.270,258.910,258.920,5
20260410111700,259.280,259.300,259.280,259.300,11
20260410111800,259.300,259.300,259.300,259.300,0
20260410111900,259.300,259.300,259.300,259.300,4
20260410112000,259.330,259.330,258.840,259.190,67
20260410112100,258.810,259.500,258.800,259.480,70
20260410112200,259.460,259.480,259.030,259.030,13
20260410112300,259.060,259.060,259.060,259.060,4
20260410112400,259.480,259.480,259.400,259.400,4
20260410112500,259.390,259.390,259.100,259.100,10
20260410112600,259.050,259.060,259.050,259.060,6
20260410112700,259.030,259.030,258.520,258.520,66
20260410112800,258.530,258.530,258.520,258.520,6
20260410112900,258.520,258.520,258.510,258.510,4
20260410113000,258.510,258.510,258.500,258.500,13
20260410130100,258.520,258.520,258.000,258.160,216
20260410130200,258.310,258.910,258.310,258.910,21
20260410130300,258.790,258.900,258.790,258.900,4
20260410130400,258.900,258.900,258.900,258.900,0
20260410130500,258.780,258.940,258.510,258.510,15
20260410130600,258.910,258.910,258.870,258.870,16
20260410130700,258.880,259.120,258.880,259.120,38
20260410130800,259.030,259.030,258.680,259.020,8
20260410130900,259.030,259.030,258.680,258.680,10
20260410131000,259.160,259.160,259.160,259.160,4
20260410131100,258.500,258.500,258.450,258.450,124
20260410131200,258.070,258.580,258.070,258.580,60
20260410131300,258.580,258.640,258.580,258.640,51
20260410131400,258.670,258.670,258.670,258.670,1
20260410131500,259.090,259.090,259.080,259.090,22
20260410131600,259.070,259.130,258.760,259.130,16
20260410131700,259.170,259.290,259.170,259.290,15
20260410131800,259.340,259.340,259.340,259.340,2
20260410131900,259.340,259.400,258.950,258.950,34
20260410132000,259.050,259.050,259.050,259.050,2
20260410132100,259.050,259.060,259.050,259.060,8
20260410132200,258.840,259.060,258.840,259.040,22
20260410132300,258.930,258.930,258.930,258.930,4
20260410132400,258.860,258.860,258.860,258.860,2
20260410132500,259.000,259.300,259.000,259.300,21
20260410132600,259.040,259.040,259.040,259.040,3
20260410132700,259.020,259.130,259.020,259.130,17
20260410132800,259.140,259.240,259.140,259.240,4
20260410132900,259.200,259.200,259.200,259.200,4
20260410133000,259.220,259.220,259.020,259.020,17
20260410133100,259.210,259.220,259.210,259.220,6
20260410133200,259.210,259.220,259.210,259.220,6
20260410133300,259.250,259.270,258.690,258.990,65
20260410133400,258.990,258.990,258.990,258.990,2
20260410133500,258.990,258.990,258.990,258.990,0
20260410133600,258.770,258.770,258.770,258.770,2
20260410133700,258.760,258.800,258.500,258.800,22
20260410133800,258.800,258.800,258.800,258.800,0
20260410133900,258.790,258.790,258.790,258.790,4
20260410134000,258.790,258.790,258.790,258.790,0
20260410134100,258.620,258.910,258.620,258.910,10
20260410134200,258.910,258.910,258.910,258.910,5
20260410134300,258.870,258.870,258.870,258.870,2
20260410134400,258.650,258.650,258.650,258.650,12
20260410134500,258.650,259.360,258.650,259.000,677
20260410134600,259.280,259.780,259.000,259.780,156
20260410134700,259.780,259.890,259.680,259.720,105
20260410134800,259.500,259.710,259.500,259.710,56
20260410134900,259.710,259.710,259.710,259.710,0
20260410135000,259.680,259.690,259.680,259.690,5
20260410135100,259.840,260.360,259.830,260.350,536
20260410135200,260.150,260.350,260.090,260.090,35
20260410135300,260.050,260.050,260.030,260.030,5
20260410135400,260.030,260.030,259.980,260.010,27
20260410135500,260.120,260.300,260.120,260.280,12
20260410135600,260.290,260.290,259.530,260.040,36
20260410135700,259.350,259.860,259.320,259.320,94
20260410135800,259.180,259.870,259.180,259.870,70
20260410135900,259.440,260.100,259.440,260.090,9
20260410140000,260.200,260.330,260.000,260.330,191
20260410140100,260.660,260.890,260.410,260.410,285
20260410140200,260.410,260.770,260.410,260.750,19
20260410140300,260.750,260.750,260.720,260.720,13
20260410140400,260.720,260.720,260.710,260.720,8
20260410140500,260.440,260.440,260.400,260.400,24
20260410140600,260.460,260.660,260.460,260.650,11
20260410140700,260.650,260.650,260.650,260.650,10
20260410140800,260.650,260.700,260.400,260.700,34
20260410140900,260.720,260.980,260.710,260.980,79
20260410141000,260.850,261.000,260.850,260.950,98
20260410141100,260.940,261.480,260.920,261.050,188
20260410141200,261.390,261.390,261.310,261.310,10
20260410141300,261.310,261.320,261.310,261.310,8
20260410141400,261.300,261.300,261.230,261.230,8
20260410141500,261.060,261.060,261.020,261.020,13
20260410141600,261.020,261.320,261.020,261.020,44
20260410141700,261.280,261.310,261.030,261.310,23
20260410141800,261.260,261.350,261.060,261.350,35
20260410141900,261.100,261.100,261.070,261.090,6
20260410142000,261.090,261.100,261.030,261.100,13
20260410142100,261.230,261.350,261.190,261.350,19
20260410142200,261.400,261.400,261.250,261.330,15
20260410142300,261.400,261.550,261.400,261.550,33
20260410142400,261.560,261.670,261.420,261.420,12
20260410142500,261.490,261.820,261.410,261.680,26
20260410142600,261.710,261.710,261.710,261.710,2
20260410142700,261.710,261.710,261.380,261.430,21
20260410142800,261.790,261.800,261.770,261.770,10
20260410142900,261.770,261.770,261.380,261.380,24
20260410143000,261.720,261.720,261.020,261.410,17
20260410143100,261.020,261.410,261.020,261.150,7
20260410143200,261.160,261.200,260.970,261.000,148
20260410143300,261.010,261.010,260.520,260.950,66
20260410143400,260.510,261.010,260.510,261.010,36
20260410143500,261.170,261.310,261.170,261.290,20
20260410143600,261.300,261.380,261.290,261.380,26
20260410143700,261.310,261.310,261.060,261.060,11
20260410143800,261.060,261.220,261.060,261.060,6
20260410143900,261.070,261.090,261.000,261.000,18
20260410144000,261.000,261.160,261.000,261.100,66
20260410144100,260.980,261.110,260.590,261.110,131
20260410144200,261.110,261.240,261.000,261.000,40
20260410144300,261.000,261.070,261.000,261.000,29
20260410144400,261.000,261.070,261.000,261.000,16
20260410144500,261.070,261.190,261.000,261.030,24
20260410144600,261.030,261.390,261.020,261.060,43
20260410144700,261.310,261.350,260.640,261.000,51
20260410144800,260.570,260.990,260.560,260.960,17
20260410144900,260.960,261.000,260.590,261.000,34
20260410145000,260.630,261.000,260.630,260.980,23
20260410145100,260.530,261.010,260.530,260.620,56
20260410145200,261.000,261.330,260.630,261.000,98
20260410145300,261.000,261.200,260.750,260.750,46
20260410145400,260.630,260.630,260.350,260.350,69
20260410145500,260.350,260.350,260.060,260.230,56
20260410145600,260.260,261.060,260.030,260.410,70
20260410145700,260.410,260.430,260.010,260.210,25
20260410145800,260.210,260.210,260.210,260.210,0
20260410145900,260.210,260.210,260.210,260.210,0
20260410150000,260.470,260.470,260.470,260.470,89
20260413093000,260.880,260.880,260.880,260.880,11
20260413093100,260.880,260.970,259.000,259.940,78
20260413093200,259.000,259.000,256.940,257.000,166
20260413093300,257.620,259.930,257.150,259.930,63
20260413093400,259.840,259.920,259.020,259.810,135
20260413093500,258.270,259.900,258.270,259.200,74
20260413093600,259.280,260.220,259.280,260.070,63
20260413093700,260.070,260.220,259.600,260.010,61
20260413093800,260.210,260.760,260.100,260.380,42
20260413093900,260.100,260.760,260.090,260.340,38
20260413094000,260.660,260.660,260.080,260.080,115
20260413094100,260.150,260.410,259.780,260.110,32
20260413094200,260.130,260.130,260.050,260.050,6
20260413094300,260.160,260.660,260.130,260.650,65
20260413094400,260.290,260.290,259.630,260.140,28
20260413094500,260.190,260.290,260.030,260.030,26
20260413094600,260.040,260.280,259.900,259.900,24
20260413094700,259.670,259.680,259.660,259.660,34
20260413094800,259.620,260.020,259.420,259.420,53
20260413094900,258.920,259.440,258.920,259.330,28
20260413095000,258.920,260.020,258.920,260.020,30
20260413095100,260.040,260.040,259.930,259.950,41
20260413095200,260.440,260.650,260.440,260.650,31
20260413095300,260.680,260.750,260.080,260.080,73
20260413095400,259.650,260.100,259.650,259.740,17
20260413095500,259.680,259.920,259.630,259.630,35
20260413095600,259.700,260.130,259.680,260.130,24
20260413095700,260.630,260.630,260.630,260.630,2
20260413095800,260.680,260.910,260.660,260.910,47
20260413095900,260.470,260.640,260.320,260.320,44
20260413100000,260.580,260.590,260.320,260.590,12
20260413100100,260.520,260.950,260.430,260.950,62
20260413100200,261.040,261.950,261.030,261.030,46
20260413100300,260.980,260.980,260.640,260.960,51
20260413100400,261.540,261.540,260.240,260.240,23
20260413100500,260.540,261.380,260.540,261.380,11
20260413100600,261.250,261.250,261.150,261.240,18
20260413100700,260.830,261.010,260.560,260.560,25
20260413100800,260.840,260.840,260.590,260.590,11
20260413100900,260.590,260.840,260.560,260.560,28
20260413101000,260.520,260.520,260.300,260.510,20
20260413101100,260.560,260.590,260.530,260.530,14
20260413101200,260.590,260.590,260.580,260.580,18
20260413101300,260.850,260.850,260.340,260.340,36
20260413101400,260.360,260.360,260.160,260.310,34
20260413101500,260.390,260.390,260.290,260.290,11
20260413101600,260.150,260.150,259.580,259.580,26
20260413101700,259.770,259.770,259.480,259.490,12
20260413101800,259.470,259.470,259.350,259.350,14
20260413101900,259.300,259.300,259.080,259.080,13
20260413102000,259.270,259.300,259.210,259.280,21
20260413102100,259.290,259.740,258.400,258.400,63
20260413102200,258.400,258.400,258.400,258.400,0
20260413102300,258.440,258.440,257.730,257.980,148
20260413102400,257.820,257.860,257.820,257.840,7
20260413102500,257.860,258.150,257.860,258.150,6
20260413102600,258.120,258.120,257.850,257.850,6
20260413102700,257.860,258.040,257.530,257.530,33
20260413102800,257.500,257.500,257.200,257.200,43
20260413102900,257.200,257.540,257.200,257.540,16
20260413103000,257.540,257.540,256.220,256.250,157
20260413103100,256.620,256.960,256.360,256.360,72
20260413103200,257.040,257.040,256.480,256.480,123
20260413103300,256.480,257.440,256.480,257.440,90
20260413103400,257.540,257.540,256.520,256.580,104
20260413103500,257.000,257.000,256.520,256.560,272
20260413103600,257.010,257.130,257.010,257.130,43
20260413103700,257.240,257.240,257.240,257.240,2
20260413103800,257.310,257.310,257.070,257.070,9
20260413103900,257.480,257.480,257.480,257.480,2
20260413104000,257.480,257.480,257.480,257.480,0
20260413104100,257.480,257.480,257.300,257.300,14
20260413104200,257.290,257.290,257.080,257.080,14
20260413104300,257.080,257.490,257.080,257.490,28
20260413104400,257.100,257.100,257.100,257.100,23
20260413104500,257.110,257.110,257.110,257.110,4
20260413104600,257.120,257.120,257.100,257.100,14
20260413104700,257.100,257.170,256.590,256.590,195
20260413104800,257.000,257.110,256.760,257.100,106
20260413104900,257.100,257.110,257.100,257.110,8
20260413105000,257.110,257.390,257.110,257.390,4
20260413105100,257.110,257.110,257.110,257.110,4
20260413105200,257.100,257.100,256.710,256.980,42
20260413105300,256.700,256.980,256.700,256.960,9
20260413105400,256.640,256.640,256.600,256.600,8
20260413105500,256.560,256.560,256.540,256.560,8
20260413105600,256.710,256.710,256.570,256.570,20
20260413105700,256.710,256.710,256.710,256.710,8
20260413105800,256.710,256.710,256.710,256.710,2
20260413105900,256.710,256.710,256.620,256.620,4
20260413110000,256.590,256.590,256.520,256.520,29
20260413110100,256.510,256.510,256.330,256.470,27
20260413110200,256.480,256.480,256.320,256.470,24
20260413110300,256.420,256.420,256.280,256.290,45
20260413110400,256.540,256.540,256.540,256.540,2
20260413110500,256.190,256.300,256.100,256.300,41
20260413110600,256.500,256.500,256.500,256.500,3
20260413110700,256.510,256.510,256.510,256.510,3
20260413110800,256.310,256.310,256.310,256.310,3
20260413110900,256.200,256.290,256.200,256.290,15
20260413111000,256.300,256.330,256.300,256.330,12
20260413111100,256.330,256.330,256.290,256.310,22
20260413111200,256.530,256.530,256.260,256.260,4
20260413111300,256.520,257.190,256.520,257.190,28
20260413111400,256.810,257.210,256.800,256.820,31
20260413111500,257.310,257.440,257.300,257.430,12
20260413111600,257.430,257.440,257.330,257.330,19
20260413111700,257.330,257.580,256.930,257.370,20
20260413111800,257.340,257.410,256.980,257.410,12
20260413111900,257.460,257.950,257.460,257.560,19
20260413112000,257.950,257.950,257.390,257.720,21
20260413112100,257.730,257.770,257.730,257.770,14
20260413112200,257.380,257.900,257.380,257.900,24
20260413112300,257.780,257.900,257.410,257.880,13
20260413112400,257.900,257.920,257.700,257.700,10
20260413112500,257.950,257.950,257.690,257.750,16
20260413112600,257.750,258.000,257.750,258.000,18
20260413112700,258.000,258.130,257.800,258.130,15
20260413112800,258.130,258.360,258.130,258.360,7
20260413112900,258.490,258.750,258.390,258.390,29
20260413113000,258.140,258.390,257.730,257.730,101
20260413130100,257.890,258.790,257.590,257.590,348
20260413130200,258.320,258.830,258.320,258.830,16
20260413130300,258.820,259.000,258.470,259.000,41
20260413130400,258.850,259.010,258.440,258.470,20
20260413130500,258.790,258.790,258.360,258.360,13
20260413130600,258.780,258.780,258.350,258.350,19
20260413130700,257.970,258.340,257.970,258.340,8
20260413130800,258.350,258.360,258.350,258.360,10
20260413130900,258.350,258.440,258.330,258.330,12
20260413131000,258.700,258.800,258.700,258.800,7
20260413131100,258.870,258.990,258.850,258.870,22
20260413131200,258.780,258.780,258.540,258.540,6
20260413131300,258.780,258.970,258.780,258.970,12
20260413131400,258.970,258.970,258.790,258.800,44
20260413131500,258.790,258.960,258.790,258.960,12
20260413131600,258.960,258.970,258.700,258.700,8
20260413131700,258.990,258.990,258.520,258.530,40
20260413131800,258.530,258.540,258.530,258.540,4
20260413131900,258.740,258.800,258.320,258.320,25
20260413132000,258.550,258.550,257.970,257.970,9
20260413132100,258.280,258.590,258.110,258.590,21
20260413132200,258.140,258.380,258.140,258.150,18
20260413132300,258.310,258.390,258.160,258.390,12
20260413132400,258.610,258.610,258.390,258.390,4
20260413132500,258.660,258.750,258.300,258.300,18
20260413132600,258.360,258.360,258.350,258.350,11
20260413132700,258.770,258.770,258.370,258.370,16
20260413132800,258.750,259.000,258.750,259.000,12
20260413132900,258.580,258.590,258.580,258.590,9
20260413133000,258.930,258.930,258.920,258.920,15
20260413133100,258.950,258.950,258.600,258.600,17
20260413133200,258.600,258.600,258.600,258.600,0
20260413133300,258.500,258.500,258.330,258.400,33
20260413133400,258.570,258.570,258.570,258.570,10
20260413133500,258.890,258.890,258.470,258.470,9
20260413133600,258.460,258.940,258.460,258.940,23
20260413133700,258.430,258.430,258.200,258.200,22
20260413133800,258.200,258.710,258.200,258.680,32
20260413133900,258.670,258.780,258.280,258.780,33
20260413134000,258.260,258.680,258.110,258.230,22
20260413134100,258.110,258.110,258.110,258.110,11
20260413134200,258.110,258.110,257.970,257.970,10
20260413134300,257.970,257.970,257.970,257.970,0
20260413134400,258.590,258.590,258.070,258.390,9
20260413134500,258.460,258.460,258.060,258.060,14
20260413134600,257.870,258.050,257.700,258.050,25
20260413134700,258.050,258.050,257.840,257.840,11
20260413134800,258.460,258.460,257.880,257.880,17
20260413134900,258.650,258.650,258.650,258.650,8
20260413135000,257.900,258.300,257.870,257.870,7
20260413135100,258.400,258.400,258.270,258.270,15
20260413135200,258.260,258.260,257.870,257.870,4
20260413135300,257.870,258.270,257.870,258.270,17
20260413135400,257.940,257.940,257.840,257.840,22
20260413135500,257.840,257.840,257.840,257.840,6
20260413135600,257.840,257.840,257.410,257.410,43
20260413135700,257.650,257.650,257.480,257.480,12
20260413135800,257.500,257.960,257.480,257.480,27
20260413135900,257.410,257.820,257.410,257.820,8
20260413140000,257.820,257.840,257.820,257.840,6
20260413140100,257.460,257.460,257.460,257.460,2
20260413140200,257.460,257.460,257.460,257.460,2
20260413140300,257.460,257.460,257.460,257.460,3
20260413140400,257.820,257.820,257.820,257.820,2
20260413140500,257.820,257.820,257.820,257.820,0
20260413140600,257.820,257.820,257.820,257.820,0
20260413140700,257.040,257.140,256.710,257.140,103
20260413140800,257.040,257.040,257.040,257.040,2
20260413140900,257.310,257.310,256.950,256.950,16
20260413141000,256.820,256.950,256.800,256.800,19
20260413141100,256.800,256.800,256.400,256.400,29
20260413141200,256.640,256.790,256.640,256.790,27
20260413141300,256.790,256.800,256.690,256.690,8
20260413141400,256.680,256.680,256.430,256.430,17
20260413141500,256.440,256.440,256.410,256.410,18
20260413141600,256.420,256.420,256.420,256.420,2
20260413141700,256.620,256.620,256.590,256.590,10
20260413141800,256.590,256.590,256.430,256.540,12
20260413141900,256.450,256.470,256.410,256.420,29
20260413142000,256.410,256.460,256.410,256.460,17
20260413142100,256.430,256.600,256.430,256.600,4
20260413142200,256.410,256.610,256.410,256.610,10
20260413142300,256.420,256.450,256.420,256.450,10
20260413142400,256.410,256.440,256.330,256.330,50
20260413142500,256.330,256.330,256.330,256.330,0
20260413142600,256.520,256.520,256.370,256.370,11
20260413142700,256.360,256.360,256.250,256.250,36
20260413142800,256.230,256.640,256.180,256.640,47
20260413142900,256.230,256.620,256.230,256.250,14
20260413143000,256.570,256.640,256.260,256.640,10
20260413143100,256.300,256.610,256.300,256.310,20
20260413143200,256.310,256.470,256.250,256.250,10
20260413143300,256.250,256.450,256.220,256.220,21
20260413143400,256.430,256.430,256.210,256.210,29
20260413143500,256.220,256.220,256.200,256.210,35
20260413143600,256.200,256.390,256.190,256.210,21
20260413143700,256.390,256.450,256.220,256.400,28
20260413143800,256.250,256.480,256.250,256.450,26
20260413143900,256.460,256.460,256.250,256.260,24
20260413144000,256.240,256.290,256.240,256.280,8
20260413144100,256.260,256.440,256.230,256.440,18
20260413144200,256.480,256.540,256.480,256.540,15
20260413144300,256.640,256.640,256.310,256.310,30
20260413144400,256.480,256.550,256.300,256.310,29
20260413144500,256.310,256.550,256.310,256.310,30
20260413144600,256.320,256.710,256.210,256.230,80
20260413144700,256.430,256.530,256.240,256.530,10
20260413144800,256.420,256.420,256.250,256.250,31
20260413144900,256.370,256.370,256.120,256.120,63
20260413145000,256.150,256.240,256.100,256.100,59
20260413145100,256.240,256.420,256.100,256.100,73
20260413145200,256.640,256.640,256.120,256.560,140
20260413145300,256.610,257.630,256.610,256.940,115
20260413145400,257.600,257.610,256.990,257.600,477
20260413145500,257.700,258.000,256.980,256.990,340
20260413145600,257.230,257.230,256.270,256.840,90
20260413145700,256.750,257.210,256.390,256.410,54
20260413145800,256.460,256.460,256.460,256.460,2
20260413145900,256.460,256.460,256.460,256.460,0
20260413150000,256.100,256.100,256.100,256.100,146
20260414093000,255.940,255.940,255.940,255.940,2
20260414093100,260.000,260.000,255.350,256.020,55
20260414093200,256.910,257.490,255.300,257.490,52
20260414093300,257.520,257.860,256.150,256.400,95
20260414093400,257.790,257.790,256.730,256.730,47
20260414093500,257.300,257.850,256.810,257.830,96
20260414093600,257.840,258.000,256.510,256.510,70
20260414093700,257.210,257.240,256.670,256.670,13
20260414093800,257.260,257.330,257.260,257.330,5
20260414093900,257.110,257.810,257.110,257.810,25
20260414094000,257.220,257.300,256.810,257.300,16
20260414094100,257.310,257.310,256.640,256.640,28
20260414094200,256.790,257.110,256.790,257.110,10
20260414094300,257.450,257.750,257.190,257.530,14
20260414094400,257.090,257.670,257.090,257.670,21
20260414094500,257.800,257.850,257.110,257.110,18
20260414094600,257.520,257.900,257.100,257.120,38
20260414094700,257.110,257.110,256.520,256.520,16
20260414094800,256.700,256.900,256.700,256.890,24
20260414094900,256.920,257.070,256.590,257.070,12
20260414095000,257.370,257.370,256.780,256.780,36
20260414095100,256.870,256.880,256.530,256.670,32
20260414095200,256.530,256.530,256.300,256.300,19
20260414095300,256.300,257.010,256.300,257.010,12
20260414095400,256.950,256.990,256.560,256.760,30
20260414095500,256.740,257.000,256.400,257.000,26
20260414095600,257.290,257.290,257.070,257.070,2
20260414095700,256.610,256.620,256.050,256.050,21
20260414095800,256.270,256.270,255.600,255.620,43
20260414095900,255.660,255.660,255.640,255.650,5
20260414100000,255.820,255.820,254.800,255.050,151
20260414100100,255.000,255.000,254.130,254.380,77
20260414100200,254.680,255.250,254.680,255.000,19
20260414100300,255.250,255.250,254.880,254.890,99
20260414100400,255.000,255.100,254.800,254.800,48
20260414100500,254.790,255.090,254.620,254.620,195
20260414100600,254.540,254.540,254.410,254.410,25
20260414100700,254.400,254.400,253.510,253.510,132
20260414100800,253.520,254.390,253.520,254.390,33
20260414100900,254.340,254.340,254.060,254.060,19
20260414101000,254.350,254.390,254.050,254.050,36
20260414101100,254.080,254.100,254.080,254.100,9
20260414101200,254.110,254.500,254.110,254.330,10
20260414101300,254.680,255.630,254.680,255.630,119
20260414101400,255.420,255.950,255.250,255.950,118
20260414101500,255.970,256.140,255.570,255.570,75
20260414101600,255.970,257.840,255.970,257.330,201
20260414101700,257.360,257.360,256.950,257.320,26
20260414101800,256.910,256.910,256.910,256.910,4
20260414101900,256.830,257.000,256.550,256.550,23
20260414102000,256.530,256.730,256.480,256.700,20
20260414102100,256.710,256.710,256.420,256.420,4
20260414102200,256.710,256.710,256.710,256.710,5
20260414102300,256.400,256.400,256.290,256.290,20
20260414102400,256.140,256.230,255.680,256.000,25
20260414102500,256.230,256.620,256.230,256.230,11
20260414102600,256.000,256.230,256.000,256.230,19
20260414102700,256.380,256.380,256.090,256.370,11
20260414102800,256.140,256.140,256.130,256.130,4
20260414102900,256.130,256.370,256.130,256.370,6
20260414103000,256.140,256.140,256.140,256.140,2
20260414103100,256.030,256.360,256.030,256.360,4
20260414103200,256.360,256.360,256.360,256.360,0
20260414103300,256.360,256.360,256.360,256.360,0
20260414103400,256.040,256.340,256.020,256.020,10
20260414103500,256.350,256.350,256.270,256.330,14
20260414103600,256.120,256.120,256.020,256.020,6
20260414103700,256.270,256.270,255.660,255.660,32
20260414103800,255.910,256.330,255.910,256.330,38
20260414103900,256.350,256.840,256.320,256.320,16
20260414104000,256.320,256.320,256.320,256.320,6
20260414104100,256.550,256.550,256.550,256.550,2
20260414104200,256.550,256.690,256.420,256.420,22
20260414104300,256.310,256.380,256.310,256.380,11
20260414104400,256.370,256.370,256.010,256.010,6
20260414104500,256.000,256.000,256.000,256.000,5
20260414104600,255.940,256.110,255.650,256.110,47
20260414104700,256.110,256.320,256.110,256.320,11
20260414104800,256.150,256.160,256.150,256.160,4
20260414104900,256.100,256.100,256.000,256.000,4
20260414105000,255.990,256.180,255.990,256.000,69
20260414105100,255.860,256.030,255.720,255.720,156
20260414105200,256.000,256.000,255.650,255.990,82
20260414105300,255.980,256.000,255.150,255.660,77
20260414105400,255.670,256.000,255.670,256.000,16
20260414105500,255.990,256.000,255.710,255.960,105
20260414105600,255.600,256.000,255.600,255.990,30
20260414105700,255.970,255.970,255.970,255.970,7
20260414105800,255.600,255.910,255.280,255.280,35
20260414105900,255.200,255.650,255.180,255.640,10
20260414110000,255.230,255.440,255.230,255.440,6
20260414110100,255.200,255.200,255.060,255.060,32
20260414110200,255.050,255.060,255.050,255.060,4
20260414110300,255.280,255.280,255.280,255.280,2
20260414110400,255.350,255.500,255.350,255.500,14
20260414110500,255.500,255.500,255.500,255.500,0
20260414110600,255.610,255.610,255.610,255.610,2
20260414110700,255.600,255.600,254.620,254.620,141
20260414110800,254.620,254.620,254.220,254.510,58
20260414110900,254.510,254.510,254.510,254.510,10
20260414111000,254.510,254.510,254.220,254.220,12
20260414111100,254.220,254.220,254.220,254.220,0
20260414111200,254.470,254.470,254.240,254.250,10
20260414111300,254.230,254.230,254.090,254.090,29
20260414111400,254.060,254.400,254.060,254.400,10
20260414111500,254.460,254.910,254.120,254.910,130
20260414111600,255.040,255.540,254.910,255.290,9
20260414111700,254.910,254.910,254.570,254.570,10
20260414111800,254.510,255.550,254.510,255.550,101
20260414111900,255.130,255.850,255.130,255.800,77
20260414112000,255.810,256.400,255.730,256.100,103
20260414112100,255.900,256.000,255.900,256.000,45
20260414112200,255.980,255.980,255.980,255.980,2
20260414112300,255.900,256.000,255.420,255.420,50
20260414112400,255.420,255.420,255.030,255.030,24
20260414112500,255.070,255.100,255.070,255.090,8
20260414112600,255.100,255.100,255.080,255.080,13
20260414112700,255.080,255.080,255.080,255.080,0
20260414112800,255.080,255.080,255.080,255.080,6
20260414112900,255.080,255.550,255.080,255.550,11
20260414113000,255.090,255.090,255.080,255.080,9
20260414130100,255.090,255.180,254.630,254.770,148
20260414130200,254.630,254.990,254.510,254.980,174
20260414130300,254.600,254.840,254.500,254.840,88
20260414130400,254.840,255.000,254.280,254.860,256
20260414130500,254.220,255.000,254.210,254.450,172
20260414130600,254.500,254.500,254.450,254.450,6
20260414130700,254.410,254.730,254.310,254.330,45
20260414130800,254.730,254.730,254.730,254.730,4
20260414130900,254.730,254.730,254.300,254.300,13
20260414131000,254.300,254.300,253.700,253.700,103
20260414131100,253.800,253.900,253.710,253.720,36
20260414131200,253.720,254.000,253.710,253.740,37
20260414131300,253.740,253.740,253.720,253.730,31
20260414131400,253.720,253.870,253.710,253.710,16
20260414131500,253.690,253.690,253.550,253.600,25
20260414131600,253.940,253.940,253.520,253.550,29
20260414131700,253.550,253.890,253.550,253.890,11
20260414131800,253.560,253.860,253.560,253.860,7
20260414131900,253.910,254.210,253.710,254.210,7
20260414132000,253.890,253.910,253.550,253.870,21
20260414132100,253.860,253.860,253.560,253.560,7
20260414132200,253.560,253.860,253.560,253.860,4
20260414132300,254.170,254.200,254.170,254.190,90
20260414132400,254.190,254.190,253.870,253.870,16
20260414132500,253.870,253.870,253.870,253.870,0
20260414132600,253.880,253.880,253.360,253.380,63
20260414132700,253.360,253.360,253.340,253.340,13
20260414132800,253.730,253.830,253.340,253.340,22
20260414132900,253.700,253.720,253.330,253.330,9
20260414133000,253.720,253.870,253.450,253.450,26
20260414133100,253.450,253.560,253.440,253.560,8
20260414133200,253.370,253.400,253.370,253.370,11
20260414133300,253.360,253.360,253.200,253.210,56
20260414133400,253.210,253.210,253.200,253.200,8
20260414133500,253.200,253.200,253.200,253.200,0
20260414133600,253.650,253.650,253.360,253.360,102
20260414133700,253.350,253.350,253.350,253.350,2
20260414133800,253.360,253.360,253.350,253.350,12
20260414133900,253.350,253.590,253.340,253.590,39
20260414134000,253.600,254.390,253.600,254.000,180
20260414134100,254.000,254.450,254.000,254.450,162
20260414134200,254.450,254.810,254.450,254.790,145
20260414134300,254.750,254.760,254.130,254.760,69
20260414134400,254.950,255.450,254.840,255.040,194
20260414134500,255.020,255.020,254.950,254.960,14
20260414134600,255.000,255.370,254.900,255.370,46
20260414134700,255.260,255.260,255.000,255.260,13
20260414134800,255.270,255.300,255.000,255.000,11
20260414134900,255.000,255.000,255.000,255.000,0
20260414135000,255.010,255.010,254.870,254.870,52
20260414135100,255.210,255.210,254.870,254.870,16
20260414135200,255.240,255.240,255.000,255.000,8
20260414135300,255.000,255.000,255.000,255.000,9
20260414135400,255.260,255.260,255.000,255.000,7
20260414135500,254.870,254.870,254.870,254.870,13
20260414135600,254.870,255.170,254.870,255.170,6
20260414135700,255.170,255.270,254.870,255.270,11
20260414135800,255.300,255.300,255.000,255.000,6
20260414135900,255.350,255.350,255.000,255.340,98
20260414140000,255.030,255.030,255.010,255.010,9
20260414140100,255.360,255.360,255.360,255.360,4
20260414140200,255.090,255.090,255.090,255.090,4
20260414140300,255.060,255.060,255.010,255.010,12
20260414140400,255.010,255.010,255.010,255.010,4
20260414140500,255.090,255.330,255.000,255.000,11
20260414140600,255.000,255.300,255.000,255.000,12
20260414140700,255.010,255.380,255.000,255.000,25
20260414140800,255.000,255.000,255.000,255.000,0
20260414140900,255.310,255.310,255.310,255.310,2
20260414141000,255.400,255.400,255.030,255.120,67
20260414141100,255.120,255.120,255.120,255.120,0
20260414141200,255.290,255.290,255.200,255.200,10
20260414141300,255.120,255.120,255.120,255.120,7
20260414141400,255.020,255.020,255.020,255.020,34
20260414141500,255.360,255.370,255.040,255.040,13
20260414141600,255.020,255.330,255.020,255.330,5
20260414141700,255.000,255.000,255.000,255.000,20
20260414141800,255.340,255.340,255.340,255.340,6
20260414141900,255.340,255.340,255.340,255.340,14
20260414142000,255.350,255.730,255.350,255.730,4
20260414142100,255.700,255.740,255.700,255.740,4
20260414142200,255.740,255.740,255.740,255.740,0
20260414142300,255.700,255.710,255.700,255.710,4
20260414142400,255.390,255.390,255.390,255.390,2
20260414142500,255.630,255.630,255.380,255.380,12
20260414142600,255.390,255.600,255.040,255.600,20
20260414142700,255.520,255.580,255.520,255.580,10
20260414142800,255.580,255.630,255.130,255.130,32
20260414142900,255.040,255.470,255.040,255.470,15
20260414143000,255.450,255.470,255.000,255.470,30
20260414143100,255.460,255.930,255.460,255.460,61
20260414143200,255.870,255.870,255.000,255.000,307
20260414143300,255.000,255.480,254.880,255.210,16
20260414143400,255.000,255.490,254.610,254.610,148
20260414143500,255.000,255.000,255.000,255.000,3
20260414143600,255.000,255.000,254.640,255.000,13
20260414143700,255.000,255.340,254.780,255.340,22
20260414143800,255.020,255.340,255.020,255.280,74
20260414143900,255.000,255.500,254.740,254.740,81
20260414144000,255.380,255.880,255.380,255.880,51
20260414144100,255.540,256.680,255.540,256.500,192
20260414144200,256.580,256.610,256.100,256.550,150
20260414144300,256.550,256.600,255.940,256.530,99
20260414144400,256.510,256.550,256.150,256.490,68
20260414144500,256.490,256.590,256.120,256.590,81
20260414144600,256.630,256.780,256.580,256.580,59
20260414144700,256.580,256.990,256.580,256.990,104
20260414144800,257.000,257.300,256.940,257.200,73
20260414144900,257.270,257.270,256.710,256.710,45
20260414145000,256.390,257.150,256.390,257.140,26
20260414145100,256.730,257.180,256.400,257.000,52
20260414145200,257.100,257.280,257.100,257.160,63
20260414145300,257.280,257.290,257.000,257.280,131
20260414145400,257.290,257.290,257.050,257.290,14
20260414145500,257.110,257.390,257.100,257.390,18
20260414145600,257.530,257.690,257.330,257.650,35
20260414145700,257.320,257.670,257.100,257.650,29
20260414145800,257.110,257.110,257.110,257.110,2
20260414145900,257.110,257.110,257.110,257.110,0
20260414150000,257.000,257.000,257.000,257.000,356
20260415093000,257.000,257.000,257.000,257.000,0
20260415093100,259.170,260.990,255.300,260.800,95
20260415093200,260.870,260.870,257.900,259.090,180
20260415093300,259.080,260.800,258.000,260.800,162
20260415093400,260.110,260.890,259.560,259.560,157
20260415093500,259.260,259.260,257.020,257.930,108
20260415093600,258.520,258.820,257.440,258.750,82
20260415093700,258.030,258.380,257.050,257.260,59
20260415093800,257.270,257.650,257.190,257.190,38
20260415093900,257.080,257.130,256.000,256.160,45
20260415094000,256.280,257.030,256.280,257.030,78
20260415094100,256.420,257.090,256.380,256.860,32
20260415094200,256.450,256.820,256.310,256.620,22
20260415094300,257.100,257.110,256.230,256.230,65
20260415094400,256.220,256.380,256.020,256.380,19
20260415094500,256.380,256.630,256.380,256.630,10
20260415094600,256.590,256.960,256.100,256.960,39
20260415094700,256.780,256.780,256.780,256.780,4
20260415094800,256.280,256.330,256.230,256.330,26
20260415094900,256.240,256.680,256.230,256.230,10
20260415095000,256.700,257.180,256.470,257.180,71
20260415095100,257.290,257.690,256.960,257.350,32
20260415095200,256.860,257.410,256.850,257.010,11
20260415095300,256.970,257.220,256.970,257.220,33
20260415095400,257.220,257.220,256.810,256.810,5
20260415095500,257.290,257.390,257.290,257.390,25
20260415095600,257.390,257.510,257.220,257.400,22
20260415095700,257.490,258.080,257.410,258.080,16
20260415095800,257.720,257.720,257.370,257.520,115
20260415095900,257.420,257.500,256.950,257.500,128
20260415100000,257.400,257.510,256.970,256.970,46
20260415100100,256.980,257.510,256.980,257.170,69
20260415100200,257.140,257.160,256.840,257.160,40
20260415100300,256.900,256.900,256.240,256.240,36
20260415100400,256.200,256.530,256.000,256.110,86
20260415100500,256.110,257.300,256.030,256.850,137
20260415100600,256.830,257.470,256.830,257.170,39
20260415100700,257.000,257.000,257.000,257.000,6
20260415100800,257.000,257.700,256.510,257.700,208
20260415100900,257.950,257.950,257.490,257.920,28
20260415101000,257.930,257.970,257.670,257.670,18
20260415101100,257.500,257.500,257.120,257.330,6
20260415101200,257.380,257.380,257.380,257.380,3
20260415101300,257.380,257.690,257.380,257.690,36
20260415101400,257.700,257.780,257.330,257.330,27
20260415101500,257.530,257.780,257.530,257.780,17
20260415101600,257.480,257.480,257.480,257.480,3
20260415101700,257.480,257.480,257.480,257.480,0
20260415101800,257.320,257.320,256.880,256.880,259
20260415101900,256.470,256.670,256.020,256.670,23
20260415102000,256.310,256.800,256.310,256.800,7
20260415102100,256.380,256.380,256.280,256.280,23
20260415102200,256.000,256.000,255.500,255.770,101
20260415102300,255.870,256.510,255.870,256.510,68
20260415102400,256.520,256.990,256.520,256.990,5
20260415102500,256.520,256.960,256.520,256.960,12
20260415102600,256.670,256.670,256.670,256.670,4
20260415102700,256.770,256.770,256.160,256.170,175
20260415102800,256.770,256.770,256.030,256.650,301
20260415102900,256.650,256.650,256.650,256.650,3
20260415103000,256.770,256.770,256.660,256.660,6
20260415103100,256.650,256.710,256.650,256.710,13
20260415103200,256.730,256.980,256.730,256.980,9
20260415103300,257.070,257.070,257.070,257.070,11
20260415103400,257.210,257.210,257.210,257.210,2
20260415103500,257.500,257.500,257.500,257.500,27
20260415103600,257.560,257.560,257.280,257.280,4
20260415103700,257.130,257.130,257.130,257.130,6
20260415103800,257.200,257.970,257.200,257.970,38
20260415103900,257.890,257.890,257.690,257.690,11
20260415104000,257.490,257.690,257.490,257.690,39
20260415104100,257.690,257.690,257.380,257.380,7
20260415104200,257.390,257.570,257.390,257.570,3
20260415104300,257.540,257.540,257.000,257.000,6
20260415104400,257.000,257.370,257.000,257.340,14
20260415104500,257.060,257.350,257.060,257.350,8
20260415104600,257.000,257.210,256.650,256.970,61
20260415104700,256.970,256.970,256.670,256.670,4
20260415104800,256.860,256.890,256.790,256.890,62
20260415104900,256.960,257.250,256.960,257.000,17
20260415105000,257.000,257.260,257.000,257.260,4
20260415105100,257.210,257.210,257.000,257.000,19
20260415105200,257.180,257.180,257.000,257.000,5
20260415105300,257.000,257.370,256.960,257.370,72
20260415105400,257.550,257.660,257.350,257.520,12
20260415105500,257.520,257.520,257.520,257.520,0
20260415105600,257.150,257.570,257.150,257.570,4
20260415105700,257.190,257.190,257.190,257.190,5
20260415105800,257.190,257.190,257.190,257.190,0
20260415105900,257.190,257.540,257.190,257.210,18
20260415110000,257.210,257.600,257.210,257.600,33
20260415110100,257.620,257.620,257.620,257.620,2
20260415110200,257.620,257.620,257.620,257.620,0
20260415110300,257.590,257.590,257.580,257.580,4
20260415110400,257.530,257.530,257.380,257.380,6
20260415110500,257.200,257.410,257.200,257.410,17
20260415110600,257.280,257.400,257.200,257.400,13
20260415110700,257.200,257.440,257.050,257.400,29
20260415110800,257.500,257.500,257.410,257.410,12
20260415110900,257.140,257.370,257.000,257.370,21
20260415111000,257.370,257.500,257.060,257.060,76
20260415111100,257.180,257.280,257.100,257.100,59
20260415111200,257.490,257.490,257.450,257.460,13
20260415111300,257.150,257.500,257.150,257.470,14
20260415111400,257.180,257.450,257.160,257.160,6
20260415111500,257.160,257.160,257.160,257.160,0
20260415111600,257.480,257.880,257.470,257.880,82
20260415111700,257.880,257.880,257.870,257.870,7
20260415111800,257.680,257.680,257.680,257.680,4
20260415111900,257.860,258.350,257.860,258.000,37
20260415112000,258.090,258.300,258.090,258.200,20
20260415112100,258.110,258.110,258.110,258.110,2
20260415112200,258.200,258.970,258.200,258.970,39
20260415112300,258.580,258.580,258.580,258.580,5
20260415112400,259.090,259.090,258.980,258.990,18
20260415112500,258.720,258.720,258.720,258.720,4
20260415112600,258.930,258.930,258.750,258.750,4
20260415112700,258.740,258.740,258.740,258.740,4
20260415112800,258.740,259.090,258.730,258.960,16
20260415112900,259.390,259.700,259.390,259.700,96
20260415113000,259.220,259.670,259.220,259.670,7
20260415130100,259.670,259.670,258.180,259.050,172
20260415130200,258.820,258.830,258.770,258.830,8
20260415130300,258.320,258.750,258.320,258.470,40
20260415130400,258.690,258.690,258.380,258.680,18
20260415130500,258.590,259.000,258.590,258.990,26
20260415130600,258.600,259.100,258.340,258.530,20
20260415130700,258.610,258.620,258.260,258.260,37
20260415130800,258.620,258.620,258.270,258.620,10
20260415130900,258.620,258.620,258.620,258.620,0
20260415131000,258.280,258.620,258.280,258.620,5
20260415131100,258.620,258.640,258.620,258.640,4
20260415131200,258.980,258.990,258.980,258.990,5
20260415131300,258.470,259.500,258.470,259.500,44
20260415131400,259.490,260.390,259.480,260.390,193
20260415131500,260.270,260.500,260.050,260.390,52
20260415131600,260.380,260.380,260.000,260.000,11
20260415131700,260.300,260.890,260.010,260.890,114
20260415131800,260.850,261.000,260.480,260.480,70
20260415131900,260.480,260.860,260.480,260.860,35
20260415132000,260.860,261.240,260.310,260.500,226
20260415132100,260.870,260.870,260.520,260.850,71
20260415132200,260.880,260.880,260.500,260.860,41
20260415132300,260.470,260.850,260.030,260.030,40
20260415132400,260.440,260.440,260.440,260.440,2
20260415132500,260.440,260.440,260.190,260.190,12
20260415132600,260.020,260.440,260.020,260.320,19
20260415132700,260.540,260.840,260.320,260.820,73
20260415132800,260.810,261.580,260.810,260.900,150
20260415132900,261.000,261.150,260.850,261.150,52
20260415133000,261.000,261.160,261.000,261.160,11
20260415133100,261.180,261.580,261.180,261.250,25
20260415133200,261.250,261.690,261.250,261.400,17
20260415133300,261.690,261.690,261.680,261.680,15
20260415133400,261.670,261.670,261.300,261.300,76
20260415133500,261.510,262.260,261.310,261.310,343
20260415133600,261.700,261.700,261.500,261.600,21
20260415133700,261.700,261.700,260.000,261.240,78
20260415133800,260.120,261.290,260.120,261.290,66
20260415133900,261.360,261.700,260.310,260.310,98
20260415134000,261.310,261.310,260.000,260.820,205
20260415134100,261.230,261.240,260.800,261.230,20
20260415134200,261.310,261.440,261.310,261.440,22
20260415134300,260.910,261.330,260.910,260.920,20
20260415134400,260.920,260.920,260.920,260.920,0
20260415134500,260.810,260.810,260.700,260.700,15
20260415134600,260.370,260.370,260.050,260.050,9
20260415134700,260.050,260.050,260.000,260.020,22
20260415134800,260.070,260.070,260.070,260.070,6
20260415134900,260.000,260.000,259.510,259.510,6
20260415135000,260.040,260.040,260.040,260.040,2
20260415135100,259.360,260.040,259.360,259.520,12
20260415135200,259.990,259.990,259.370,259.370,4
20260415135300,259.980,259.980,259.490,259.890,13
20260415135400,259.510,259.570,259.500,259.570,12
20260415135500,259.570,259.570,259.570,259.570,0
20260415135600,259.760,259.760,259.570,259.570,4
20260415135700,259.460,259.850,259.460,259.850,4
20260415135800,259.850,259.850,259.850,259.850,4
20260415135900,259.500,259.500,259.210,259.210,40
20260415140000,259.350,259.400,259.100,259.100,34
20260415140100,259.400,259.500,259.220,259.220,11
20260415140200,259.200,259.210,259.200,259.200,7
20260415140300,259.210,259.210,259.140,259.160,6
20260415140400,259.530,259.530,259.170,259.170,4
20260415140500,259.530,259.540,259.180,259.540,10
20260415140600,259.540,259.540,259.540,259.540,10
20260415140700,259.180,259.390,259.160,259.160,10
20260415140800,259.210,259.210,259.200,259.200,4
20260415140900,259.380,259.740,259.190,259.740,35
20260415141000,259.270,259.770,259.270,259.300,10
20260415141100,259.700,259.700,259.200,259.200,9
20260415141200,259.210,259.680,259.210,259.680,17
20260415141300,259.220,259.220,259.220,259.220,2
20260415141400,259.610,259.610,259.240,259.240,13
20260415141500,259.240,259.250,258.520,258.520,93
20260415141600,258.560,258.990,258.560,258.580,17
20260415141700,258.570,258.990,258.550,258.550,19
20260415141800,258.550,258.970,258.550,258.560,15
20260415141900,258.560,258.950,258.560,258.560,38
20260415142000,258.570,258.960,258.570,258.590,10
20260415142100,258.560,258.560,258.560,258.560,4
20260415142200,258.560,258.560,258.560,258.560,3
20260415142300,258.940,258.960,258.940,258.960,8
20260415142400,258.630,258.630,258.630,258.630,2
20260415142500,258.960,258.990,258.960,258.990,6
20260415142600,258.710,258.990,258.710,258.710,7
20260415142700,259.000,259.100,258.710,258.710,72
20260415142800,258.720,258.720,258.640,258.640,41
20260415142900,258.880,259.310,258.880,259.310,14
20260415143000,258.930,258.930,258.600,258.600,14
20260415143100,258.610,258.630,258.610,258.630,8
20260415143200,258.450,258.820,258.070,258.820,108
20260415143300,258.800,258.800,258.170,258.800,35
20260415143400,258.400,258.800,258.400,258.800,4
20260415143500,258.400,258.510,258.390,258.510,30
20260415143600,258.520,258.520,258.280,258.280,34
20260415143700,258.120,258.520,258.120,258.150,41
20260415143800,258.460,258.460,258.140,258.140,14
20260415143900,258.470,258.490,258.470,258.490,19
20260415144000,258.150,258.540,258.150,258.540,63
20260415144100,258.500,258.550,258.300,258.520,24
20260415144200,258.050,258.510,258.050,258.510,50
20260415144300,258.570,258.740,258.520,258.740,30
20260415144400,258.740,259.100,258.740,258.970,58
20260415144500,258.980,259.450,258.000,258.180,724
20260415144600,258.230,258.910,258.230,258.850,59
20260415144700,258.210,258.780,258.200,258.700,25
20260415144800,258.250,258.700,258.250,258.680,14
20260415144900,258.720,258.900,258.640,258.900,36
20260415145000,258.900,258.900,257.100,257.350,148
20260415145100,258.160,258.630,257.300,257.570,1182
20260415145200,258.130,258.130,257.590,257.600,40
20260415145300,257.790,258.100,257.600,257.600,59
20260415145400,257.970,258.280,257.800,258.280,56
20260415145500,257.890,258.690,257.870,257.870,148
20260415145600,257.690,258.550,257.540,257.950,53
20260415145700,257.970,258.500,257.370,258.500,96
20260415145800,258.500,258.500,258.500,258.500,0
20260415145900,258.500,258.500,258.500,258.500,0
20260415150000,258.500,258.500,258.500,258.500,53
20260416093000,258.490,258.490,258.490,258.490,4
20260416093100,258.490,260.800,257.000,260.790,104
20260416093200,259.490,260.780,257.780,258.320,76
20260416093300,258.220,258.240,257.840,257.890,33
20260416093400,258.410,258.490,257.860,258.490,53
20260416093500,257.890,258.510,257.860,257.980,51
20260416093600,258.080,258.080,257.930,258.000,19
20260416093700,257.910,258.350,257.630,257.680,34
20260416093800,258.070,258.080,257.660,258.010,22
20260416093900,257.790,258.200,257.200,257.200,44
20260416094000,257.210,258.360,257.210,258.360,27
20260416094100,258.340,258.520,258.280,258.520,40
20260416094200,258.740,258.740,258.000,258.440,52
20260416094300,258.490,258.740,258.290,258.740,46
20260416094400,258.740,258.740,258.370,258.370,18
20260416094500,258.450,258.740,258.450,258.740,41
20260416094600,258.390,258.640,258.350,258.640,30
20260416094700,258.850,258.850,257.960,258.300,96
20260416094800,258.310,258.320,258.310,258.320,12
20260416094900,258.070,258.340,258.070,258.340,4
20260416095000,258.340,258.340,257.950,257.950,37
20260416095100,258.330,258.330,258.320,258.320,10
20260416095200,258.410,258.780,258.390,258.390,19
20260416095300,258.650,258.650,258.650,258.650,5
20260416095400,258.660,258.780,258.360,258.780,48
20260416095500,258.840,259.000,258.840,258.960,84
20260416095600,258.960,258.960,258.220,258.470,32
20260416095700,258.760,259.210,258.760,259.200,19
20260416095800,259.110,259.490,259.110,259.490,8
20260416095900,259.490,259.490,258.620,258.910,42
20260416100000,258.880,258.890,258.490,258.820,43
20260416100100,258.820,259.190,258.820,259.190,33
20260416100200,259.190,259.190,258.710,259.080,17
20260416100300,259.190,259.190,258.350,258.940,16
20260416100400,258.760,258.910,258.710,258.910,26
20260416100500,259.010,259.080,258.750,259.080,14
20260416100600,259.070,259.250,258.520,259.250,53
20260416100700,259.240,259.240,258.640,258.710,23
20260416100800,259.090,259.090,258.660,258.660,30
20260416100900,258.650,258.650,258.220,258.220,17
20260416101000,258.320,258.320,257.900,257.900,17
20260416101100,257.900,257.900,257.230,257.230,57
20260416101200,257.250,257.530,257.200,257.390,25
20260416101300,257.220,257.350,256.120,256.130,172
20260416101400,256.130,257.480,256.130,257.480,87
20260416101500,257.580,257.870,257.580,257.780,29
20260416101600,257.280,257.780,257.280,257.780,12
20260416101700,257.780,258.540,257.780,258.540,52
20260416101800,258.950,259.010,258.500,259.000,47
20260416101900,259.180,259.640,259.050,259.640,42
20260416102000,259.320,259.320,259.170,259.170,7
20260416102100,259.270,259.450,259.270,259.450,4
20260416102200,259.440,259.620,259.220,259.460,33
20260416102300,259.540,259.540,259.040,259.040,16
20260416102400,258.550,258.890,258.450,258.890,8
20260416102500,258.880,258.880,258.270,258.850,10
20260416102600,258.850,258.960,258.490,258.920,19
20260416102700,258.940,259.030,258.500,258.620,16
20260416102800,258.620,258.620,258.470,258.470,5
20260416102900,258.480,258.490,258.430,258.490,5
20260416103000,258.270,259.030,258.270,259.030,16
20260416103100,258.590,259.000,258.590,258.990,19
20260416103200,259.000,259.030,258.630,258.630,8
20260416103300,258.600,258.600,258.250,258.250,9
20260416103400,258.250,258.250,258.070,258.070,26
20260416103500,258.560,258.560,258.560,258.560,3
20260416103600,258.430,258.440,258.430,258.430,6
20260416103700,258.420,258.480,258.420,258.480,8
20260416103800,258.530,258.580,258.380,258.380,33
20260416103900,258.540,258.540,258.540,258.540,10
20260416104000,258.510,258.510,258.200,258.500,6
20260416104100,258.180,258.600,258.180,258.590,16
20260416104200,258.870,258.870,258.870,258.870,9
20260416104300,258.860,258.860,258.590,258.590,15
20260416104400,258.640,258.810,258.260,258.810,14
20260416104500,258.770,258.770,258.560,258.560,5
20260416104600,258.890,258.910,258.890,258.910,14
20260416104700,258.900,259.510,258.900,259.510,55
20260416104800,259.290,259.290,258.870,259.020,20
20260416104900,258.650,259.000,258.650,259.000,30
20260416105000,259.000,259.000,259.000,259.000,0
20260416105100,258.880,258.880,258.870,258.870,8
20260416105200,258.730,258.730,258.640,258.640,15
20260416105300,258.440,258.440,258.420,258.440,8
20260416105400,258.440,258.440,258.140,258.250,10
20260416105500,258.270,258.270,258.270,258.270,6
20260416105600,258.270,258.270,258.270,258.270,0
20260416105700,258.490,258.490,258.490,258.490,4
20260416105800,258.450,258.450,257.980,257.980,25
20260416105900,258.350,258.410,258.300,258.410,24
20260416110000,258.090,258.090,257.990,257.990,8
20260416110100,257.940,258.320,257.940,258.300,8
20260416110200,257.990,257.990,257.990,257.990,2
20260416110300,258.000,258.110,257.950,258.110,17
20260416110400,257.950,257.950,257.940,257.940,7
20260416110500,257.900,258.560,257.890,258.500,92
20260416110600,258.550,258.580,258.550,258.580,8
20260416110700,258.410,259.080,258.410,259.080,38
20260416110800,259.080,259.280,259.080,259.130,34
20260416110900,259.130,259.130,259.070,259.120,18
20260416111000,259.070,259.070,258.730,258.730,7
20260416111100,259.110,259.260,259.110,259.110,11
20260416111200,259.230,259.230,258.720,258.730,7
20260416111300,259.080,259.170,258.740,259.170,18
20260416111400,258.750,258.750,258.740,258.740,5
20260416111500,258.740,258.740,258.740,258.740,0
20260416111600,258.690,259.000,258.690,259.000,29
20260416111700,258.790,258.990,258.500,258.990,18
20260416111800,258.630,258.660,258.560,258.560,6
20260416111900,258.500,258.600,258.500,258.500,12
20260416112000,258.340,258.600,258.340,258.350,13
20260416112100,258.370,258.380,258.260,258.260,12
20260416112200,258.380,258.590,258.270,258.590,9
20260416112300,258.280,258.280,258.270,258.270,28
20260416112400,258.000,258.650,258.000,258.190,27
20260416112500,258.570,258.570,258.230,258.570,7
20260416112600,258.570,258.650,258.270,258.270,9
20260416112700,258.170,258.170,258.150,258.150,11
20260416112800,258.490,258.490,258.190,258.190,15
20260416112900,258.180,258.300,258.180,258.300,26
20260416113000,258.230,258.300,257.520,258.010,27
20260416130100,258.020,258.020,257.530,257.990,68
20260416130200,257.630,257.940,257.520,257.940,22
20260416130300,257.910,257.910,257.910,257.910,2
20260416130400,257.690,258.280,257.690,258.280,33
20260416130500,257.950,258.500,257.940,257.980,42
20260416130600,258.360,258.360,257.520,257.610,35
20260416130700,257.980,258.450,257.980,258.450,20
20260416130800,258.350,258.350,258.320,258.340,11
20260416130900,257.910,258.390,257.910,258.380,9
20260416131000,257.900,258.410,257.900,258.410,12
20260416131100,258.540,258.650,258.150,258.500,14
20260416131200,258.400,258.400,258.230,258.230,12
20260416131300,258.260,258.490,258.090,258.090,22
20260416131400,258.470,258.470,258.100,258.100,4
20260416131500,258.400,258.480,258.300,258.480,22
20260416131600,258.480,258.700,258.480,258.700,23
20260416131700,258.700,258.880,258.700,258.830,12
20260416131800,258.820,258.900,258.780,258.900,16
20260416131900,259.000,259.200,259.000,259.200,15
20260416132000,259.010,259.010,258.580,258.980,17
20260416132100,259.180,259.190,258.740,258.750,19
20260416132200,258.760,258.780,258.760,258.780,7
20260416132300,259.030,259.030,258.760,259.020,15
20260416132400,258.760,258.760,258.500,258.500,17
20260416132500,258.150,258.450,258.150,258.450,19
20260416132600,258.460,258.480,258.460,258.480,6
20260416132700,258.590,258.690,258.590,258.690,8
20260416132800,258.680,258.680,258.550,258.550,11
20260416132900,258.560,258.560,258.030,258.030,23
20260416133000,258.540,258.550,258.540,258.550,4
20260416133100,258.500,258.500,258.500,258.500,3
20260416133200,258.500,258.530,258.110,258.530,15
20260416133300,258.120,258.490,257.920,257.920,21
20260416133400,257.910,257.920,257.910,257.920,11
20260416133500,257.910,258.090,257.670,258.090,17
20260416133600,258.250,258.280,257.710,258.280,21
20260416133700,257.840,258.380,257.840,258.150,26
20260416133800,258.150,258.150,258.130,258.130,8
20260416133900,257.970,257.980,257.970,257.980,5
20260416134000,258.010,258.050,257.840,258.050,23
20260416134100,258.050,258.050,257.970,258.000,10
20260416134200,257.990,257.990,257.840,257.840,4
20260416134300,257.950,257.980,257.950,257.980,18
20260416134400,258.000,258.000,257.990,257.990,18
20260416134500,257.990,258.000,257.820,257.820,10
20260416134600,258.360,258.360,258.000,258.000,7
20260416134700,258.320,258.320,257.860,258.240,20
20260416134800,258.230,258.230,257.820,258.170,17
20260416134900,257.820,258.000,257.660,257.990,27
20260416135000,257.990,257.990,257.660,257.660,9
20260416135100,257.960,258.000,257.960,258.000,8
20260416135200,258.100,258.200,258.020,258.020,56
20260416135300,258.020,258.020,258.020,258.020,2
20260416135400,258.100,258.290,257.680,258.260,19
20260416135500,258.280,258.310,258.030,258.030,20
20260416135600,258.030,258.300,258.030,258.300,14
20260416135700,258.050,258.050,258.050,258.050,2
20260416135800,258.290,258.290,258.290,258.290,2
20260416135900,258.280,258.300,258.280,258.300,26
20260416140000,257.870,258.280,257.870,257.970,25
20260416140100,257.880,258.280,257.850,257.850,25
20260416140200,257.850,258.280,257.850,258.280,8
20260416140300,258.270,258.270,258.260,258.260,5
20260416140400,257.810,258.130,257.800,257.800,6
20260416140500,257.790,257.790,257.630,257.630,6
20260416140600,258.050,258.050,257.640,257.640,9
20260416140700,257.660,258.040,257.660,258.040,21
20260416140800,258.000,258.100,257.650,258.100,23
20260416140900,258.040,258.140,258.000,258.140,24
20260416141000,258.200,258.370,258.200,258.270,26
20260416141100,258.020,258.500,258.020,258.470,32
20260416141200,258.440,258.500,258.400,258.400,20
20260416141300,258.450,258.500,258.400,258.400,16
20260416141400,257.710,258.340,257.710,258.270,77
20260416141500,258.250,258.250,257.710,258.000,16
20260416141600,258.000,258.000,257.730,257.730,10
20260416141700,257.730,257.730,257.730,257.730,25
20260416141800,257.720,258.030,257.720,258.030,18
20260416141900,258.000,258.000,257.990,257.990,22
20260416142000,257.750,257.850,257.720,257.850,22
20260416142100,257.850,258.000,257.850,257.990,28
20260416142200,257.750,257.750,257.560,257.560,31
20260416142300,257.700,258.220,257.700,258.100,55
20260416142400,258.000,258.000,257.760,257.760,12
20260416142500,257.790,257.900,257.780,257.780,22
20260416142600,257.500,257.860,257.470,257.800,14
20260416142700,257.690,257.700,257.690,257.700,12
20260416142800,257.830,258.260,257.830,258.250,27
20260416142900,257.910,257.910,257.800,257.800,17
20260416143000,257.790,258.220,257.660,257.660,14
20260416143100,258.160,258.160,257.670,258.090,38
20260416143200,258.000,258.110,257.750,258.100,73
20260416143300,258.100,258.100,257.900,258.000,40
20260416143400,257.860,258.070,257.860,258.070,32
20260416143500,257.900,257.900,257.870,257.870,14
20260416143600,258.060,258.100,258.030,258.080,28
20260416143700,258.080,258.090,257.960,258.090,20
20260416143800,257.860,258.070,257.720,257.860,55
20260416143900,257.860,258.500,257.860,258.400,44
20260416144000,258.380,258.380,257.870,257.870,34
20260416144100,257.870,257.870,257.870,257.870,10
20260416144200,258.040,258.070,257.780,257.810,14
20260416144300,257.800,258.080,257.800,257.820,32
20260416144400,257.820,258.010,257.820,258.010,29
20260416144500,258.010,258.330,258.010,258.330,14
20260416144600,258.320,258.320,258.000,258.040,61
20260416144700,258.040,258.190,257.880,258.190,47
20260416144800,258.190,258.190,257.920,257.960,15
20260416144900,257.960,258.190,257.730,257.730,50
20260416145000,257.930,258.170,257.930,258.170,42
20260416145100,258.040,258.040,257.990,258.040,20
20260416145200,257.940,257.940,257.930,257.930,25
20260416145300,258.170,258.190,257.980,257.980,35
20260416145400,257.930,258.190,257.930,258.180,47
20260416145500,258.180,258.180,257.930,258.180,15
20260416145600,258.190,258.190,257.720,257.980,53
20260416145700,257.720,258.180,257.570,258.180,57
20260416145800,258.180,258.180,258.180,258.180,0
20260416145900,258.180,258.180,258.180,258.180,0
20260416150000,257.210,257.210,257.210,257.210,173
20260417093000,258.440,258.440,258.440,258.440,12
20260417093100,258.440,258.460,256.000,256.100,97
20260417093200,256.000,257.100,255.600,256.460,168
20260417093300,256.160,256.280,256.040,256.080,24
20260417093400,256.230,256.610,255.970,256.080,182
20260417093500,256.460,256.560,256.100,256.550,22
20260417093600,256.540,256.540,255.970,256.050,52
20260417093700,256.490,256.490,256.010,256.460,8
20260417093800,256.550,256.560,256.250,256.250,16
20260417093900,256.030,256.250,255.800,256.030,32
20260417094000,256.030,256.930,256.030,256.930,34
20260417094100,256.920,257.160,256.580,256.600,46
20260417094200,256.410,256.410,255.880,255.880,27
20260417094300,255.750,255.980,255.700,255.970,35
20260417094400,255.710,256.000,255.230,255.800,34
20260417094500,255.990,256.000,255.350,256.000,28
20260417094600,256.000,257.090,256.000,256.700,33
20260417094700,256.710,257.220,256.520,256.520,34
20260417094800,256.520,256.660,256.100,256.660,32
20260417094900,256.150,256.300,255.720,256.290,82
20260417095000,256.290,256.310,255.740,256.280,18
20260417095100,255.700,255.760,255.400,255.600,13
20260417095200,255.950,255.950,255.400,255.400,40
20260417095300,255.790,255.790,255.400,255.400,15
20260417095400,255.400,255.400,254.620,254.620,163
20260417095500,254.630,254.980,254.480,254.980,37
20260417095600,254.650,255.170,254.650,255.170,17
20260417095700,255.150,256.280,255.150,256.280,44
20260417095800,256.300,256.400,255.000,255.190,102
20260417095900,255.010,255.020,254.800,254.860,10
20260417100000,255.080,255.500,255.080,255.490,25
20260417100100,255.330,255.330,255.130,255.210,12
20260417100200,255.120,255.120,254.950,255.040,10
20260417100300,254.820,254.820,254.800,254.800,4
20260417100400,255.060,255.180,255.060,255.180,8
20260417100500,254.810,255.170,254.810,255.000,8
20260417100600,255.000,255.000,254.990,254.990,9
20260417100700,254.820,254.990,254.820,254.990,11
20260417100800,254.990,255.000,254.990,255.000,12
20260417100900,255.000,255.080,254.800,254.800,14
20260417101000,255.080,255.080,255.080,255.080,4
20260417101100,255.090,255.090,254.700,254.700,13
20260417101200,254.960,254.960,254.700,254.930,18
20260417101300,254.930,255.090,254.690,255.090,13
20260417101400,255.090,255.090,255.000,255.000,4
20260417101500,254.680,254.750,254.370,254.370,50
20260417101600,254.300,254.560,254.210,254.560,28
20260417101700,254.210,254.760,254.210,254.320,44
20260417101800,254.320,254.320,254.320,254.320,0
20260417101900,254.310,254.310,254.310,254.310,2
20260417102000,254.480,254.480,254.180,254.200,20
20260417102100,254.270,254.410,254.270,254.400,12
20260417102200,254.630,254.630,254.110,254.110,43
20260417102300,254.530,254.750,254.530,254.540,16
20260417102400,254.550,254.910,254.420,254.430,16
20260417102500,254.500,254.880,254.370,254.870,22
20260417102600,255.080,255.330,254.870,255.060,18
20260417102700,255.060,255.410,254.610,255.070,20
20260417102800,255.070,255.070,255.070,255.070,0
20260417102900,254.610,254.990,254.610,254.990,9
20260417103000,254.990,255.100,254.610,255.100,8
20260417103100,255.120,255.280,254.740,255.270,37
20260417103200,255.270,255.270,255.270,255.270,0
20260417103300,255.260,255.330,254.920,255.330,10
20260417103400,255.310,255.320,254.880,255.320,12
20260417103500,254.880,255.100,254.600,254.760,30
20260417103600,254.600,254.600,254.500,254.500,8
20260417103700,254.350,254.350,254.350,254.350,8
20260417103800,254.590,254.590,254.570,254.570,4
20260417103900,254.600,254.600,254.600,254.600,5
20260417104000,254.310,254.670,254.310,254.670,6
20260417104100,254.170,254.590,254.170,254.590,15
20260417104200,254.110,254.110,254.110,254.110,13
20260417104300,254.110,254.110,254.110,254.110,0
20260417104400,253.630,253.630,253.450,253.450,105
20260417104500,253.700,253.700,253.700,253.700,2
20260417104600,253.710,253.800,253.520,253.800,10
20260417104700,253.850,254.210,253.850,253.910,22
20260417104800,254.310,254.310,253.990,253.990,3
20260417104900,253.990,253.990,253.880,253.880,7
20260417105000,253.880,253.880,253.880,253.880,0
20260417105100,253.880,253.880,252.670,252.940,590
20260417105200,252.940,252.940,252.940,252.940,16
20260417105300,252.940,253.000,252.550,252.660,94
20260417105400,252.760,252.760,252.530,252.530,7
20260417105500,252.820,252.820,252.820,252.820,2
20260417105600,252.950,252.950,252.920,252.920,8
20260417105700,252.920,252.920,252.720,252.720,16
20260417105800,252.700,252.920,252.700,252.920,21
20260417105900,252.900,252.900,252.440,252.500,73
20260417110000,252.530,252.530,252.530,252.530,5
20260417110100,252.360,252.470,252.360,252.470,10
20260417110200,252.380,252.380,252.350,252.350,10
20260417110300,252.350,252.460,252.330,252.330,21
20260417110400,252.550,252.630,252.550,252.630,11
20260417110500,252.640,252.820,252.640,252.820,16
20260417110600,252.820,252.820,252.750,252.750,8
20260417110700,252.750,252.750,252.750,252.750,0
20260417110800,252.750,252.750,252.750,252.750,0
20260417110900,252.750,252.750,252.750,252.750,2
20260417111000,252.520,252.810,252.500,252.810,19
20260417111100,252.500,252.510,252.500,252.510,6
20260417111200,252.450,252.490,252.450,252.490,4
20260417111300,252.450,252.760,252.450,252.750,8
20260417111400,252.760,252.800,252.440,252.800,9
20260417111500,252.800,252.800,252.720,252.720,9
20260417111600,252.440,252.440,252.440,252.440,3
20260417111700,252.440,252.460,252.260,252.460,62
20260417111800,252.250,252.450,252.060,252.450,28
20260417111900,252.450,252.450,252.450,252.450,0
20260417112000,252.080,252.080,252.080,252.080,3
20260417112100,252.380,252.720,252.380,252.720,14
20260417112200,252.500,252.740,252.500,252.500,18
20260417112300,252.350,252.730,252.140,252.730,17
20260417112400,252.660,252.660,252.660,252.660,4
20260417112500,252.660,252.660,252.660,252.660,0
20260417112600,252.200,252.200,252.100,252.100,22
20260417112700,251.620,251.620,251.550,251.550,63
20260417112800,251.560,251.700,251.430,251.440,21
20260417112900,251.430,251.540,251.430,251.540,8
20260417113000,251.540,251.540,251.530,251.530,10
20260417130100,251.690,252.540,251.430,252.500,184
20260417130200,252.640,254.000,252.350,253.500,252
20260417130300,253.530,254.400,253.520,254.400,123
20260417130400,254.360,254.360,253.950,254.290,35
20260417130500,254.370,254.880,254.370,254.800,244
20260417130600,255.000,255.000,254.160,254.160,348
20260417130700,254.600,254.850,254.400,254.850,45
20260417130800,254.880,254.940,254.390,254.410,115
20260417130900,254.550,254.550,254.550,254.550,2
20260417131000,253.950,253.990,253.950,253.990,10
20260417131100,253.930,253.930,253.930,253.930,2
20260417131200,253.930,254.050,253.930,254.050,8
20260417131300,254.270,254.280,254.270,254.280,20
20260417131400,253.720,254.240,253.640,253.640,16
20260417131500,254.170,254.170,254.000,254.000,4
20260417131600,254.000,254.000,253.670,253.670,6
20260417131700,253.630,253.630,253.630,253.630,27
20260417131800,253.610,253.670,253.250,253.250,9
20260417131900,253.170,253.170,252.930,252.930,51
20260417132000,252.980,252.980,252.980,252.980,2
20260417132100,253.430,253.430,253.410,253.410,4
20260417132200,253.410,253.410,253.410,253.410,2
20260417132300,253.560,253.970,253.440,253.440,15
20260417132400,253.440,253.440,253.440,253.440,3
20260417132500,253.440,253.440,253.440,253.440,0
20260417132600,253.820,253.820,253.820,253.820,2
20260417132700,253.360,253.360,253.360,253.360,4
20260417132800,253.880,254.010,253.880,254.010,6
20260417132900,253.620,254.130,253.620,254.130,6
20260417133000,254.140,254.140,254.050,254.090,13
20260417133100,254.100,254.130,254.100,254.130,6
20260417133200,253.730,253.730,253.730,253.730,2
20260417133300,253.740,253.760,253.740,253.760,4
20260417133400,254.140,254.140,254.140,254.140,4
20260417133500,254.170,254.170,254.170,254.170,2
20260417133600,254.170,254.560,254.170,254.230,84
20260417133700,254.750,254.820,254.350,254.780,34
20260417133800,254.810,254.830,254.810,254.830,6
20260417133900,254.430,254.820,254.430,254.440,21
20260417134000,254.440,254.440,254.440,254.440,0
20260417134100,254.440,254.800,254.440,254.800,4
20260417134200,253.950,253.950,253.950,253.950,17
20260417134300,253.950,253.950,253.950,253.950,0
20260417134400,253.960,254.720,253.960,254.420,64
20260417134500,254.570,254.570,254.570,254.570,2
20260417134600,254.500,254.810,254.030,254.810,271
20260417134700,254.970,255.300,254.970,255.300,56
20260417134800,254.990,255.380,254.990,255.380,46
20260417134900,255.000,255.350,255.000,255.350,10
20260417135000,255.020,255.360,255.020,255.020,30
20260417135100,255.440,255.440,255.440,255.440,2
20260417135200,255.400,255.450,255.400,255.450,15
20260417135300,255.450,255.550,255.450,255.520,26
20260417135400,255.250,255.730,255.250,255.730,4
20260417135500,255.730,255.730,255.730,255.730,0
20260417135600,255.250,255.440,255.160,255.160,14
20260417135700,255.170,255.440,255.080,255.440,11
20260417135800,255.060,255.060,255.000,255.000,16
20260417135900,255.000,255.000,253.280,254.000,189
20260417140000,254.410,254.440,254.410,254.440,4
20260417140100,254.450,254.700,254.350,254.680,84
20260417140200,254.680,254.730,254.680,254.730,15
20260417140300,254.940,254.990,254.940,254.990,14
20260417140400,254.950,254.990,254.720,254.720,31
20260417140500,254.720,255.000,254.720,255.000,5
20260417140600,254.720,255.000,254.260,254.260,98
20260417140700,254.280,254.280,253.880,253.900,38
20260417140800,253.890,253.890,253.800,253.800,24
20260417140900,254.180,254.180,253.800,253.800,12
20260417141000,253.800,253.800,253.280,253.280,43
20260417141100,253.230,253.640,253.230,253.230,28
20260417141200,253.230,253.240,253.230,253.230,14
20260417141300,253.230,253.230,253.230,253.230,2
20260417141400,253.230,254.330,253.230,254.330,153
20260417141500,253.800,254.560,253.800,254.560,106
20260417141600,254.580,254.580,254.150,254.150,115
20260417141700,254.580,254.580,254.580,254.580,24
20260417141800,254.200,254.730,253.930,253.930,30
20260417141900,254.310,254.960,254.310,254.960,11
20260417142000,254.360,255.070,254.350,254.560,428
20260417142100,254.560,254.970,254.560,254.960,285
20260417142200,254.730,254.730,254.560,254.560,69
20260417142300,254.560,254.560,254.350,254.350,52
20260417142400,254.350,254.350,253.560,253.900,80
20260417142500,254.540,254.570,254.540,254.570,11
20260417142600,254.550,254.550,254.550,254.550,2
20260417142700,254.550,254.770,254.370,254.770,17
20260417142800,254.750,254.760,254.360,254.360,11
20260417142900,254.750,254.760,254.390,254.760,64
20260417143000,254.190,254.690,254.190,254.690,6
20260417143100,254.700,254.700,254.200,254.660,16
20260417143200,254.690,255.200,254.670,255.200,43
20260417143300,255.440,255.800,255.440,255.710,81
20260417143400,255.700,256.480,255.700,256.210,89
20260417143500,256.340,256.360,256.340,256.360,8
20260417143600,256.040,256.340,256.040,256.040,6
20260417143700,256.060,256.300,256.020,256.040,27
20260417143800,256.020,256.020,256.020,256.020,2
20260417143900,256.170,256.170,255.510,255.980,82
20260417144000,255.540,256.080,255.540,256.080,38
20260417144100,256.160,256.160,255.990,256.000,21
20260417144200,255.760,255.980,255.500,255.500,209
20260417144300,255.980,256.010,255.500,256.000,67
20260417144400,255.630,256.000,255.600,255.940,68
20260417144500,255.930,256.000,255.610,255.940,69
20260417144600,255.930,256.030,255.930,256.030,20
20260417144700,256.090,256.100,256.000,256.000,10
20260417144800,256.000,256.000,255.610,255.610,131
20260417144900,255.740,255.740,255.600,255.600,16
20260417145000,255.620,256.010,255.550,255.550,75
20260417145100,255.550,255.550,255.500,255.510,14
20260417145200,255.490,255.500,255.490,255.500,22
20260417145300,255.540,255.540,255.470,255.540,8
20260417145400,255.540,255.540,255.540,255.540,2
20260417145500,255.970,256.100,255.470,256.090,157
20260417145600,256.000,256.120,256.000,256.120,38
20260417145700,256.080,256.230,256.000,256.230,73
20260417145800,256.230,256.230,256.230,256.230,0
20260417145900,256.230,256.230,256.230,256.230,0
20260417150000,256.020,256.020,256.020,256.020,66
20260420093000,255.100,255.100,255.100,255.100,25
20260420093100,255.440,257.890,255.330,257.890,72
20260420093200,257.260,258.000,256.580,257.300,69
20260420093300,257.300,258.290,256.860,257.020,57
20260420093400,257.970,257.970,257.300,257.900,25
20260420093500,257.390,258.950,257.310,258.460,189
20260420093600,257.890,259.090,257.700,258.950,365
20260420093700,258.870,258.870,256.860,257.090,125
20260420093800,257.650,257.730,257.030,257.030,38
20260420093900,257.010,257.010,256.660,256.980,14
20260420094000,256.660,257.190,256.660,257.190,28
20260420094100,256.890,257.190,255.930,255.930,33
20260420094200,256.240,256.240,255.330,255.540,62
20260420094300,255.410,255.860,255.410,255.580,11
20260420094400,255.610,255.790,255.530,255.790,17
20260420094500,255.540,256.140,255.540,256.140,22
20260420094600,255.700,256.140,255.700,255.720,52
20260420094700,255.720,256.400,255.720,256.400,16
20260420094800,256.430,256.990,256.420,256.990,60
20260420094900,257.000,257.470,256.830,257.430,21
20260420095000,257.440,257.440,256.420,256.970,78
20260420095100,257.340,257.340,257.300,257.300,18
20260420095200,256.920,257.270,256.920,257.270,36
20260420095300,257.290,257.760,257.290,257.630,22
20260420095400,257.400,257.500,257.290,257.500,37
20260420095500,257.470,257.470,257.460,257.460,6
20260420095600,257.440,257.440,257.100,257.100,10
20260420095700,257.460,257.460,256.640,256.640,46
20260420095800,257.070,257.070,257.060,257.070,16
20260420095900,257.600,257.600,257.600,257.600,2
20260420100000,257.140,257.580,257.140,257.570,38
20260420100100,257.570,257.570,257.490,257.490,6
20260420100200,257.190,257.490,257.190,257.190,12
20260420100300,257.180,257.180,256.780,256.780,6
20260420100400,256.680,256.680,256.270,256.270,17
20260420100500,256.270,256.270,255.720,256.170,28
20260420100600,255.740,256.650,255.700,256.650,46
20260420100700,256.490,256.760,256.420,256.760,32
20260420100800,255.540,255.870,255.350,255.870,106
20260420100900,255.880,255.910,255.880,255.910,10
20260420101000,255.900,255.900,255.500,255.500,12
20260420101100,255.530,256.000,255.530,256.000,33
20260420101200,255.660,255.660,255.660,255.660,14
20260420101300,255.660,255.660,255.640,255.650,14
20260420101400,255.650,255.890,255.650,255.890,13
20260420101500,255.420,255.830,255.420,255.430,8
20260420101600,255.820,255.850,255.500,255.500,23
20260420101700,255.850,255.880,255.600,255.790,61
20260420101800,255.700,255.880,255.700,255.880,22
20260420101900,255.900,255.900,255.890,255.900,19
20260420102000,255.900,256.860,255.900,256.860,58
20260420102100,257.150,257.150,256.000,256.020,44
20260420102200,256.450,256.500,256.430,256.490,18
20260420102300,256.640,256.640,256.640,256.640,16
20260420102400,256.640,256.640,256.640,256.640,0
20260420102500,256.800,256.800,256.490,256.490,8
20260420102600,256.100,256.100,255.800,255.810,16
20260420102700,255.770,255.770,255.380,255.760,25
20260420102800,255.700,255.700,255.630,255.630,5
20260420102900,255.770,255.770,255.770,255.770,12
20260420103000,255.380,255.380,255.360,255.360,8
20260420103100,255.350,255.700,255.350,255.700,18
20260420103200,255.580,255.580,255.580,255.580,2
20260420103300,255.670,255.670,255.460,255.460,6
20260420103400,255.670,255.670,255.670,255.670,4
20260420103500,255.650,256.380,255.650,256.350,45
20260420103600,256.340,256.340,255.860,256.310,16
20260420103700,256.320,256.450,256.320,256.450,22
20260420103800,256.530,256.740,256.470,256.740,6
20260420103900,256.670,256.670,256.670,256.670,6
20260420104000,256.670,256.670,256.030,256.030,8
20260420104100,255.890,255.890,255.890,255.890,2
20260420104200,256.190,256.190,255.730,255.950,17
20260420104300,255.570,255.570,255.570,255.570,2
20260420104400,255.580,255.580,255.500,255.500,17
20260420104500,255.500,255.580,255.300,255.300,24
20260420104600,255.280,255.420,255.060,255.420,6
20260420104700,255.420,255.590,255.420,255.590,14
20260420104800,255.350,255.350,255.340,255.340,4
20260420104900,255.300,255.380,255.300,255.370,6
20260420105000,255.540,255.540,255.390,255.390,37
20260420105100,255.350,255.360,255.350,255.350,17
20260420105200,255.490,255.490,255.350,255.350,7
20260420105300,255.350,255.350,255.350,255.350,1
20260420105400,255.130,255.130,255.120,255.120,5
20260420105500,255.120,255.450,255.120,255.450,5
20260420105600,255.480,255.650,255.480,255.640,14
20260420105700,255.470,255.470,255.460,255.460,6
20260420105800,255.460,255.650,255.430,255.430,5
20260420105900,255.210,255.640,255.210,255.640,13
20260420110000,255.610,255.610,255.370,255.370,4
20260420110100,255.370,255.560,255.260,255.560,6
20260420110200,255.560,255.560,255.560,255.560,0
20260420110300,255.550,255.570,255.550,255.560,23
20260420110400,255.570,255.610,255.430,255.430,13
20260420110500,255.280,255.280,255.280,255.280,2
20260420110600,255.280,255.280,254.510,254.520,132
20260420110700,255.040,255.240,255.040,255.050,85
20260420110800,255.610,255.620,255.210,255.620,6
20260420110900,255.280,255.280,255.230,255.270,18
20260420111000,255.040,255.310,255.040,255.310,20
20260420111100,255.330,255.340,255.330,255.340,6
20260420111200,255.620,255.620,255.620,255.620,2
20260420111300,255.230,255.230,255.180,255.180,10
20260420111400,255.090,255.430,255.090,255.420,8
20260420111500,255.090,255.090,255.090,255.090,2
20260420111600,255.280,255.280,255.080,255.080,5
20260420111700,255.080,255.080,255.080,255.080,0
20260420111800,255.100,255.100,255.100,255.100,2
20260420111900,255.380,255.380,255.180,255.180,12
20260420112000,255.090,255.320,255.070,255.070,12
20260420112100,255.090,255.090,255.090,255.090,4
20260420112200,255.380,255.550,255.380,255.550,17
20260420112300,255.560,255.870,255.560,255.770,18
20260420112400,255.770,255.770,255.770,255.770,3
20260420112500,255.860,256.060,255.860,256.060,6
20260420112600,256.060,256.180,256.060,256.170,8
20260420112700,255.570,255.570,255.570,255.570,2
20260420112800,256.040,256.400,256.030,256.300,40
20260420112900,256.240,256.490,256.240,256.400,16
20260420113000,256.490,256.490,256.480,256.490,12
20260420130100,256.000,257.450,256.000,256.970,99
20260420130200,256.970,257.300,256.950,256.960,26
20260420130300,257.290,257.290,257.290,257.290,4
20260420130400,257.450,257.490,257.450,257.490,8
20260420130500,257.070,257.480,257.070,257.480,5
20260420130600,257.070,257.230,257.000,257.000,14
20260420130700,257.000,257.450,257.000,257.440,11
20260420130800,257.410,257.970,257.410,257.970,37
20260420130900,257.540,258.220,257.510,258.220,72
20260420131000,258.380,258.380,258.380,258.380,2
20260420131100,258.120,258.680,258.110,258.110,38
20260420131200,258.100,258.240,258.100,258.240,19
20260420131300,258.240,258.240,258.240,258.240,14
20260420131400,258.000,258.300,258.000,258.250,18
20260420131500,258.300,258.420,258.300,258.420,19
20260420131600,258.420,258.450,258.420,258.430,11
20260420131700,258.320,258.880,258.280,258.870,95
20260420131800,258.720,258.870,258.490,258.490,28
20260420131900,258.810,259.380,258.510,259.380,158
20260420132000,258.870,258.870,258.790,258.790,63
20260420132100,258.570,258.570,258.490,258.490,20
20260420132200,258.320,258.320,258.030,258.310,7
20260420132300,258.030,258.320,258.030,258.320,12
20260420132400,258.270,258.820,258.270,258.820,23
20260420132500,258.830,258.830,258.440,258.440,4
20260420132600,258.340,258.450,258.340,258.450,4
20260420132700,258.770,258.770,258.340,258.610,14
20260420132800,258.580,258.580,258.580,258.580,2
20260420132900,258.510,258.510,258.100,258.100,8
20260420133000,258.450,258.470,258.450,258.470,4
20260420133100,258.500,258.500,258.090,258.090,10
20260420133200,258.470,258.470,258.050,258.070,16
20260420133300,258.050,258.060,257.650,257.650,38
20260420133400,257.770,258.030,257.770,258.030,10
20260420133500,258.010,258.020,258.010,258.020,6
20260420133600,258.030,258.050,257.850,257.850,10
20260420133700,258.050,258.070,258.050,258.070,11
20260420133800,258.140,258.200,258.140,258.200,4
20260420133900,258.190,258.190,257.880,257.880,8
20260420134000,257.850,257.850,257.690,257.780,43
20260420134100,257.670,257.670,257.660,257.660,4
20260420134200,257.740,257.760,257.740,257.740,12
20260420134300,257.840,258.150,257.840,258.150,8
20260420134400,257.790,257.980,257.790,257.970,10
20260420134500,257.980,258.140,257.710,258.140,8
20260420134600,257.780,258.150,257.780,257.880,14
20260420134700,258.150,258.190,258.130,258.180,18
20260420134800,258.010,258.180,258.000,258.180,6
20260420134900,258.180,258.180,257.890,257.990,15
20260420135000,258.000,258.000,257.990,257.990,6
20260420135100,258.000,258.190,257.990,257.990,31
20260420135200,257.990,257.990,257.830,257.990,11
20260420135300,257.820,257.820,257.410,257.410,23
20260420135400,257.660,257.660,257.660,257.660,2
20260420135500,257.670,257.670,257.400,257.400,8
20260420135600,257.680,257.680,257.680,257.680,2
20260420135700,257.760,257.760,256.800,257.270,31
20260420135800,257.000,257.000,257.000,257.000,2
20260420135900,257.000,257.170,257.000,257.150,12
20260420140000,257.000,257.170,257.000,257.170,8
20260420140100,257.170,257.170,257.100,257.170,25
20260420140200,257.240,257.720,257.130,257.130,36
20260420140300,257.580,257.580,257.550,257.550,4
20260420140400,257.200,257.560,257.200,257.560,4
20260420140500,257.570,257.890,257.570,257.890,11
20260420140600,257.910,258.120,257.910,258.090,6
20260420140700,257.560,257.790,257.550,257.550,13
20260420140800,257.790,257.790,257.280,257.280,30
20260420140900,257.240,257.670,257.240,257.670,18
20260420141000,257.570,257.570,257.560,257.570,6
20260420141100,257.700,257.700,257.360,257.620,11
20260420141200,257.670,257.680,257.670,257.670,10
20260420141300,257.670,257.680,257.670,257.680,4
20260420141400,257.320,257.680,257.320,257.680,8
20260420141500,257.240,257.560,257.210,257.520,22
20260420141600,257.540,257.540,257.500,257.500,12
20260420141700,257.590,257.590,257.550,257.550,4
20260420141800,257.530,257.530,257.530,257.530,2
20260420141900,257.400,257.400,257.400,257.400,7
20260420142000,257.400,257.600,257.400,257.560,19
20260420142100,257.600,257.760,257.600,257.680,22
20260420142200,257.680,257.770,257.410,257.410,18
20260420142300,257.670,257.680,257.660,257.680,9
20260420142400,257.730,257.770,257.670,257.770,14
20260420142500,257.770,257.770,257.500,257.760,8
20260420142600,257.770,257.770,257.770,257.770,14
20260420142700,257.790,257.790,257.790,257.790,4
20260420142800,257.790,258.080,257.790,258.080,17
20260420142900,257.790,257.790,257.790,257.790,6
20260420143000,257.740,257.970,257.520,257.970,22
20260420143100,257.970,257.970,257.960,257.970,14
20260420143200,257.900,257.900,257.900,257.900,2
20260420143300,257.800,257.900,257.300,257.830,65
20260420143400,257.860,257.860,257.860,257.860,4
20260420143500,257.950,257.950,257.600,257.600,6
20260420143600,257.570,257.900,257.570,257.570,10
20260420143700,257.880,257.880,257.570,257.870,7
20260420143800,257.870,257.870,257.870,257.870,0
20260420143900,257.820,257.820,257.260,257.260,27
20260420144000,257.550,257.550,257.000,257.000,22
20260420144100,257.040,257.240,257.020,257.220,8
20260420144200,257.240,257.240,257.020,257.020,21
20260420144300,257.280,257.280,256.750,256.940,62
20260420144400,256.930,257.160,256.680,257.140,38
20260420144500,257.150,257.150,256.820,256.820,15
20260420144600,256.820,257.240,256.380,256.470,111
20260420144700,256.780,256.900,256.520,256.520,12
20260420144800,256.760,256.940,256.680,256.940,31
20260420144900,257.190,257.190,256.680,257.120,29
20260420145000,257.120,257.120,256.730,256.730,18
20260420145100,256.690,256.990,256.690,256.720,31
20260420145200,256.720,256.980,256.710,256.960,56
20260420145300,256.690,256.950,256.510,256.510,79
20260420145400,256.710,256.800,256.110,256.180,46
20260420145500,256.350,256.350,256.100,256.160,77
20260420145600,256.410,256.710,256.160,256.320,68
20260420145700,256.820,256.830,256.380,256.450,50
20260420145800,256.450,256.450,256.450,256.450,0
20260420145900,256.450,256.450,256.450,256.450,0
20260420150000,256.440,256.440,256.440,256.440,135
20260421093000,255.120,255.120,255.120,255.120,14
20260421093100,257.210,257.210,255.150,255.990,28
20260421093200,255.980,256.460,255.980,256.460,42
20260421093300,256.700,258.400,256.460,258.400,56
20260421093400,258.400,258.750,257.200,257.490,130
20260421093500,257.200,258.100,256.720,258.100,121
20260421093600,258.100,258.100,257.570,258.040,72
20260421093700,258.350,258.350,256.860,256.860,211
20260421093800,257.480,257.660,257.120,257.480,74
20260421093900,257.720,257.720,257.020,257.120,31
20260421094000,257.130,257.130,256.720,257.120,22
20260421094100,257.130,257.740,257.130,257.740,72
20260421094200,257.330,257.330,256.630,257.110,40
20260421094300,256.720,256.720,256.140,256.140,12
20260421094400,256.430,256.590,255.980,256.050,20
20260421094500,255.780,255.780,255.650,255.650,9
20260421094600,255.900,255.900,255.530,255.880,18
20260421094700,255.600,255.600,255.300,255.520,55
20260421094800,255.540,256.130,255.480,255.860,92
20260421094900,255.870,255.870,255.870,255.870,6
20260421095000,255.860,255.860,255.850,255.860,8
20260421095100,255.550,255.850,255.540,255.850,20
20260421095200,255.960,256.200,255.780,255.780,16
20260421095300,255.780,255.780,255.540,255.540,13
20260421095400,255.520,255.740,255.310,255.740,15
20260421095500,255.310,255.490,255.150,255.490,27
20260421095600,255.480,255.670,255.480,255.670,8
20260421095700,255.670,256.050,255.670,256.050,18
20260421095800,256.040,256.040,255.670,255.670,3
20260421095900,255.670,255.810,255.360,255.800,20
20260421100000,255.800,256.230,255.790,256.230,34
20260421100100,256.250,256.250,256.080,256.080,9
20260421100200,255.580,255.670,254.680,254.960,112
20260421100300,254.960,255.050,254.960,255.050,19
20260421100400,255.310,255.310,255.310,255.310,4
20260421100500,255.140,255.350,255.140,255.350,12
20260421100600,254.930,255.450,254.930,255.450,11
20260421100700,255.460,255.460,254.960,255.050,10
20260421100800,255.560,255.560,255.090,255.090,14
20260421100900,254.780,254.780,254.670,254.680,29
20260421101000,254.530,254.950,254.530,254.560,23
20260421101100,254.950,255.050,254.700,254.700,5
20260421101200,254.910,255.040,254.700,255.040,16
20260421101300,255.080,255.080,255.080,255.080,6
20260421101400,254.740,255.070,254.740,255.070,5
20260421101500,255.000,255.000,254.990,254.990,12
20260421101600,254.990,254.990,254.990,254.990,0
20260421101700,254.990,254.990,254.730,254.730,22
20260421101800,254.710,254.970,254.640,254.970,7
20260421101900,254.960,254.960,254.580,254.790,9
20260421102000,254.790,254.790,254.790,254.790,4
20260421102100,254.560,254.800,254.560,254.800,7
20260421102200,254.570,254.990,254.570,254.990,18
20260421102300,255.000,255.000,254.990,254.990,8
20260421102400,254.990,254.990,254.970,254.970,4
20260421102500,254.990,255.000,254.990,255.000,5
20260421102600,255.070,255.320,255.000,255.320,19
20260421102700,255.100,255.100,254.950,254.980,11
20260421102800,254.990,255.080,254.990,255.080,6
20260421102900,255.320,255.320,254.860,254.860,6
20260421103000,254.850,255.170,254.810,255.170,18
20260421103100,255.220,255.220,254.820,254.820,4
20260421103200,254.860,255.200,254.810,255.200,9
20260421103300,255.200,255.220,255.200,255.220,5
20260421103400,255.210,255.210,254.850,255.120,16
20260421103500,254.840,255.150,254.840,255.150,8
20260421103600,255.170,255.170,254.540,254.650,67
20260421103700,254.530,254.610,254.390,254.610,22
20260421103800,254.610,254.650,254.610,254.610,6
20260421103900,254.610,254.610,254.410,254.590,6
20260421104000,254.590,254.710,254.410,254.590,15
20260421104100,255.060,255.130,255.060,255.130,9
20260421104200,254.690,254.690,253.630,253.990,164
20260421104300,254.150,254.150,254.150,254.150,2
20260421104400,253.840,253.870,253.840,253.870,7
20260421104500,253.890,253.890,253.890,253.890,16
20260421104600,254.130,254.130,253.390,253.680,71
20260421104700,253.690,253.800,253.660,253.800,15
20260421104800,253.800,253.800,253.800,253.800,2
20260421104900,253.540,253.800,253.540,253.800,12
20260421105000,253.540,253.540,253.330,253.530,32
20260421105100,253.530,253.780,253.530,253.540,26
20260421105200,253.540,253.540,253.540,253.540,0
20260421105300,253.590,253.930,253.560,253.560,6
20260421105400,253.930,253.930,253.610,253.610,10
20260421105500,253.930,253.940,253.610,253.610,11
20260421105600,254.110,254.120,253.700,253.700,8
20260421105700,254.110,254.110,253.750,253.750,4
20260421105800,253.870,254.170,253.770,254.170,14
20260421105900,253.980,254.170,253.900,253.900,6
20260421110000,253.860,254.210,253.850,254.210,6
20260421110100,253.830,253.830,253.830,253.830,6
20260421110200,253.810,253.810,253.750,253.750,11
20260421110300,253.750,254.100,253.750,254.100,9
20260421110400,254.110,254.110,253.330,253.330,72
20260421110500,253.070,253.070,252.950,253.020,84
20260421110600,253.340,253.340,253.030,253.030,8
20260421110700,253.030,253.030,253.030,253.030,0
20260421110800,253.440,253.440,253.040,253.040,9
20260421110900,253.400,253.400,253.040,253.040,4
20260421111000,253.050,253.050,253.050,253.050,8
20260421111100,253.400,253.400,253.070,253.320,15
20260421111200,253.120,253.120,253.120,253.120,2
20260421111300,253.330,253.330,253.100,253.100,4
20260421111400,253.320,253.320,253.070,253.070,21
20260421111500,253.330,253.690,253.070,253.690,22
20260421111600,253.700,253.700,253.700,253.700,2
20260421111700,253.340,253.690,253.250,253.250,9
20260421111800,253.690,253.690,253.260,253.670,6
20260421111900,253.550,253.700,253.120,253.700,14
20260421112000,253.150,253.560,253.150,253.150,9
20260421112100,253.150,253.430,253.120,253.120,14
20260421112200,253.120,253.330,253.090,253.330,18
20260421112300,253.330,253.330,253.070,253.070,5
20260421112400,253.070,253.070,253.070,253.070,0
20260421112500,253.070,253.350,253.050,253.050,22
20260421112600,253.050,253.390,253.050,253.350,11
20260421112700,253.030,253.320,253.010,253.300,12
20260421112800,253.310,253.330,253.300,253.300,19
20260421112900,253.390,253.410,253.010,253.050,11
20260421113000,253.410,253.430,253.410,253.430,4
20260421130100,253.430,254.550,253.430,254.130,75
20260421130200,254.520,255.010,254.520,254.900,46
20260421130300,254.920,255.330,254.570,255.330,31
20260421130400,255.010,255.100,254.040,254.100,25
20260421130500,254.680,254.700,254.610,254.610,8
20260421130600,254.610,254.610,254.600,254.600,6
20260421130700,254.600,254.600,254.120,254.140,7
20260421130800,254.170,254.470,254.120,254.160,20
20260421130900,254.160,254.430,254.160,254.430,12
20260421131000,254.480,254.480,254.170,254.170,6
20260421131100,254.460,254.460,254.460,254.460,2
20260421131200,254.470,254.470,254.470,254.470,4
20260421131300,254.480,254.580,254.480,254.580,7
20260421131400,254.580,254.580,254.170,254.270,20
20260421131500,253.780,254.590,253.780,254.590,14
20260421131600,254.170,254.480,254.170,254.480,8
20260421131700,254.540,254.540,254.540,254.540,2
20260421131800,254.600,254.610,254.600,254.610,8
20260421131900,254.610,254.610,254.610,254.610,0
20260421132000,254.330,254.330,253.970,254.280,26
20260421132100,253.820,253.820,253.820,253.820,2
20260421132200,254.160,254.160,254.160,254.160,2
20260421132300,254.260,254.320,254.260,254.320,4
20260421132400,254.320,254.320,254.200,254.200,9
20260421132500,253.890,254.280,253.890,254.280,4
20260421132600,254.280,254.280,254.280,254.280,0
20260421132700,253.810,253.810,253.810,253.810,10
20260421132800,254.150,254.150,253.710,253.960,48
20260421132900,253.530,253.530,253.530,253.530,2
20260421133000,253.560,253.870,253.560,253.870,4
20260421133100,253.870,254.150,253.870,254.150,33
20260421133200,254.010,254.060,253.980,254.060,12
20260421133300,254.120,254.130,254.000,254.000,6
20260421133400,254.000,254.000,254.000,254.000,0
20260421133500,253.690,254.110,253.600,253.990,23
20260421133600,253.670,254.070,253.670,254.070,11
20260421133700,254.200,254.240,254.200,254.240,6
20260421133800,253.810,254.240,253.810,254.240,21
20260421133900,253.710,254.170,253.710,254.170,10
20260421134000,254.180,254.200,253.750,253.750,10
20260421134100,253.750,254.210,253.750,254.210,13
20260421134200,254.210,254.210,254.210,254.210,0
20260421134300,253.730,254.230,253.730,253.780,25
20260421134400,253.770,254.110,253.710,253.740,30
20260421134500,253.990,253.990,253.950,253.950,11
20260421134600,254.010,254.020,254.010,254.020,4
20260421134700,253.940,253.940,253.940,253.940,3
20260421134800,253.750,253.750,253.530,253.530,33
20260421134900,253.700,253.700,253.120,253.470,29
20260421135000,253.600,253.690,253.480,253.690,14
20260421135100,253.690,253.690,253.510,253.510,14
20260421135200,253.730,253.730,253.510,253.510,4
20260421135300,253.520,253.520,253.520,253.520,2
20260421135400,253.520,253.520,253.520,253.520,0
20260421135500,254.150,255.190,254.150,255.190,116
20260421135600,255.150,255.170,255.150,255.170,6
20260421135700,255.050,255.050,255.050,255.050,2
20260421135800,255.050,255.180,255.050,255.060,15
20260421135900,255.180,255.180,254.830,255.150,16
20260421140000,254.830,255.250,254.830,254.830,10
20260421140100,255.240,255.240,255.200,255.200,10
20260421140200,254.850,254.850,254.520,254.840,12
20260421140300,254.380,254.840,254.380,254.840,4
20260421140400,254.450,254.450,254.380,254.380,10
20260421140500,254.060,254.340,254.060,254.340,15
20260421140600,254.020,254.100,253.970,254.010,27
20260421140700,254.000,254.000,253.900,253.900,29
20260421140800,254.090,254.340,253.900,254.340,33
20260421140900,254.350,254.400,254.350,254.400,8
20260421141000,253.780,254.100,253.690,254.100,10
20260421141100,254.060,254.250,254.060,254.250,6
20260421141200,254.250,254.250,253.870,253.870,3
20260421141300,253.870,253.870,253.870,253.870,2
20260421141400,254.230,254.230,254.020,254.020,14
20260421141500,253.610,253.610,253.610,253.610,10
20260421141600,253.610,253.610,253.610,253.610,0
20260421141700,253.630,254.400,253.630,254.400,24
20260421141800,254.120,254.120,254.120,254.120,6
20260421141900,254.180,254.180,254.180,254.180,2
20260421142000,254.180,254.190,254.180,254.190,4
20260421142100,254.040,254.040,253.760,253.810,22
20260421142200,253.820,254.280,253.820,254.280,11
20260421142300,254.250,254.380,254.240,254.240,6
20260421142400,254.250,254.250,253.600,253.600,72
20260421142500,254.060,254.060,253.590,253.590,52
20260421142600,253.500,253.500,253.200,253.240,57
20260421142700,253.500,253.500,253.500,253.500,16
20260421142800,253.600,253.600,253.530,253.600,11
20260421142900,253.600,253.950,253.600,253.620,29
20260421143000,253.620,253.620,253.310,253.600,47
20260421143100,253.590,253.590,253.590,253.590,2
20260421143200,253.590,253.600,253.580,253.600,14
20260421143300,253.600,253.800,253.440,253.490,84
20260421143400,253.400,253.490,253.310,253.490,63
20260421143500,253.490,253.500,253.410,253.410,25
20260421143600,253.300,253.640,253.000,253.010,171
20260421143700,253.010,253.600,253.010,253.020,34
20260421143800,253.410,253.410,253.030,253.030,6
20260421143900,253.050,253.340,253.010,253.250,38
20260421144000,253.140,253.330,253.110,253.330,14
20260421144100,253.120,253.120,253.000,253.000,54
20260421144200,253.000,253.100,253.000,253.100,22
20260421144300,253.100,253.130,253.100,253.120,41
20260421144400,253.130,253.150,252.980,252.980,61
20260421144500,252.980,252.980,252.910,252.910,10
20260421144600,252.980,253.010,252.910,252.910,9
20260421144700,252.870,253.000,252.870,252.870,15
20260421144800,252.860,252.860,252.680,252.680,69
20260421144900,252.680,252.800,252.620,252.620,26
20260421145000,252.620,252.890,252.500,252.800,102
20260421145100,252.870,253.070,252.700,252.840,23
20260421145200,252.680,252.980,252.640,252.820,16
20260421145300,252.930,252.930,252.460,252.500,58
20260421145400,252.870,253.000,252.600,252.600,95
20260421145500,252.990,252.990,252.450,252.450,81
20260421145600,252.520,252.910,252.370,252.910,38
20260421145700,252.910,254.000,252.370,253.990,54
20260421145800,253.990,253.990,253.990,253.990,0
20260421145900,253.990,253.990,253.990,253.990,0
20260421150000,252.330,252.330,252.330,252.330,69
20260422093000,251.360,251.360,251.360,251.360,3
20260422093100,252.910,253.000,251.500,252.020,57
20260422093200,252.040,252.190,250.390,250.410,112
20260422093300,250.400,250.820,250.050,250.310,92
20260422093400,250.360,250.360,250.020,250.360,120
20260422093500,250.790,250.870,249.110,249.220,161
20260422093600,249.400,250.110,249.400,249.990,74
20260422093700,249.530,249.990,249.530,249.990,38
20260422093800,249.910,249.910,249.100,249.100,40
20260422093900,249.390,249.390,249.370,249.370,7
20260422094000,249.390,249.770,249.390,249.770,39
20260422094100,249.800,249.910,249.430,249.860,56
20260422094200,249.850,249.850,249.620,249.620,6
20260422094300,249.390,249.390,248.840,248.840,82
20260422094400,249.070,249.070,248.710,248.940,14
20260422094500,249.030,249.160,249.030,249.140,26
20260422094600,248.880,249.140,248.700,249.140,33
20260422094700,249.000,249.000,248.840,248.990,17
20260422094800,248.930,248.980,248.580,248.580,27
20260422094900,248.580,248.580,248.400,248.520,17
20260422095000,248.310,248.310,248.110,248.110,33
20260422095100,248.300,248.400,247.980,248.120,199
20260422095200,248.100,248.310,248.100,248.100,7
20260422095300,247.860,247.860,247.600,247.620,20
20260422095400,247.580,247.620,247.500,247.530,46
20260422095500,247.540,247.540,247.140,247.170,158
20260422095600,247.510,247.520,247.510,247.520,28
20260422095700,247.860,248.030,247.710,248.010,135
20260422095800,247.720,248.020,247.720,248.020,11
20260422095900,247.730,247.990,247.510,247.510,61
20260422100000,247.500,247.500,247.390,247.390,16
20260422100100,247.500,247.610,247.430,247.610,18
20260422100200,247.830,247.830,247.480,247.650,30
20260422100300,247.650,248.020,247.650,247.670,53
20260422100400,247.980,247.980,247.740,247.870,12
20260422100500,247.980,247.980,247.980,247.980,8
20260422100600,247.980,247.980,247.480,247.980,41
20260422100700,247.980,248.020,247.980,248.020,12
20260422100800,248.030,248.170,248.030,248.050,7
20260422100900,248.160,248.500,248.160,248.500,21
20260422101000,248.620,248.620,248.610,248.620,6
20260422101100,248.620,248.760,248.350,248.760,28
20260422101200,248.630,249.060,248.630,249.060,40
20260422101300,248.830,249.060,248.420,249.060,29
20260422101400,248.680,248.760,248.680,248.760,16
20260422101500,248.760,249.000,248.760,248.890,24
20260422101600,248.580,248.580,248.340,248.340,25
20260422101700,248.330,248.330,248.040,248.040,8
20260422101800,248.050,248.530,248.030,248.530,18
20260422101900,248.220,248.290,248.220,248.290,10
20260422102000,248.330,248.500,248.330,248.500,9
20260422102100,248.500,248.500,248.500,248.500,5
20260422102200,248.360,248.500,248.360,248.500,4
20260422102300,248.370,248.490,248.340,248.490,8
20260422102400,248.490,248.820,248.490,248.820,31
20260422102500,248.880,248.890,248.880,248.890,7
20260422102600,248.880,248.880,248.500,248.500,12
20260422102700,248.590,248.880,248.590,248.880,9
20260422102800,248.730,248.730,248.540,248.540,6
20260422102900,248.460,248.710,248.460,248.710,14
20260422103000,248.710,248.710,248.480,248.490,11
20260422103100,248.700,248.700,248.690,248.690,6
20260422103200,248.550,248.690,248.520,248.690,10
20260422103300,248.480,248.480,248.360,248.470,59
20260422103400,249.000,249.800,248.630,249.240,158
20260422103500,249.190,249.190,248.610,248.610,13
20260422103600,248.950,248.950,248.950,248.950,2
20260422103700,248.770,248.960,248.760,248.760,19
20260422103800,248.760,248.890,248.600,248.890,17
20260422103900,248.710,249.480,248.710,249.480,42
20260422104000,249.120,249.120,249.040,249.040,6
20260422104100,249.030,249.050,249.030,249.050,10
20260422104200,249.050,249.480,249.050,249.480,22
20260422104300,249.770,249.770,249.770,249.770,2
20260422104400,249.770,249.770,249.770,249.770,2
20260422104500,249.550,249.770,249.550,249.770,21
20260422104600,249.490,249.490,249.490,249.490,21
20260422104700,249.490,249.730,249.310,249.730,10
20260422104800,249.440,249.800,249.440,249.800,65
20260422104900,249.800,249.800,249.800,249.800,2
20260422105000,249.800,249.800,249.570,249.800,14
20260422105100,249.850,250.280,249.240,249.240,99
20260422105200,249.720,249.720,249.480,249.720,14
20260422105300,249.720,249.850,249.720,249.850,42
20260422105400,249.850,250.130,249.850,249.880,14
20260422105500,249.860,249.870,249.500,249.500,44
20260422105600,249.790,249.870,249.720,249.720,29
20260422105700,249.710,249.710,249.710,249.710,2
20260422105800,249.710,249.730,249.710,249.730,10
20260422105900,250.100,250.100,249.720,249.720,5
20260422110000,250.020,250.020,249.950,249.960,19
20260422110100,249.960,249.960,249.750,249.760,30
20260422110200,249.960,249.970,249.950,249.950,6
20260422110300,250.080,250.080,249.900,250.080,10
20260422110400,249.910,250.100,249.910,250.100,32
20260422110500,250.100,250.500,250.100,250.500,30
20260422110600,250.500,250.650,250.310,250.650,12
20260422110700,250.850,250.930,250.850,250.930,14
20260422110800,250.600,251.410,250.600,251.410,39
20260422110900,251.110,251.170,250.730,250.730,14
20260422111000,251.000,251.050,250.730,250.740,18
20260422111100,250.730,250.730,250.730,250.730,15
20260422111200,250.440,251.220,250.440,251.000,98
20260422111300,251.010,251.010,251.010,251.010,4
20260422111400,251.010,251.010,250.910,250.910,41
20260422111500,251.010,251.150,250.910,250.910,12
20260422111600,250.920,251.150,250.920,251.150,6
20260422111700,250.960,251.150,250.960,251.150,6
20260422111800,250.910,250.910,250.550,250.550,25
20260422111900,250.640,250.930,250.640,250.930,4
20260422112000,250.940,251.130,250.940,251.130,24
20260422112100,251.130,251.150,251.010,251.150,15
20260422112200,251.160,251.250,251.160,251.220,16
20260422112300,251.060,251.230,251.060,251.230,12
20260422112400,251.230,251.250,251.230,251.250,23
20260422112500,251.050,251.240,251.050,251.240,13
20260422112600,251.240,251.240,251.240,251.240,0
20260422112700,251.250,251.250,251.240,251.240,14
20260422112800,251.140,251.320,251.140,251.260,33
20260422112900,251.250,251.500,251.000,251.500,35
20260422113000,251.710,251.710,251.700,251.700,4
20260422130100,251.700,251.700,250.980,251.140,64
20260422130200,251.140,251.260,251.040,251.140,40
20260422130300,251.140,251.140,250.740,251.000,38
20260422130400,251.010,251.260,251.010,251.260,32
20260422130500,251.670,251.670,251.160,251.250,47
20260422130600,251.250,251.250,251.250,251.250,8
20260422130700,251.250,251.250,251.250,251.250,7
20260422130800,251.240,251.320,251.120,251.320,8
20260422130900,251.320,251.490,251.320,251.490,12
20260422131000,251.500,251.830,251.500,251.830,31
20260422131100,251.830,251.830,251.500,251.500,4
20260422131200,251.820,251.830,251.510,251.510,14
20260422131300,251.500,251.500,251.490,251.490,19
20260422131400,251.490,251.580,251.230,251.230,21
20260422131500,251.250,251.250,251.250,251.250,2
20260422131600,251.390,251.490,251.390,251.490,8
20260422131700,251.490,251.490,251.400,251.400,24
20260422131800,251.740,251.740,251.380,251.380,11
20260422131900,251.380,251.770,251.380,251.770,14
20260422132000,251.790,251.790,251.790,251.790,4
20260422132100,251.630,252.000,251.630,252.000,26
20260422132200,252.000,252.000,252.000,252.000,18
20260422132300,252.220,252.510,252.220,252.510,27
20260422132400,252.510,252.510,252.510,252.510,2
20260422132500,252.280,252.280,251.990,251.990,24
20260422132600,252.170,252.170,251.830,251.830,14
20260422132700,251.830,252.030,251.830,252.030,7
20260422132800,251.820,251.950,251.780,251.950,14
20260422132900,251.960,252.060,251.800,252.060,10
20260422133000,251.820,252.580,251.820,252.270,22
20260422133100,252.630,252.630,252.300,252.300,5
20260422133200,252.540,252.570,252.390,252.570,25
20260422133300,252.500,252.570,252.470,252.570,27
20260422133400,252.570,253.000,252.470,253.000,58
20260422133500,253.000,253.480,253.000,253.400,33
20260422133600,253.340,253.340,252.960,253.230,17
20260422133700,253.000,253.190,252.960,253.000,18
20260422133800,252.930,252.990,252.930,252.990,28
20260422133900,252.710,252.990,252.710,252.990,6
20260422134000,252.990,252.990,252.990,252.990,0
20260422134100,252.950,252.950,252.950,252.950,7
20260422134200,252.950,252.950,252.750,252.750,6
20260422134300,252.920,252.930,252.770,252.770,6
20260422134400,252.490,252.880,252.490,252.760,61
20260422134500,252.360,252.680,252.360,252.680,16
20260422134600,252.790,252.800,252.790,252.800,24
20260422134700,252.780,252.780,252.780,252.780,2
20260422134800,252.510,252.780,252.510,252.780,8
20260422134900,252.530,252.770,252.500,252.500,36
20260422135000,252.500,252.910,252.500,252.910,37
20260422135100,253.270,253.340,253.240,253.300,20
20260422135200,253.300,253.440,253.300,253.440,43
20260422135300,253.440,253.840,253.440,253.840,54
20260422135400,253.830,253.860,253.350,253.350,45
20260422135500,253.380,253.380,252.620,252.850,70
20260422135600,253.060,253.070,252.750,252.750,45
20260422135700,252.500,252.550,252.500,252.500,44
20260422135800,252.650,252.650,252.600,252.600,15
20260422135900,252.600,252.730,252.500,252.730,14
20260422140000,253.070,253.070,252.560,252.560,6
20260422140100,252.920,252.920,251.930,252.700,81
20260422140200,252.500,252.650,252.100,252.120,40
20260422140300,252.310,252.310,252.090,252.090,55
20260422140400,252.010,252.220,252.000,252.200,42
20260422140500,252.220,252.220,252.000,252.000,10
20260422140600,252.220,252.350,252.000,252.200,26
20260422140700,252.070,252.140,251.900,252.140,36
20260422140800,252.140,252.290,252.040,252.040,6
20260422140900,251.900,251.940,251.790,251.940,30
20260422141000,251.940,251.980,251.700,251.700,49
20260422141100,251.620,251.620,251.410,251.410,23
20260422141200,251.340,251.610,251.220,251.510,20
20260422141300,251.580,252.160,251.580,252.160,42
20260422141400,252.150,252.150,251.320,251.320,19
20260422141500,251.820,251.820,251.820,251.820,13
20260422141600,251.460,252.500,251.460,252.450,550
20260422141700,252.330,252.450,252.090,252.450,49
20260422141800,252.110,252.110,252.110,252.110,6
20260422141900,252.140,252.460,252.140,252.460,23
20260422142000,252.540,252.540,252.020,252.020,51
20260422142100,252.450,252.450,251.930,251.930,13
20260422142200,251.690,251.950,251.680,251.950,15
20260422142300,252.140,252.140,251.750,251.750,23
20260422142400,251.800,252.160,251.800,252.160,25
20260422142500,252.210,252.650,251.890,252.010,44
20260422142600,252.010,252.480,252.010,252.480,22
20260422142700,252.470,252.530,252.470,252.530,18
20260422142800,252.580,252.610,252.540,252.540,33
20260422142900,252.530,252.530,252.320,252.440,10
20260422143000,252.450,252.540,252.340,252.340,24
20260422143100,252.340,252.510,252.240,252.330,28
20260422143200,252.330,252.370,252.240,252.360,24
20260422143300,252.270,252.270,252.180,252.180,12
20260422143400,252.260,252.820,252.260,252.820,31
20260422143500,252.820,252.820,252.820,252.820,4
20260422143600,252.810,252.810,251.680,251.680,65
20260422143700,252.010,252.200,251.720,252.170,46
20260422143800,252.210,252.210,251.890,251.890,9
20260422143900,251.900,252.200,251.880,251.880,22
20260422144000,252.200,252.220,251.890,252.220,23
20260422144100,251.880,251.980,251.490,251.980,110
20260422144200,251.760,252.200,251.760,252.200,29
20260422144300,252.310,252.310,251.870,252.280,11
20260422144400,251.950,252.280,251.950,252.280,20
20260422144500,252.280,252.280,252.010,252.270,11
20260422144600,252.320,252.470,252.270,252.300,26
20260422144700,252.500,252.500,251.590,251.660,112
20260422144800,251.660,251.910,251.500,251.800,66
20260422144900,251.500,252.380,251.500,252.240,57
20260422145000,252.210,252.210,251.860,252.190,95
20260422145100,252.190,252.190,251.820,252.120,86
20260422145200,252.150,252.170,251.610,251.610,85
20260422145300,251.620,251.860,251.520,251.540,62
20260422145400,251.530,251.830,251.450,251.770,111
20260422145500,251.490,251.830,251.490,251.830,81
20260422145600,251.760,252.160,251.560,252.160,61
20260422145700,251.770,252.160,251.720,251.740,37
20260422145800,251.740,251.740,251.740,251.740,0
20260422145900,251.740,251.740,251.740,251.740,0
20260422150000,251.720,251.720,251.720,251.720,100
20260423093000,252.540,252.540,252.540,252.540,12
20260423093100,252.540,252.580,250.070,252.120,136
20260423093200,252.770,253.600,250.710,251.100,144
20260423093300,251.850,251.850,250.320,251.000,112
20260423093400,251.110,251.110,250.380,250.950,148
20260423093500,250.380,251.560,250.320,251.560,119
20260423093600,251.230,253.080,251.150,251.760,81
20260423093700,251.000,251.400,250.570,250.600,90
20260423093800,250.590,250.590,250.130,250.130,34
20260423093900,250.230,250.500,249.410,249.560,155
20260423094000,249.570,249.600,249.050,249.340,75
20260423094100,249.340,249.930,249.340,249.500,23
20260423094200,249.510,249.510,249.500,249.500,4
20260423094300,249.630,250.000,249.630,249.750,88
20260423094400,249.710,250.490,249.610,249.610,39
20260423094500,249.990,249.990,249.590,249.910,61
20260423094600,249.250,249.780,249.240,249.560,41
20260423094700,249.630,249.890,249.400,249.430,38
20260423094800,249.430,249.430,249.100,249.110,37
20260423094900,249.100,249.180,249.030,249.180,32
20260423095000,249.180,249.420,249.180,249.280,50
20260423095100,249.780,250.140,249.660,250.140,66
20260423095200,250.030,250.610,249.770,250.610,38
20260423095300,250.580,251.700,250.500,251.700,153
20260423095400,251.670,252.560,251.670,252.100,88
20260423095500,251.990,251.990,251.830,251.980,68
20260423095600,251.990,252.600,251.930,252.600,41
20260423095700,252.630,253.060,252.520,253.000,57
20260423095800,252.750,252.750,252.390,252.510,16
20260423095900,252.030,252.030,251.600,251.600,41
20260423100000,251.620,251.620,251.610,251.610,9
20260423100100,251.980,252.410,251.980,252.040,28
20260423100200,252.010,252.020,252.010,252.010,10
20260423100300,251.670,252.460,251.660,252.460,33
20260423100400,252.350,252.730,252.350,252.350,23
20260423100500,252.330,252.730,252.230,252.620,33
20260423100600,252.200,252.200,251.960,252.060,30
20260423100700,251.710,252.110,251.700,252.110,32
20260423100800,251.710,251.730,251.650,251.650,22
20260423100900,251.990,252.260,251.190,251.640,140
20260423101000,251.180,251.400,250.730,250.740,45
20260423101100,251.250,251.250,250.820,250.820,15
20260423101200,250.830,250.860,250.830,250.850,12
20260423101300,250.840,250.840,250.300,250.300,28
20260423101400,250.100,250.110,249.820,249.820,124
20260423101500,249.800,249.810,249.780,249.810,20
20260423101600,249.630,249.630,249.440,249.440,11
20260423101700,249.450,249.450,249.450,249.450,2
20260423101800,249.790,249.790,249.440,249.490,51
20260423101900,249.790,249.790,249.660,249.690,19
20260423102000,249.510,249.520,249.510,249.520,17
20260423102100,249.630,250.000,249.630,250.000,21
20260423102200,250.000,250.000,250.000,250.000,19
20260423102300,250.070,250.330,250.070,250.330,18
20260423102400,250.620,250.620,250.080,250.080,39
20260423102500,250.110,250.110,250.050,250.050,22
20260423102600,250.000,250.360,249.890,249.890,40
20260423102700,249.890,250.600,249.890,250.280,37
20260423102800,250.680,250.680,250.540,250.550,17
20260423102900,250.340,250.340,250.000,250.020,33
20260423103000,250.270,250.270,250.020,250.020,8
20260423103100,250.020,250.510,250.020,250.510,26
20260423103200,250.520,250.630,250.260,250.630,24
20260423103300,250.630,250.630,250.630,250.630,0
20260423103400,250.600,250.640,250.600,250.640,9
20260423103500,250.260,250.600,250.020,250.600,22
20260423103600,250.640,250.640,250.530,250.530,4
20260423103700,250.080,250.490,250.080,250.490,4
20260423103800,250.500,250.500,250.120,250.160,18
20260423103900,250.450,250.450,250.150,250.150,8
20260423104000,250.440,250.440,250.440,250.440,2
20260423104100,250.160,250.210,250.060,250.200,20
20260423104200,250.170,250.170,249.880,249.880,84
20260423104300,249.880,249.880,249.580,249.790,6
20260423104400,249.800,250.070,249.800,250.070,15
20260423104500,249.880,249.880,249.860,249.860,8
20260423104600,249.860,249.860,249.590,249.590,5
20260423104700,249.550,249.850,249.550,249.850,14
20260423104800,249.850,249.850,249.850,249.850,0
20260423104900,249.870,249.870,249.200,249.860,240
20260423105000,249.860,249.860,249.860,249.860,0
20260423105100,249.810,249.810,249.580,249.580,6
20260423105200,249.770,249.780,249.390,249.780,9
20260423105300,249.770,249.840,249.500,249.500,30
20260423105400,249.710,249.710,249.710,249.710,2
20260423105500,249.990,249.990,249.990,249.990,3
20260423105600,249.750,249.990,249.750,249.990,4
20260423105700,249.970,250.000,249.900,249.900,12
20260423105800,249.770,250.000,249.700,249.910,25
20260423105900,249.690,249.890,249.660,249.890,8
20260423110000,249.660,249.890,249.660,249.890,12
20260423110100,249.830,249.830,249.820,249.830,12
20260423110200,249.630,249.630,249.570,249.570,9
20260423110300,249.690,249.690,249.690,249.690,9
20260423110400,249.690,249.690,249.690,249.690,0
20260423110500,249.900,249.900,249.900,249.900,2
20260423110600,249.900,249.900,249.900,249.900,0
20260423110700,249.910,249.910,249.130,249.130,86
20260423110800,249.130,249.130,249.130,249.130,2
20260423110900,249.150,249.290,249.150,249.290,4
20260423111000,249.290,249.290,248.990,249.060,67
20260423111100,249.080,249.080,249.080,249.080,4
20260423111200,249.070,249.070,248.770,248.770,16
20260423111300,248.770,248.770,248.770,248.770,0
20260423111400,249.050,249.360,249.050,249.340,16
20260423111500,248.920,248.920,248.860,248.860,16
20260423111600,248.780,248.780,248.620,248.620,24
20260423111700,248.620,248.620,248.620,248.620,0
20260423111800,248.620,248.620,248.620,248.620,0
20260423111900,248.710,248.710,248.510,248.510,13
20260423112000,248.510,248.510,248.510,248.510,0
20260423112100,248.680,248.680,248.680,248.680,12
20260423112200,248.580,248.580,248.580,248.580,7
20260423112300,248.570,249.060,248.570,249.060,22
20260423112400,248.620,249.080,248.620,249.080,10
20260423112500,249.120,249.150,248.800,249.150,7
20260423112600,249.150,249.150,249.150,249.150,0
20260423112700,249.150,249.150,249.150,249.150,0
20260423112800,249.140,249.140,248.830,248.830,9
20260423112900,248.510,248.590,248.110,248.110,157
20260423113000,248.140,248.280,248.140,248.160,7
20260423130100,248.210,248.600,248.100,248.100,26
20260423130200,248.100,248.100,248.100,248.100,0
20260423130300,248.100,248.100,248.100,248.100,0
20260423130400,248.280,248.570,248.280,248.570,26
20260423130500,248.120,248.550,248.120,248.550,6
20260423130600,248.270,248.280,248.080,248.080,13
20260423130700,248.080,248.080,248.080,248.080,2
20260423130800,248.640,248.640,248.640,248.640,4
20260423130900,248.310,248.800,248.310,248.800,20
20260423131000,248.700,248.700,248.700,248.700,2
20260423131100,248.410,248.410,248.330,248.330,10
20260423131200,248.410,248.410,248.410,248.410,4
20260423131300,248.210,248.210,248.210,248.210,2
20260423131400,248.210,248.350,248.210,248.350,4
20260423131500,248.370,248.410,248.360,248.410,26
20260423131600,248.360,248.370,248.360,248.370,6
20260423131700,248.380,248.500,248.210,248.210,17
20260423131800,248.400,248.400,248.400,248.400,2
20260423131900,248.490,248.490,248.270,248.270,4
20260423132000,248.490,248.530,248.260,248.530,6
20260423132100,248.300,248.300,248.300,248.300,4
20260423132200,248.290,248.290,248.290,248.290,2
20260423132300,248.300,248.300,248.300,248.300,4
20260423132400,248.290,248.290,248.290,248.290,4
20260423132500,248.480,248.710,248.480,248.530,24
20260423132600,248.490,248.500,248.280,248.280,20
20260423132700,248.430,248.430,248.430,248.430,4
20260423132800,248.420,248.430,248.420,248.430,8
20260423132900,248.450,248.460,248.450,248.460,4
20260423133000,248.550,248.550,248.540,248.540,8
20260423133100,248.410,248.590,248.380,248.590,14
20260423133200,248.610,248.610,248.580,248.580,4
20260423133300,247.800,248.000,247.800,248.000,180
20260423133400,248.300,248.300,248.000,248.260,7
20260423133500,248.270,248.270,248.270,248.270,2
20260423133600,248.270,248.270,248.270,248.270,0
20260423133700,248.070,248.260,248.070,248.260,4
20260423133800,248.270,248.270,248.070,248.070,24
20260423133900,248.000,248.000,247.550,247.820,40
20260423134000,247.820,247.820,247.560,247.560,22
20260423134100,247.570,247.570,247.500,247.500,42
20260423134200,247.500,247.550,247.380,247.380,34
20260423134300,247.620,247.640,247.380,247.620,41
20260423134400,247.380,247.380,247.220,247.230,50
20260423134500,247.200,247.200,247.110,247.160,24
20260423134600,247.140,247.190,247.140,247.190,12
20260423134700,247.190,247.190,246.160,246.230,109
20260423134800,246.270,246.300,246.270,246.300,12
20260423134900,246.300,246.580,246.300,246.490,34
20260423135000,246.790,247.530,246.790,247.530,10
20260423135100,246.690,247.000,246.690,246.950,19
20260423135200,246.720,246.880,246.720,246.880,6
20260423135300,246.990,247.180,246.890,247.180,21
20260423135400,246.900,246.900,246.710,246.710,27
20260423135500,246.780,247.080,246.780,247.080,10
20260423135600,247.070,247.130,246.850,247.130,16
20260423135700,247.140,247.140,247.120,247.120,5
20260423135800,246.870,246.870,246.870,246.870,2
20260423135900,247.110,247.200,246.930,246.930,26
20260423140000,247.190,247.190,247.190,247.190,4
20260423140100,246.970,247.220,246.970,247.000,15
20260423140200,247.300,247.310,247.010,247.010,14
20260423140300,246.980,247.290,246.980,247.290,8
20260423140400,246.990,246.990,246.930,246.930,23
20260423140500,247.080,247.080,247.070,247.070,8
20260423140600,246.900,246.900,246.850,246.850,10
20260423140700,246.960,247.020,246.960,247.020,9
20260423140800,247.080,247.080,247.080,247.080,8
20260423140900,246.880,247.040,246.860,246.860,28
20260423141000,246.990,246.990,246.990,246.990,2
20260423141100,246.870,247.090,246.870,247.090,21
20260423141200,247.210,247.210,247.210,247.210,4
20260423141300,247.110,247.110,247.110,247.110,6
20260423141400,247.070,247.290,247.070,247.290,12
20260423141500,247.020,247.020,247.000,247.000,37
20260423141600,247.000,247.000,247.000,247.000,3
20260423141700,247.000,247.000,247.000,247.000,0
20260423141800,247.030,248.500,247.030,248.500,396
20260423141900,248.770,249.230,248.620,249.210,59
20260423142000,248.690,248.690,248.650,248.650,8
20260423142100,248.450,248.700,248.030,248.700,28
20260423142200,248.900,248.900,248.400,248.400,8
20260423142300,248.470,248.880,248.470,248.880,19
20260423142400,248.880,249.090,248.880,248.880,30
20260423142500,248.890,248.890,248.680,248.880,38
20260423142600,249.120,249.130,248.890,249.130,16
20260423142700,249.130,249.130,249.130,249.130,6
20260423142800,248.840,249.100,248.690,248.800,18
20260423142900,248.510,248.510,248.370,248.410,10
20260423143000,248.510,248.510,248.170,248.180,21
20260423143100,248.200,248.780,248.200,248.760,31
20260423143200,248.770,248.770,248.770,248.770,8
20260423143300,248.760,248.760,248.740,248.740,15
20260423143400,248.750,248.790,248.350,248.350,42
20260423143500,248.380,248.380,248.040,248.040,24
20260423143600,248.050,248.050,248.050,248.050,7
20260423143700,248.310,248.310,248.060,248.060,16
20260423143800,248.080,248.340,248.080,248.240,24
20260423143900,248.340,248.340,248.300,248.310,17
20260423144000,248.290,248.290,247.950,247.950,43
20260423144100,247.970,248.230,247.790,247.850,44
20260423144200,248.150,248.150,247.850,247.850,19
20260423144300,247.830,247.870,247.810,247.820,26
20260423144400,247.810,248.110,247.790,248.070,34
20260423144500,248.070,248.080,247.890,247.890,25
20260423144600,247.890,247.890,247.880,247.880,18
20260423144700,247.790,247.870,247.700,247.700,60
20260423144800,247.760,247.800,247.620,247.630,38
20260423144900,247.610,247.690,247.380,247.400,64
20260423145000,247.400,247.740,247.250,247.540,56
20260423145100,247.250,247.600,247.070,247.130,249
20260423145200,247.160,247.650,247.160,247.650,45
20260423145300,247.730,247.780,247.320,247.640,38
20260423145400,247.690,247.830,247.400,247.800,79
20260423145500,247.560,247.600,247.300,247.600,56
20260423145600,247.550,247.600,247.230,247.300,51
20260423145700,247.300,247.790,247.220,247.260,54
20260423145800,247.260,247.260,247.260,247.260,0
20260423145900,247.260,247.260,247.260,247.260,0
20260423150000,247.790,247.790,247.790,247.790,54
20260424093000,248.000,248.000,248.000,248.000,20
20260424093100,249.280,253.000,248.000,250.010,124
20260424093200,250.020,251.880,249.220,249.220,241
20260424093300,248.250,249.440,248.250,249.440,138
20260424093400,249.450,249.890,248.660,248.670,117
20260424093500,248.650,249.770,248.650,249.120,92
20260424093600,249.100,250.410,249.100,250.410,145
20260424093700,250.410,250.670,249.780,249.970,83
20260424093800,250.370,250.820,249.880,250.330,185
20260424093900,250.330,250.340,249.400,249.400,85
20260424094000,249.390,250.550,249.390,249.660,93
20260424094100,249.670,250.820,249.670,250.740,107
20260424094200,251.210,251.220,250.680,250.680,21
20260424094300,250.990,251.000,250.020,250.030,62
20260424094400,250.160,250.180,249.430,249.640,137
20260424094500,249.660,250.310,249.660,250.310,24
20260424094600,249.980,249.980,249.220,249.240,87
20260424094700,249.240,249.250,248.050,248.050,61
20260424094800,248.050,249.240,248.050,249.040,44
20260424094900,248.880,248.890,248.090,248.090,36
20260424095000,248.090,248.560,248.090,248.470,38
20260424095100,248.630,248.740,248.190,248.220,54
20260424095200,248.600,248.600,247.940,247.940,46
20260424095300,248.370,248.560,247.980,248.000,51
20260424095400,248.390,248.420,247.720,247.950,62
20260424095500,247.930,248.400,247.760,248.190,17
20260424095600,248.200,248.200,247.910,248.100,13
20260424095700,248.150,248.500,247.950,248.220,59
20260424095800,248.370,248.700,248.130,248.130,21
20260424095900,247.880,247.950,247.770,247.940,37
20260424100000,247.780,247.940,247.700,247.700,17
20260424100100,247.690,248.700,247.690,248.660,48
20260424100200,248.500,248.500,247.820,248.000,37
20260424100300,248.000,248.000,248.000,248.000,0
20260424100400,247.990,248.360,247.980,248.360,27
20260424100500,248.370,248.430,248.290,248.430,38
20260424100600,248.430,248.430,247.930,247.930,68
20260424100700,247.750,247.750,247.260,247.260,64
20260424100800,247.250,247.730,247.250,247.730,5
20260424100900,247.730,248.580,247.420,248.580,141
20260424101000,248.040,248.450,248.040,248.450,9
20260424101100,248.520,249.400,248.520,249.280,26
20260424101200,248.790,249.290,248.790,248.810,22
20260424101300,249.370,249.400,249.060,249.060,39
20260424101400,249.170,249.610,249.170,249.610,10
20260424101500,249.610,249.610,249.200,249.200,20
20260424101600,249.160,249.450,249.160,249.450,10
20260424101700,249.450,249.630,249.450,249.630,17
20260424101800,250.020,250.020,249.420,249.950,44
20260424101900,249.690,249.950,249.690,249.950,9
20260424102000,249.520,249.920,249.520,249.920,6
20260424102100,249.920,250.100,249.700,250.100,16
20260424102200,250.100,250.100,249.260,249.440,79
20260424102300,249.220,249.420,249.160,249.160,22
20260424102400,249.170,249.220,249.170,249.220,20
20260424102500,249.220,249.430,249.220,249.430,12
20260424102600,249.580,250.070,249.580,249.600,12
20260424102700,250.020,250.020,249.260,249.260,18
20260424102800,249.400,249.400,249.400,249.400,3
20260424102900,249.050,249.340,248.970,249.340,15
20260424103000,249.380,249.590,249.010,249.070,36
20260424103100,249.080,249.420,248.260,248.270,52
20260424103200,248.260,248.680,248.140,248.680,9
20260424103300,248.680,248.680,248.190,248.190,14
20260424103400,248.680,248.680,248.200,248.200,47
20260424103500,248.210,248.540,247.370,247.750,75
20260424103600,247.370,247.370,247.270,247.270,12
20260424103700,247.310,247.310,246.620,246.620,56
20260424103800,246.990,246.990,246.720,246.720,6
20260424103900,246.930,247.250,246.930,247.250,71
20260424104000,247.250,248.260,247.250,248.260,22
20260424104100,248.020,248.030,248.020,248.030,5
20260424104200,248.030,248.030,248.000,248.000,271
20260424104300,248.260,248.260,248.260,248.260,23
20260424104400,248.320,248.480,248.220,248.480,30
20260424104500,248.430,248.930,248.430,248.560,10
20260424104600,248.560,248.560,248.560,248.560,4
20260424104700,248.890,248.900,248.580,248.580,8
20260424104800,248.900,248.900,248.900,248.900,2
20260424104900,248.600,248.730,248.490,248.490,24
20260424105000,248.490,248.490,248.320,248.320,16
20260424105100,248.320,248.450,248.320,248.350,10
20260424105200,248.180,248.520,248.030,248.030,9
20260424105300,248.480,248.520,248.030,248.030,29
20260424105400,248.020,248.020,248.010,248.020,16
20260424105500,248.420,248.420,248.000,248.000,17
20260424105600,248.340,248.390,248.000,248.000,15
20260424105700,248.000,248.000,248.000,248.000,2
20260424105800,248.220,248.360,248.000,248.000,12
20260424105900,248.000,248.010,247.270,248.010,264
20260424110000,248.090,248.230,247.840,247.840,16
20260424110100,247.860,248.210,247.850,248.170,33
20260424110200,248.010,248.200,248.000,248.200,20
20260424110300,248.010,248.010,247.850,248.000,71
20260424110400,248.170,248.170,248.000,248.000,12
20260424110500,248.000,248.000,248.000,248.000,43
20260424110600,248.000,248.410,247.820,248.410,23
20260424110700,248.490,248.490,248.490,248.490,2
20260424110800,248.490,248.490,248.490,248.490,0
20260424110900,248.490,248.490,248.490,248.490,0
20260424111000,248.400,248.430,248.330,248.430,22
20260424111100,248.340,248.680,248.320,248.680,20
20260424111200,248.320,248.320,247.880,247.880,27
20260424111300,247.880,248.620,247.880,248.620,21
20260424111400,248.680,248.680,248.560,248.560,4
20260424111500,248.090,248.130,248.000,248.000,27
20260424111600,248.020,248.020,248.020,248.020,2
20260424111700,248.310,248.310,247.710,248.290,170
20260424111800,248.470,248.470,248.470,248.470,5
20260424111900,248.470,248.470,248.470,248.470,0
20260424112000,248.430,248.490,248.430,248.490,12
20260424112100,248.450,248.890,248.450,248.890,20
20260424112200,248.870,248.870,248.650,248.800,19
20260424112300,248.800,248.800,248.800,248.800,0
20260424112400,248.450,248.450,248.150,248.150,26
20260424112500,248.070,248.340,248.000,248.000,40
20260424112600,248.010,248.190,247.680,247.980,142
20260424112700,248.000,248.270,247.980,248.270,79
20260424112800,247.910,248.280,247.890,248.020,67
20260424112900,248.000,248.290,248.000,248.060,8
20260424113000,248.020,248.050,248.020,248.050,6
20260424130100,248.200,248.730,247.790,247.790,170
20260424130200,247.680,247.990,247.270,247.270,83
20260424130300,247.280,247.850,247.260,247.550,62
20260424130400,247.570,248.000,247.520,247.570,18
20260424130500,247.570,247.920,247.550,247.550,12
20260424130600,247.870,247.990,247.570,247.740,81
20260424130700,247.630,247.630,247.240,247.240,24
20260424130800,247.220,247.510,247.190,247.460,23
20260424130900,247.170,247.460,247.170,247.460,5
20260424131000,247.510,247.550,247.250,247.550,14
20260424131100,247.090,247.190,246.900,246.900,62
20260424131200,246.730,246.730,246.620,246.620,22
20260424131300,246.620,246.620,246.580,246.620,14
20260424131400,246.620,246.620,246.620,246.620,0
20260424131500,246.790,246.790,246.190,246.190,34
20260424131600,246.390,246.730,246.210,246.210,19
20260424131700,246.150,246.150,246.060,246.060,21
20260424131800,246.010,246.160,245.620,245.930,44
20260424131900,246.370,246.370,245.800,245.800,9
20260424132000,245.810,246.010,245.800,246.010,13
20260424132100,245.720,245.720,245.610,245.610,34
20260424132200,245.950,245.970,245.630,245.970,6
20260424132300,245.970,245.970,245.540,245.870,22
20260424132400,245.620,245.620,245.520,245.520,23
20260424132500,245.530,245.800,245.530,245.620,15
20260424132600,245.640,245.870,245.620,245.620,15
20260424132700,245.880,246.040,245.550,245.620,32
20260424132800,245.520,245.970,245.380,245.380,28
20260424132900,245.390,245.390,245.380,245.380,8
20260424133000,245.720,245.750,245.720,245.740,16
20260424133100,245.480,245.900,245.470,245.470,19
20260424133200,245.830,245.830,245.470,245.470,20
20260424133300,245.500,245.680,245.500,245.680,14
20260424133400,245.740,245.740,245.680,245.680,8
20260424133500,245.570,245.570,245.450,245.450,23
20260424133600,245.400,245.400,245.320,245.330,20
20260424133700,245.320,245.330,245.240,245.330,11
20260424133800,245.360,245.750,245.290,245.310,36
20260424133900,245.260,245.260,245.100,245.260,38
20260424134000,245.130,245.130,245.130,245.130,4
20260424134100,245.120,245.390,245.080,245.390,29
20260424134200,245.120,245.120,245.120,245.120,2
20260424134300,245.360,245.360,244.870,244.910,116
20260424134400,244.870,244.950,244.380,244.480,52
20260424134500,244.810,244.810,244.520,244.790,36
20260424134600,244.540,244.550,244.540,244.550,4
20260424134700,244.550,244.700,244.550,244.610,6
20260424134800,244.860,244.860,244.610,244.610,5
20260424134900,244.810,244.810,244.670,244.670,9
20260424135000,244.660,244.660,244.300,244.300,78
20260424135100,244.400,244.400,244.320,244.370,15
20260424135200,244.300,245.470,244.100,245.000,316
20260424135300,244.700,245.280,244.680,245.280,100
20260424135400,245.590,245.590,245.540,245.540,79
20260424135500,245.560,246.070,245.560,246.070,16
20260424135600,246.490,247.000,246.490,246.520,98
20260424135700,247.000,247.000,247.000,247.000,28
20260424135800,246.970,247.110,246.700,246.700,13
20260424135900,247.110,247.120,246.770,246.770,9
20260424140000,247.440,247.440,246.820,247.320,10
20260424140100,247.280,247.440,247.220,247.440,25
20260424140200,247.440,247.450,247.110,247.450,13
20260424140300,247.400,247.690,247.320,247.680,118
20260424140400,247.730,249.180,247.550,248.940,184
20260424140500,249.280,249.930,249.280,249.930,133
20260424140600,249.930,250.090,249.390,250.050,63
20260424140700,250.090,250.120,249.640,250.100,42
20260424140800,249.800,250.180,249.730,250.180,92
20260424140900,249.740,250.200,249.560,250.150,80
20260424141000,250.210,250.380,249.360,249.360,44
20260424141100,249.340,249.340,248.460,248.460,47
20260424141200,248.420,248.930,248.420,248.930,6
20260424141300,249.090,249.090,249.040,249.040,4
20260424141400,248.640,248.640,248.640,248.640,2
20260424141500,249.190,249.190,248.800,248.940,26
20260424141600,248.950,249.390,248.950,249.360,49
20260424141700,249.400,249.400,248.980,249.380,21
20260424141800,249.390,249.390,248.980,248.980,40
20260424141900,248.800,248.970,248.410,248.930,21
20260424142000,248.930,248.940,248.540,248.930,17
20260424142100,248.930,249.000,248.930,248.980,50
20260424142200,248.980,249.210,248.710,248.760,12
20260424142300,249.200,249.220,249.200,249.220,12
20260424142400,249.210,249.390,249.210,249.390,19
20260424142500,249.390,249.500,249.390,249.480,24
20260424142600,249.500,249.500,249.070,249.400,68
20260424142700,249.390,249.390,249.020,249.030,77
20260424142800,249.030,249.030,249.030,249.030,0
20260424142900,249.380,249.380,249.060,249.080,14
20260424143000,249.040,249.050,248.550,248.550,59
20260424143100,248.690,248.710,248.550,248.550,23
20260424143200,248.150,248.750,248.120,248.750,30
20260424143300,248.740,248.740,248.290,248.740,9
20260424143400,248.730,248.730,248.280,248.280,42
20260424143500,248.280,248.480,248.280,248.290,9
20260424143600,248.310,248.440,248.280,248.280,28
20260424143700,248.430,248.430,248.240,248.240,15
20260424143800,248.250,248.430,248.250,248.430,24
20260424143900,248.450,248.740,248.450,248.510,22
20260424144000,248.510,248.740,248.500,248.600,24
20260424144100,248.710,248.740,248.180,248.180,85
20260424144200,248.110,248.110,248.000,248.110,28
20260424144300,248.000,248.080,247.480,248.080,86
20260424144400,248.070,248.240,247.990,248.230,21
20260424144500,248.090,248.570,248.090,248.440,24
20260424144600,248.400,248.400,248.120,248.120,55
20260424144700,248.120,248.240,248.120,248.240,7
20260424144800,248.130,248.260,248.130,248.260,15
20260424144900,248.180,249.200,248.180,249.120,55
20260424145000,249.180,249.710,248.700,249.610,175
20260424145100,249.020,249.560,248.930,249.380,113
20260424145200,249.030,249.380,248.780,249.350,54
20260424145300,249.380,249.400,248.790,248.790,49
20260424145400,249.360,249.360,248.350,248.350,75
20260424145500,248.000,248.340,248.000,248.330,37
20260424145600,248.350,248.350,248.010,248.330,40
20260424145700,248.020,248.490,248.020,248.490,29
20260424145800,248.490,248.490,248.490,248.490,0
20260424145900,248.490,248.490,248.490,248.490,0
20260424150000,248.000,248.000,248.000,248.000,116
20260427093000,248.000,248.000,248.000,248.000,0
20260427093100,248.590,249.760,246.110,246.150,241
20260427093200,247.660,247.660,246.160,247.220,174
20260427093300,246.710,248.660,246.610,247.870,115
20260427093400,248.600,248.600,247.680,247.800,99
20260427093500,247.800,247.800,246.340,246.580,68
20260427093600,246.770,246.880,246.000,246.010,79
20260427093700,245.880,246.160,245.050,245.640,140
20260427093800,245.500,245.500,244.200,244.600,182
20260427093900,244.580,245.200,244.580,244.820,117
20260427094000,244.820,245.290,244.580,244.800,43
20260427094100,244.500,244.500,243.540,244.480,164
20260427094200,244.480,244.480,243.700,243.700,27
20260427094300,243.500,243.810,243.150,243.810,81
20260427094400,243.640,243.640,243.230,243.230,37
20260427094500,243.210,243.640,243.210,243.470,49
20260427094600,243.380,243.450,243.380,243.380,69
20260427094700,243.300,243.530,243.270,243.370,25
20260427094800,243.300,243.460,242.660,242.660,127
20260427094900,242.660,242.670,242.610,242.660,72
20260427095000,242.500,242.590,242.120,242.280,83
20260427095100,242.280,242.400,242.260,242.260,51
20260427095200,242.380,242.550,242.220,242.440,79
20260427095300,242.440,242.860,242.440,242.480,39
20260427095400,242.560,242.590,242.200,242.200,34
20260427095500,242.200,242.430,242.200,242.430,41
20260427095600,242.430,242.430,242.360,242.360,20
20260427095700,242.340,242.360,241.580,241.610,250
20260427095800,241.620,241.730,241.470,241.730,28
20260427095900,241.760,242.130,241.680,241.680,39
20260427100000,241.660,242.110,241.660,242.110,14
20260427100100,241.730,242.450,241.730,242.170,42
20260427100200,242.170,242.930,242.040,242.930,51
20260427100300,242.560,242.720,242.360,242.720,15
20260427100400,242.720,242.720,241.730,242.350,25
20260427100500,242.370,242.430,241.650,241.820,117
20260427100600,241.850,242.220,241.850,242.220,14
20260427100700,242.680,244.600,242.680,244.600,208
20260427100800,244.980,245.500,244.600,245.000,87
20260427100900,245.430,246.500,245.210,246.140,132
20260427101000,245.320,245.780,245.000,245.020,58
20260427101100,245.480,245.510,245.010,245.010,81
20260427101200,244.600,244.730,244.600,244.680,21
20260427101300,244.170,244.170,243.550,243.550,31
20260427101400,243.830,243.830,243.420,243.600,17
20260427101500,243.550,243.550,243.340,243.550,21
20260427101600,243.550,243.550,243.300,243.300,7
20260427101700,243.260,243.260,242.760,242.760,16
20260427101800,242.820,243.060,242.710,242.710,53
20260427101900,242.700,242.770,242.220,242.770,27
20260427102000,243.040,243.040,242.740,242.740,16
20260427102100,242.570,242.640,242.570,242.640,23
20260427102200,242.700,242.760,242.410,242.760,14
20260427102300,242.440,242.500,242.440,242.500,6
20260427102400,242.510,242.540,242.230,242.300,61
20260427102500,242.500,242.500,242.290,242.290,14
20260427102600,242.290,242.490,242.290,242.490,13
20260427102700,242.690,242.750,242.480,242.480,24
20260427102800,242.700,242.700,242.680,242.680,7
20260427102900,242.700,242.700,242.680,242.680,7
20260427103000,242.560,243.050,242.560,243.050,32
20260427103100,243.190,243.190,243.190,243.190,2
20260427103200,243.190,243.200,243.190,243.200,6
20260427103300,243.200,244.000,243.200,243.300,29
20260427103400,243.440,243.440,242.880,242.880,10
20260427103500,243.090,243.090,242.920,242.920,4
20260427103600,242.780,243.010,242.770,243.010,15
20260427103700,242.710,243.200,242.690,243.000,15
20260427103800,242.830,245.480,242.830,245.420,278
20260427103900,245.370,245.990,244.970,245.950,313
20260427104000,245.950,246.000,245.510,245.970,53
20260427104100,246.130,246.280,245.560,246.180,113
20260427104200,245.590,246.440,245.060,245.660,127
20260427104300,245.140,245.140,245.140,245.140,5
20260427104400,245.140,245.630,244.760,245.520,25
20260427104500,245.020,245.020,245.020,245.020,2
20260427104600,245.550,245.990,245.070,245.980,100
20260427104700,245.620,245.960,245.610,245.840,24
20260427104800,245.630,245.850,245.630,245.850,9
20260427104900,245.640,245.910,245.550,245.550,9
20260427105000,245.550,245.930,245.550,245.900,72
20260427105100,246.000,246.000,245.900,245.900,24
20260427105200,245.820,246.400,245.820,246.400,32
20260427105300,246.400,246.480,246.400,246.480,32
20260427105400,246.450,246.450,246.030,246.400,18
20260427105500,246.070,247.280,246.070,247.280,205
20260427105600,247.200,247.430,247.200,247.430,60
20260427105700,247.390,247.490,247.230,247.490,72
20260427105800,247.500,247.500,247.300,247.310,25
20260427105900,247.310,247.610,247.310,247.610,16
20260427110000,247.600,250.000,247.600,249.950,505
20260427110100,249.960,250.400,249.950,249.950,139
20260427110200,249.950,250.350,249.670,250.350,117
20260427110300,250.380,250.390,249.710,250.390,67
20260427110400,250.100,250.400,249.740,250.250,72
20260427110500,250.210,250.210,249.030,249.780,149
20260427110600,248.890,248.960,248.250,248.960,13
20260427110700,248.960,248.960,248.960,248.960,0
20260427110800,247.950,248.240,247.950,247.950,10
20260427110900,247.690,247.690,247.490,247.490,18
20260427111000,247.720,247.730,247.720,247.730,24
20260427111100,247.710,248.150,247.330,248.150,47
20260427111200,247.720,248.150,247.710,248.150,7
20260427111300,247.720,247.720,247.720,247.720,7
20260427111400,247.720,247.720,247.720,247.720,2
20260427111500,247.910,247.910,247.710,247.710,13
20260427111600,248.220,249.560,248.220,249.560,168
20260427111700,250.000,250.000,249.020,249.060,9
20260427111800,249.070,249.070,248.400,248.400,53
20260427111900,248.900,248.900,248.380,248.870,15
20260427112000,248.880,248.880,248.730,248.730,4
20260427112100,248.660,248.660,248.390,248.390,4
20260427112200,248.170,248.170,248.170,248.170,4
20260427112300,248.170,248.170,247.900,247.900,18
20260427112400,247.850,247.850,247.700,247.810,9
20260427112500,247.800,247.850,247.110,247.850,22
20260427112600,247.790,247.790,247.790,247.790,14
20260427112700,247.170,247.170,247.150,247.150,4
20260427112800,247.150,247.200,247.150,247.200,41
20260427112900,247.670,247.670,247.210,247.240,18
20260427113000,247.170,247.690,247.170,247.690,61
20260427130100,247.580,247.580,246.020,246.960,140
20260427130200,247.400,248.100,247.400,247.800,38
20260427130300,247.810,248.710,247.460,248.110,26
20260427130400,247.570,248.330,247.570,248.330,14
20260427130500,248.140,248.140,247.030,247.030,22
20260427130600,247.020,247.020,247.000,247.000,12
20260427130700,247.420,247.420,247.020,247.420,6
20260427130800,247.420,247.420,246.290,246.290,153
20260427130900,247.000,247.000,247.000,247.000,173
20260427131000,247.000,247.000,247.000,247.000,2
20260427131100,247.000,247.000,246.990,246.990,10
20260427131200,246.980,247.100,246.980,247.010,10
20260427131300,247.020,247.020,247.020,247.020,2
20260427131400,247.410,247.410,247.070,247.070,12
20260427131500,247.070,247.070,247.070,247.070,5
20260427131600,246.710,246.710,246.700,246.700,5
20260427131700,246.700,246.700,246.700,246.700,0
20260427131800,247.190,247.190,247.110,247.110,12
20260427131900,246.950,246.970,246.950,246.970,8
20260427132000,247.070,247.070,246.850,247.060,15
20260427132100,247.060,247.060,247.060,247.060,2
20260427132200,246.990,246.990,246.730,246.930,12
20260427132300,246.750,247.410,246.750,246.910,61
20260427132400,246.740,246.770,246.650,246.650,10
20260427132500,246.650,246.650,246.340,246.350,10
20260427132600,246.350,246.350,246.350,246.350,0
20260427132700,246.180,246.610,246.180,246.610,46
20260427132800,246.700,246.700,246.140,246.660,10
20260427132900,246.620,246.680,246.620,246.640,17
20260427133000,246.300,246.570,246.270,246.430,16
20260427133100,246.580,246.780,246.580,246.580,21
20260427133200,246.770,246.800,246.460,246.480,28
20260427133300,246.480,246.800,246.480,246.800,4
20260427133400,246.450,247.000,246.440,246.520,28
20260427133500,246.450,246.450,246.360,246.360,20
20260427133600,246.890,246.890,246.420,246.420,24
20260427133700,246.380,246.740,246.240,246.240,23
20260427133800,246.400,246.790,246.230,246.790,16
20260427133900,246.250,246.660,246.250,246.660,11
20260427134000,246.660,246.660,246.260,246.260,4
20260427134100,246.220,246.220,246.220,246.220,2
20260427134200,246.220,246.220,246.220,246.220,0
20260427134300,246.190,246.190,245.700,245.700,38
20260427134400,245.900,245.940,245.710,245.710,26
20260427134500,245.920,245.930,245.710,245.930,6
20260427134600,245.710,245.710,245.710,245.710,2
20260427134700,245.710,245.710,245.710,245.710,10
20260427134800,245.700,246.000,245.700,246.000,19
20260427134900,246.080,246.080,245.820,245.830,11
20260427135000,246.080,246.790,246.080,246.790,40
20260427135100,246.780,246.780,246.780,246.780,6
20260427135200,246.320,246.320,246.320,246.320,6
20260427135300,246.600,246.600,246.570,246.570,6
20260427135400,246.330,246.340,246.330,246.340,20
20260427135500,246.720,247.000,246.360,247.000,21
20260427135600,247.540,248.260,246.900,248.260,258
20260427135700,247.880,247.990,247.850,247.990,38
20260427135800,247.840,247.840,247.410,247.430,40
20260427135900,247.800,247.800,247.440,247.750,19
20260427140000,247.750,247.750,247.490,247.720,8
20260427140100,247.720,247.810,247.240,247.730,81
20260427140200,247.820,247.820,247.820,247.820,2
20260427140300,247.390,247.800,247.390,247.690,34
20260427140400,247.690,247.810,247.690,247.690,22
20260427140500,247.690,247.700,247.690,247.700,2
20260427140600,247.750,248.150,247.750,248.150,21
20260427140700,248.150,248.150,248.150,248.150,0
20260427140800,248.150,248.150,248.150,248.150,0
20260427140900,247.880,248.000,247.450,248.000,20
20260427141000,248.000,248.000,247.470,247.470,24
20260427141100,247.530,247.530,247.520,247.520,4
20260427141200,247.520,247.520,247.520,247.520,0
20260427141300,247.520,248.030,247.520,248.030,53
20260427141400,248.030,248.030,248.030,248.030,8
20260427141500,248.000,248.150,247.800,248.150,98
20260427141600,248.050,248.350,248.050,248.350,4
20260427141700,248.300,248.300,248.300,248.300,2
20260427141800,248.030,248.030,248.000,248.000,43
20260427141900,248.000,248.000,248.000,248.000,24
20260427142000,248.100,248.100,248.100,248.100,2
20260427142100,247.800,247.820,247.800,247.820,61
20260427142200,247.820,247.820,247.820,247.820,0
20260427142300,248.010,248.090,248.010,248.090,6
20260427142400,248.090,248.090,248.000,248.000,6
20260427142500,248.000,248.000,248.000,248.000,17
20260427142600,248.000,248.000,248.000,248.000,85
20260427142700,248.000,248.050,247.810,248.050,19
20260427142800,247.810,247.820,247.810,247.810,18
20260427142900,247.800,248.100,247.800,248.100,42
20260427143000,248.000,248.000,248.000,248.000,2
20260427143100,248.010,248.010,248.000,248.000,10
20260427143200,248.010,248.010,247.580,247.580,61
20260427143300,247.930,248.280,247.930,248.020,23
20260427143400,248.080,248.200,248.080,248.200,16
20260427143500,248.020,248.020,248.020,248.020,2
20260427143600,248.020,248.250,248.000,248.000,15
20260427143700,248.000,248.240,248.000,248.240,4
20260427143800,248.000,248.250,248.000,248.250,13
20260427143900,248.010,248.450,248.010,248.050,34
20260427144000,248.440,248.440,248.010,248.010,32
20260427144100,248.010,248.350,248.000,248.340,48
20260427144200,248.300,248.300,248.000,248.240,29
20260427144300,248.230,248.230,248.000,248.160,19
20260427144400,248.020,248.140,248.020,248.140,34
20260427144500,248.130,248.730,248.130,248.730,88
20260427144600,248.260,248.730,248.260,248.730,55
20260427144700,248.740,249.040,248.740,249.040,67
20260427144800,249.040,249.040,248.670,248.970,45
20260427144900,248.950,249.000,248.820,249.000,59
20260427145000,249.040,249.600,248.890,249.100,212
20260427145100,249.580,249.580,248.890,249.370,56
20260427145200,249.000,249.490,248.880,249.490,85
20260427145300,248.970,249.490,248.970,249.480,36
20260427145400,249.460,249.460,248.880,249.200,46
20260427145500,249.210,249.210,248.240,248.240,75
20260427145600,248.910,248.910,248.200,248.200,62
20260427145700,248.200,248.630,248.010,248.010,20
20260427145800,248.000,248.000,248.000,248.000,2
20260427145900,248.000,248.000,248.000,248.000,0
20260427150000,248.730,248.730,248.730,248.730,90
20260428093000,248.100,248.100,248.100,248.100,18
20260428093100,247.100,249.490,245.860,249.490,125
20260428093200,249.670,249.900,247.110,247.110,118
20260428093300,248.190,248.430,247.410,247.410,113
20260428093400,247.540,248.630,247.520,248.630,96
20260428093500,247.800,248.540,247.630,248.370,49
20260428093600,248.420,250.500,248.420,250.500,135
20260428093700,250.490,251.740,250.050,250.050,161
20260428093800,250.030,250.030,248.950,248.950,53
20260428093900,249.690,249.690,249.220,249.220,50
20260428094000,248.800,249.280,248.490,248.490,58
20260428094100,248.370,248.370,247.000,247.000,98
20260428094200,246.970,248.330,246.580,247.840,145
20260428094300,247.840,248.750,247.500,248.210,182
20260428094400,247.990,248.960,247.540,248.570,163
20260428094500,247.950,248.700,247.130,247.840,173
20260428094600,248.000,248.000,247.500,247.510,33
20260428094700,247.000,247.350,246.930,247.350,51
20260428094800,247.350,247.350,246.780,246.910,32
20260428094900,246.620,247.050,246.620,247.050,6
20260428095000,247.260,247.360,246.970,247.060,31
20260428095100,246.910,247.370,246.900,247.370,77
20260428095200,247.280,247.940,247.280,247.670,32
20260428095300,247.450,247.670,247.090,247.090,11
20260428095400,247.420,247.420,246.850,247.030,30
20260428095500,246.850,246.850,246.280,246.530,47
20260428095600,246.530,247.000,246.530,247.000,20
20260428095700,246.600,246.600,246.280,246.600,33
20260428095800,246.360,246.930,246.360,246.930,10
20260428095900,247.000,247.030,246.500,246.500,67
20260428100000,246.500,246.500,246.090,246.090,36
20260428100100,246.580,246.580,246.560,246.560,6
20260428100200,246.560,246.560,246.560,246.560,0
20260428100300,246.110,246.220,245.850,246.080,112
20260428100400,246.180,246.180,246.020,246.070,23
20260428100500,246.070,246.300,245.600,246.300,30
20260428100600,246.500,246.500,246.230,246.240,8
20260428100700,246.480,246.480,246.480,246.480,2
20260428100800,246.230,246.240,246.100,246.100,10
20260428100900,246.160,246.750,246.160,246.750,29
20260428101000,246.500,246.750,246.500,246.750,7
20260428101100,246.750,246.750,246.500,246.500,12
20260428101200,246.000,246.000,246.000,246.000,7
20260428101300,246.000,246.350,245.920,246.320,14
20260428101400,245.840,246.220,245.500,246.220,96
20260428101500,245.700,245.700,245.010,245.490,95
20260428101600,245.020,245.440,245.020,245.430,12
20260428101700,245.420,245.490,245.420,245.490,12
20260428101800,245.500,245.500,245.290,245.500,20
20260428101900,245.490,245.490,245.490,245.490,4
20260428102000,245.200,245.500,245.200,245.490,12
20260428102100,245.500,245.500,245.270,245.270,10
20260428102200,245.500,245.500,245.500,245.500,4
20260428102300,245.500,245.500,245.330,245.330,33
20260428102400,245.180,245.340,245.180,245.320,43
20260428102500,245.320,245.320,244.660,244.660,83
20260428102600,244.700,245.050,244.700,245.050,5
20260428102700,245.050,245.050,245.020,245.020,4
20260428102800,245.050,245.050,244.400,244.520,82
20260428102900,244.590,244.590,244.330,244.500,10
20260428103000,244.500,244.500,244.100,244.500,39
20260428103100,244.140,244.200,244.140,244.200,5
20260428103200,244.490,244.500,244.490,244.500,15
20260428103300,244.350,245.050,244.350,245.000,49
20260428103400,244.910,244.910,244.600,244.620,34
20260428103500,244.610,244.620,244.460,244.460,18
20260428103600,244.680,244.690,244.450,244.690,29
20260428103700,244.680,244.680,244.400,244.400,36
20260428103800,244.560,244.660,244.560,244.660,28
20260428103900,244.660,244.670,244.660,244.670,18
20260428104000,244.400,244.680,243.900,244.000,131
20260428104100,244.310,244.650,244.280,244.650,99
20260428104200,244.650,244.650,244.310,244.650,54
20260428104300,244.650,244.650,244.500,244.650,8
20260428104400,244.650,244.660,244.390,244.660,12
20260428104500,244.610,244.610,244.590,244.590,4
20260428104600,244.500,244.660,244.450,244.450,22
20260428104700,244.680,244.680,244.230,244.230,36
20260428104800,244.100,245.000,244.090,245.000,199
20260428104900,245.300,245.500,245.190,245.390,65
20260428105000,245.390,245.400,245.380,245.380,28
20260428105100,245.380,245.380,245.380,245.380,0
20260428105200,245.370,245.370,245.370,245.370,4
20260428105300,244.910,245.370,244.910,245.370,26
20260428105400,245.370,245.370,245.370,245.370,0
20260428105500,244.690,245.050,244.690,245.050,39
20260428105600,244.700,245.050,244.700,245.050,11
20260428105700,245.050,245.050,245.050,245.050,0
20260428105800,244.700,244.900,244.320,244.900,33
20260428105900,244.470,244.890,244.470,244.470,21
20260428110000,244.890,244.890,244.470,244.770,27
20260428110100,244.360,244.680,244.310,244.570,29
20260428110200,244.200,244.520,244.190,244.520,19
20260428110300,244.140,244.500,244.110,244.400,39
20260428110400,244.400,244.400,244.130,244.400,27
20260428110500,244.400,244.400,244.400,244.400,5
20260428110600,244.470,244.470,244.200,244.420,48
20260428110700,244.420,244.500,244.420,244.500,47
20260428110800,244.570,244.650,244.120,244.150,157
20260428110900,244.150,244.350,244.150,244.350,8
20260428111000,244.350,244.350,244.350,244.350,0
20260428111100,244.140,244.250,244.020,244.020,8
20260428111200,244.010,244.220,244.010,244.220,4
20260428111300,244.030,244.210,244.020,244.020,8
20260428111400,244.210,244.330,244.210,244.330,24
20260428111500,244.240,244.240,244.020,244.020,10
20260428111600,244.010,244.200,244.000,244.170,22
20260428111700,244.000,244.150,243.870,243.880,39
20260428111800,243.880,244.140,243.880,243.900,13
20260428111900,243.870,244.110,243.870,244.110,21
20260428112000,243.870,243.990,243.680,243.990,91
20260428112100,244.110,244.120,244.110,244.120,22
20260428112200,244.120,244.120,244.120,244.120,0
20260428112300,244.050,244.100,243.690,244.100,24
20260428112400,243.690,243.730,243.600,243.600,23
20260428112500,243.730,243.830,243.500,243.830,22
20260428112600,243.440,244.030,243.400,243.710,30
20260428112700,243.550,243.950,243.430,243.950,24
20260428112800,243.670,243.670,243.440,243.670,35
20260428112900,243.670,243.670,243.300,243.300,15
20260428113000,243.200,243.200,243.200,243.200,12
20260428130100,243.650,243.670,243.230,243.670,36
20260428130200,243.670,243.950,243.670,243.950,21
20260428130300,243.760,244.170,243.720,244.030,216
20260428130400,244.030,244.030,244.000,244.000,4
20260428130500,243.980,245.180,243.980,245.180,256
20260428130600,245.190,245.370,244.970,244.970,66
20260428130700,244.900,244.900,244.900,244.900,12
20260428130800,244.890,244.890,244.670,244.670,8
20260428130900,244.690,245.300,244.680,244.880,12
20260428131000,245.100,245.110,245.100,245.110,15
20260428131100,245.090,245.280,244.790,245.280,12
20260428131200,244.860,245.360,244.860,245.360,7
20260428131300,245.020,245.020,244.940,244.940,6
20260428131400,244.710,244.890,244.710,244.890,10
20260428131500,244.700,244.700,244.380,244.380,8
20260428131600,244.380,244.680,244.380,244.680,8
20260428131700,244.330,244.790,244.330,244.790,6
20260428131800,244.760,244.760,244.350,244.350,4
20260428131900,244.350,244.760,244.230,244.760,17
20260428132000,244.290,244.790,244.290,244.330,10
20260428132100,244.330,244.330,244.330,244.330,0
20260428132200,244.750,245.060,244.750,245.060,20
20260428132300,245.050,245.060,245.050,245.060,5
20260428132400,245.060,245.060,245.060,245.060,0
20260428132500,244.850,245.340,244.840,245.340,92
20260428132600,245.300,245.610,245.080,245.080,50
20260428132700,245.060,245.060,244.460,244.460,18
20260428132800,244.550,244.560,244.550,244.560,8
20260428132900,244.560,244.740,244.150,244.150,49
20260428133000,244.160,244.180,244.160,244.180,9
20260428133100,244.150,244.150,244.010,244.140,38
20260428133200,244.140,244.380,244.140,244.380,17
20260428133300,244.140,244.380,244.140,244.370,17
20260428133400,244.370,244.380,244.150,244.380,27
20260428133500,244.380,244.380,244.050,244.050,68
20260428133600,244.100,244.230,244.100,244.230,20
20260428133700,244.190,244.370,244.190,244.370,25
20260428133800,244.190,244.370,244.070,244.370,50
20260428133900,244.420,244.520,244.380,244.380,77
20260428134000,244.380,244.600,244.380,244.590,55
20260428134100,244.400,244.570,244.400,244.570,6
20260428134200,244.560,244.560,244.560,244.560,10
20260428134300,244.420,244.420,244.420,244.420,1
20260428134400,244.450,244.560,244.160,244.160,26
20260428134500,244.160,244.160,244.070,244.110,39
20260428134600,244.060,244.350,244.060,244.060,34
20260428134700,244.260,244.260,244.060,244.080,31
20260428134800,244.080,244.080,244.060,244.060,11
20260428134900,244.060,244.260,244.060,244.060,39
20260428135000,244.060,244.290,244.000,244.030,125
20260428135100,244.050,244.280,244.010,244.010,31
20260428135200,244.010,244.300,244.010,244.300,82
20260428135300,244.280,244.300,244.010,244.010,12
20260428135400,244.010,244.300,244.010,244.300,19
20260428135500,244.030,244.040,244.020,244.020,7
20260428135600,244.020,244.290,244.010,244.290,27
20260428135700,244.020,244.020,244.010,244.020,26
20260428135800,244.010,244.230,244.010,244.230,32
20260428135900,244.010,244.210,244.010,244.090,66
20260428140000,244.000,244.000,244.000,244.000,10
20260428140100,244.000,244.210,244.000,244.200,27
20260428140200,244.200,244.200,244.200,244.200,4
20260428140300,244.030,244.170,244.000,244.000,68
20260428140400,244.010,244.010,244.000,244.000,20
20260428140500,244.000,244.150,244.000,244.000,51
20260428140600,244.000,244.000,243.920,243.920,24
20260428140700,243.920,243.920,243.710,243.710,35
20260428140800,243.710,243.710,243.510,243.510,22
20260428140900,243.610,243.610,243.510,243.510,22
20260428141000,243.620,243.620,243.510,243.510,26
20260428141100,243.500,243.830,243.430,243.430,24
20260428141200,243.400,243.400,243.180,243.180,53
20260428141300,243.400,243.400,243.100,243.100,19
20260428141400,243.120,243.120,243.100,243.120,27
20260428141500,243.100,243.380,243.100,243.100,26
20260428141600,243.370,243.480,243.250,243.250,38
20260428141700,243.250,243.350,243.120,243.120,28
20260428141800,243.120,243.400,243.080,243.400,21
20260428141900,243.280,243.410,243.060,243.410,30
20260428142000,243.060,243.060,243.050,243.050,16
20260428142100,243.030,243.030,243.020,243.020,11
20260428142200,243.010,243.290,243.010,243.290,31
20260428142300,243.000,243.280,243.000,243.280,35
20260428142400,243.000,243.270,242.980,243.190,83
20260428142500,242.910,242.910,242.710,242.710,52
20260428142600,242.710,242.720,242.600,242.600,45
20260428142700,242.600,242.930,242.370,242.850,49
20260428142800,242.430,242.840,242.220,242.220,72
20260428142900,242.220,242.530,242.100,242.520,40
20260428143000,242.460,242.460,242.100,242.100,27
20260428143100,242.100,242.240,242.050,242.180,52
20260428143200,242.180,242.180,241.500,241.550,150
20260428143300,241.930,241.940,241.560,241.570,50
20260428143400,241.660,241.700,241.580,241.580,12
20260428143500,241.900,241.900,241.570,241.570,28
20260428143600,241.540,242.000,241.540,242.000,169
20260428143700,242.180,243.380,242.180,243.200,331
20260428143800,243.370,243.930,243.300,243.810,58
20260428143900,243.740,243.810,243.180,243.810,35
20260428144000,243.810,243.810,243.450,243.800,22
20260428144100,243.630,243.790,243.120,243.120,59
20260428144200,242.940,243.500,242.940,242.960,55
20260428144300,243.020,243.560,243.020,243.560,53
20260428144400,243.590,243.590,243.000,243.000,125
20260428144500,243.000,243.440,243.000,243.000,42
20260428144600,243.320,243.320,243.000,243.000,52
20260428144700,243.250,243.360,243.000,243.360,71
20260428144800,243.040,243.810,243.020,243.350,62
20260428144900,243.810,243.920,243.350,243.390,23
20260428145000,243.840,243.840,243.420,243.420,43
20260428145100,243.970,243.990,243.590,243.970,51
20260428145200,243.590,244.260,243.510,244.240,128
20260428145300,244.230,244.230,243.520,244.200,44
20260428145400,244.180,244.200,243.400,243.950,61
20260428145500,243.580,243.940,243.380,243.880,62
20260428145600,243.400,243.880,243.000,243.000,56
20260428145700,243.270,244.150,243.020,243.020,145
20260428145800,243.020,243.020,243.020,243.020,0
20260428145900,243.020,243.020,243.020,243.020,0
20260428150000,243.100,243.100,243.100,243.100,49
20260429093000,242.020,242.020,242.020,242.020,10
20260429093100,242.980,243.090,242.030,243.090,44
20260429093200,242.780,244.900,242.780,243.890,193
20260429093300,243.890,244.780,243.600,244.100,31
20260429093400,244.020,244.730,244.020,244.590,46
20260429093500,244.590,244.830,244.280,244.830,34
20260429093600,244.870,245.150,244.870,245.150,36
20260429093700,245.160,245.500,244.820,244.820,121
20260429093800,245.000,245.000,244.000,244.380,74
20260429093900,244.170,244.520,244.120,244.120,30
20260429094000,244.800,245.020,244.450,244.450,36
20260429094100,244.260,244.620,244.260,244.560,31
20260429094200,244.550,244.570,244.320,244.320,18
20260429094300,244.620,245.000,244.620,245.000,8
20260429094400,245.000,245.010,245.000,245.010,64
20260429094500,245.010,245.400,244.690,244.690,24
20260429094600,244.660,245.390,244.660,245.390,16
20260429094700,245.380,245.380,244.930,244.930,26
20260429094800,244.920,245.350,244.820,244.820,28
20260429094900,245.090,245.320,244.500,244.500,24
20260429095000,244.340,244.340,244.260,244.260,38
20260429095100,244.440,244.670,244.240,244.240,10
20260429095200,244.260,244.350,244.150,244.350,50
20260429095300,244.310,244.310,244.090,244.280,36
20260429095400,244.280,244.430,244.040,244.420,29
20260429095500,244.390,244.470,244.140,244.470,15
20260429095600,244.470,244.770,244.470,244.770,13
20260429095700,244.490,244.780,243.450,243.450,98
20260429095800,244.140,244.720,244.140,244.260,31
20260429095900,244.260,244.560,244.260,244.560,7
20260429100000,244.580,244.910,244.560,244.800,26
20260429100100,245.220,245.220,244.710,244.710,44
20260429100200,244.730,244.880,244.710,244.830,28
20260429100300,244.680,244.820,244.680,244.810,15
20260429100400,244.760,244.980,244.760,244.980,30
20260429100500,244.980,244.980,244.540,244.540,34
20260429100600,244.980,245.330,244.980,245.330,51
20260429100700,245.330,246.460,245.330,245.820,143
20260429100800,245.740,246.070,245.330,245.820,32
20260429100900,245.500,245.700,245.120,245.120,83
20260429101000,245.050,245.600,244.960,244.960,38
20260429101100,245.420,245.420,244.690,244.760,69
20260429101200,245.140,245.140,244.600,244.600,53
20260429101300,244.590,244.900,244.460,244.540,41
20260429101400,244.450,244.560,244.360,244.360,54
20260429101500,244.400,244.660,244.060,244.660,34
20260429101600,244.660,244.660,244.340,244.660,25
20260429101700,244.700,244.870,244.370,244.380,40
20260429101800,244.380,244.760,244.310,244.760,34
20260429101900,244.440,244.750,244.310,244.440,34
20260429102000,244.150,244.180,244.010,244.010,29
20260429102100,244.450,244.450,243.390,243.830,60
20260429102200,243.410,243.850,243.280,243.500,74
20260429102300,243.450,243.890,243.430,243.430,17
20260429102400,243.820,243.820,243.460,243.820,25
20260429102500,243.840,244.030,243.780,243.780,40
20260429102600,243.780,243.960,243.480,243.520,21
20260429102700,243.520,244.460,243.520,244.180,46
20260429102800,244.280,244.280,243.940,243.940,21
20260429102900,243.930,243.930,243.460,243.460,23
20260429103000,243.260,243.260,243.000,243.000,26
20260429103100,243.000,243.620,243.000,243.620,26
20260429103200,243.150,243.200,243.060,243.060,28
20260429103300,243.050,243.280,243.000,243.000,22
20260429103400,242.970,242.970,242.680,242.680,43
20260429103500,242.680,242.960,242.680,242.680,14
20260429103600,243.000,243.000,242.420,242.420,43
20260429103700,242.150,242.280,242.100,242.130,40
20260429103800,242.130,242.130,241.540,241.800,95
20260429103900,241.720,241.930,241.200,241.220,67
20260429104000,241.450,241.500,240.690,241.500,134
20260429104100,241.540,241.880,241.530,241.530,47
20260429104200,241.540,241.830,241.500,241.530,31
20260429104300,241.800,241.830,241.500,241.510,37
20260429104400,241.520,242.010,241.500,242.010,52
20260429104500,241.870,242.270,241.870,241.870,16
20260429104600,241.780,241.780,241.500,241.500,42
20260429104700,241.500,241.780,241.200,241.780,107
20260429104800,241.770,242.290,241.760,241.790,14
20260429104900,241.790,241.950,241.400,241.500,45
20260429105000,241.500,241.890,241.500,241.520,12
20260429105100,241.520,241.880,241.520,241.840,15
20260429105200,241.890,241.890,241.840,241.880,22
20260429105300,241.900,241.900,241.890,241.900,13
20260429105400,242.200,242.250,241.910,242.250,12
20260429105500,242.260,242.390,241.950,241.960,20
20260429105600,242.380,242.380,241.540,241.540,45
20260429105700,241.630,242.020,241.630,241.640,41
20260429105800,241.640,242.380,241.640,242.050,33
20260429105900,242.050,242.300,241.950,242.300,15
20260429110000,242.350,242.420,242.060,242.060,13
20260429110100,242.080,242.470,242.080,242.090,18
20260429110200,242.090,242.460,242.070,242.070,18
20260429110300,242.070,242.430,242.070,242.340,14
20260429110400,242.340,242.350,242.340,242.350,6
20260429110500,242.340,242.340,242.340,242.340,2
20260429110600,242.580,242.610,242.570,242.570,39
20260429110700,242.520,242.520,242.340,242.340,9
20260429110800,242.730,242.730,242.300,242.300,15
20260429110900,242.330,242.890,242.330,242.380,11
20260429111000,242.760,242.900,242.480,242.900,10
20260429111100,242.910,243.130,242.910,243.130,4
20260429111200,243.130,243.130,243.130,243.130,0
20260429111300,243.140,243.180,243.140,243.180,12
20260429111400,243.300,243.380,243.300,243.380,4
20260429111500,242.880,243.420,242.880,243.420,11
20260429111600,243.510,243.580,243.080,243.550,51
20260429111700,243.580,243.970,243.190,243.970,104
20260429111800,243.970,243.980,243.970,243.980,8
20260429111900,243.690,243.780,243.580,243.780,35
20260429112000,243.470,243.470,243.380,243.380,14
20260429112100,243.390,243.760,243.390,243.390,6
20260429112200,243.350,243.350,243.350,243.350,10
20260429112300,243.590,243.590,243.590,243.590,4
20260429112400,243.610,243.610,243.610,243.610,1
20260429112500,243.780,243.780,243.780,243.780,2
20260429112600,243.780,243.780,243.780,243.780,0
20260429112700,243.770,243.770,243.610,243.770,75
20260429112800,243.810,243.980,243.350,243.350,110
20260429112900,243.360,243.690,243.300,243.300,23
20260429113000,243.300,243.300,243.300,243.300,10
20260429130100,243.310,243.650,243.300,243.650,18
20260429130200,243.650,243.650,243.060,243.190,46
20260429130300,242.710,243.170,242.700,243.170,24
20260429130400,242.700,242.700,242.700,242.700,14
20260429130500,242.700,242.790,242.600,242.790,75
20260429130600,243.000,243.000,242.490,242.940,62
20260429130700,242.510,243.770,242.510,243.770,59
20260429130800,243.770,243.770,243.000,243.000,14
20260429130900,242.990,243.470,242.960,242.990,16
20260429131000,243.480,243.730,242.990,242.990,24
20260429131100,242.950,242.950,242.460,242.560,62
20260429131200,242.950,243.000,242.600,242.600,7
20260429131300,242.600,242.610,242.600,242.610,15
20260429131400,242.610,242.610,242.570,242.570,10
20260429131500,242.560,242.680,242.500,242.500,18
20260429131600,242.500,242.650,242.500,242.650,30
20260429131700,242.500,242.660,242.500,242.650,16
20260429131800,242.650,242.650,242.520,242.520,6
20260429131900,242.540,242.640,242.080,242.100,87
20260429132000,242.620,242.620,242.400,242.400,10
20260429132100,242.400,242.400,242.400,242.400,14
20260429132200,242.400,242.780,242.330,242.330,73
20260429132300,242.730,242.730,242.330,242.340,12
20260429132400,242.340,242.360,242.340,242.350,8
20260429132500,242.360,242.380,242.360,242.380,13
20260429132600,242.380,242.380,242.380,242.380,2
20260429132700,242.300,242.300,242.300,242.300,3
20260429132800,242.590,242.780,242.590,242.610,18
20260429132900,242.580,242.780,242.570,242.630,30
20260429133000,243.090,243.090,242.650,242.680,21
20260429133100,243.100,243.100,242.660,242.680,8
20260429133200,243.030,243.030,242.680,243.030,10
20260429133300,243.020,243.020,242.620,242.620,12
20260429133400,242.990,243.040,242.630,242.630,16
20260429133500,242.630,242.630,242.630,242.630,0
20260429133600,242.650,242.650,242.650,242.650,2
20260429133700,242.640,242.640,242.640,242.640,4
20260429133800,242.650,242.660,242.650,242.660,8
20260429133900,242.920,243.090,242.740,242.760,26
20260429134000,242.770,243.180,242.770,243.180,24
20260429134100,243.470,243.470,242.940,242.940,32
20260429134200,242.970,243.170,242.970,243.170,4
20260429134300,243.180,243.460,243.050,243.440,18
20260429134400,243.430,243.450,243.010,243.050,16
20260429134500,243.430,243.430,243.420,243.430,12
20260429134600,243.430,243.430,243.100,243.100,8
20260429134700,243.200,243.370,243.110,243.370,15
20260429134800,243.420,243.430,243.100,243.100,20
20260429134900,243.100,243.100,242.630,242.900,51
20260429135000,242.900,242.900,242.630,242.680,13
20260429135100,242.990,242.990,242.680,242.680,6
20260429135200,243.000,243.000,243.000,243.000,2
20260429135300,243.040,243.110,242.750,242.750,12
20260429135400,242.700,242.700,242.700,242.700,4
20260429135500,243.000,243.320,242.700,242.750,36
20260429135600,242.750,243.240,242.750,243.240,8
20260429135700,243.280,243.280,242.820,242.820,11
20260429135800,242.820,242.820,242.820,242.820,0
20260429135900,243.210,243.210,242.800,242.800,10
20260429140000,243.190,243.190,242.800,242.800,8
20260429140100,242.800,242.800,242.800,242.800,0
20260429140200,242.800,242.800,242.800,242.800,0
20260429140300,243.190,243.190,242.830,242.830,16
20260429140400,242.820,242.960,242.800,242.960,17
20260429140500,242.800,243.050,242.800,243.050,62
20260429140600,242.760,243.070,242.760,243.070,12
20260429140700,242.740,243.040,242.740,243.040,5
20260429140800,243.030,243.050,243.030,243.050,29
20260429140900,242.740,243.090,242.740,242.740,22
20260429141000,243.080,243.080,242.740,242.750,12
20260429141100,242.750,243.100,242.750,242.750,12
20260429141200,243.160,243.160,242.780,243.150,11
20260429141300,243.120,243.120,243.120,243.120,8
20260429141400,242.760,243.110,242.750,242.750,12
20260429141500,243.110,243.170,242.750,242.750,14
20260429141600,242.760,243.160,242.760,243.160,6
20260429141700,243.140,243.140,243.130,243.130,9
20260429141800,243.150,243.190,243.120,243.190,15
20260429141900,243.180,243.250,242.860,243.250,35
20260429142000,243.300,243.450,242.970,243.260,43
20260429142100,243.260,243.260,242.990,242.990,10
20260429142200,243.000,243.400,243.000,243.400,10
20260429142300,243.000,243.390,243.000,243.380,13
20260429142400,243.000,243.010,243.000,243.010,12
20260429142500,243.000,243.320,242.880,242.880,35
20260429142600,242.900,243.330,242.880,242.880,17
20260429142700,242.880,242.880,242.880,242.880,4
20260429142800,243.240,243.280,242.870,242.870,58
20260429142900,242.880,243.120,242.820,242.880,31
20260429143000,242.880,243.130,242.780,242.780,44
20260429143100,243.070,243.070,242.770,243.060,23
20260429143200,243.060,243.060,243.060,243.060,0
20260429143300,242.790,242.790,242.600,242.600,70
20260429143400,242.590,242.740,242.190,242.190,63
20260429143500,242.190,242.240,242.190,242.190,16
20260429143600,242.540,242.550,242.190,242.530,36
20260429143700,242.190,242.190,242.190,242.190,4
20260429143800,242.190,242.190,242.190,242.190,4
20260429143900,242.190,242.190,242.190,242.190,0
20260429144000,242.190,242.190,242.190,242.190,0
20260429144100,242.500,242.500,242.180,242.200,52
20260429144200,242.320,242.320,242.190,242.310,19
20260429144300,242.720,242.720,242.710,242.710,7
20260429144400,242.210,242.230,242.210,242.230,7
20260429144500,242.230,242.670,242.230,242.550,16
20260429144600,242.250,242.510,242.180,242.290,105
20260429144700,242.290,242.550,242.290,242.550,25
20260429144800,242.330,242.550,242.200,242.530,42
20260429144900,242.540,242.780,242.260,242.510,42
20260429145000,242.410,242.720,242.210,242.700,35
20260429145100,242.690,242.690,242.270,242.270,10
20260429145200,242.880,242.880,242.820,242.830,25
20260429145300,242.830,243.580,242.830,243.320,215
20260429145400,243.560,243.680,242.830,243.310,215
20260429145500,243.380,243.660,242.890,243.640,117
20260429145600,243.040,243.600,242.560,242.750,102
20260429145700,242.750,242.760,242.580,242.760,25
20260429145800,242.760,242.760,242.760,242.760,0
20260429145900,242.760,242.760,242.760,242.760,0
20260429150000,242.760,242.760,242.760,242.760,60
20260430093000,242.760,242.760,242.760,242.760,4
20260430093100,242.760,243.750,242.130,242.790,41
20260430093200,242.790,242.840,241.070,241.680,65
20260430093300,241.680,242.190,241.150,242.190,62
20260430093400,242.240,242.710,241.700,242.100,53
20260430093500,242.060,242.640,242.050,242.640,7
20260430093600,242.000,242.260,241.800,241.800,57
20260430093700,242.180,242.420,241.670,241.680,40
20260430093800,241.770,241.770,241.460,241.510,147
20260430093900,241.410,241.800,241.000,241.350,209
20260430094000,241.370,241.770,241.310,241.770,17
20260430094100,241.670,241.780,241.610,241.710,62
20260430094200,241.760,241.930,241.380,241.450,28
20260430094300,241.290,241.930,241.290,241.590,41
20260430094400,241.580,241.860,241.300,241.570,23
20260430094500,241.510,241.520,241.160,241.160,30
20260430094600,241.460,241.460,241.200,241.410,17
20260430094700,241.360,241.690,241.360,241.690,21
20260430094800,241.460,241.760,241.460,241.760,27
20260430094900,241.990,242.150,241.750,241.810,45
20260430095000,242.150,242.710,241.990,242.350,60
20260430095100,242.260,242.660,242.180,242.580,47
20260430095200,242.650,242.680,242.300,242.300,23
20260430095300,242.310,243.180,242.230,242.310,20
20260430095400,241.940,242.310,241.940,241.960,14
20260430095500,241.960,242.320,241.930,242.130,31
20260430095600,241.920,242.800,241.920,242.800,24
20260430095700,242.360,242.640,242.270,242.620,25
20260430095800,242.370,242.370,242.030,242.030,8
20260430095900,242.500,242.850,242.370,242.850,69
20260430100000,243.090,243.180,243.000,243.090,38
20260430100100,242.990,243.100,242.410,242.500,37
20260430100200,242.500,242.650,242.350,242.480,36
20260430100300,242.240,242.240,242.010,242.010,15
20260430100400,242.390,242.470,242.010,242.430,22
20260430100500,242.070,242.500,242.070,242.500,17
20260430100600,242.500,242.500,242.480,242.500,6
20260430100700,243.030,243.420,242.600,242.600,58
20260430100800,242.570,242.570,242.540,242.540,4
20260430100900,242.890,243.230,242.890,242.970,11
20260430101000,242.600,242.600,241.910,241.910,69
20260430101100,242.320,242.320,241.550,241.550,74
20260430101200,241.960,241.960,241.550,241.650,36
20260430101300,241.400,241.470,241.080,241.340,215
20260430101400,241.250,241.840,241.090,241.090,37
20260430101500,241.080,241.320,240.610,240.640,162
20260430101600,240.610,240.930,240.500,240.820,91
20260430101700,240.890,240.890,240.500,240.500,34
20260430101800,240.400,240.620,240.400,240.450,20
20260430101900,240.430,240.480,240.130,240.370,73
20260430102000,240.190,240.300,240.170,240.300,28
20260430102100,240.230,240.430,240.200,240.430,36
20260430102200,240.350,240.480,240.290,240.470,58
20260430102300,240.480,240.620,240.370,240.460,125
20260430102400,240.510,240.510,240.200,240.200,40
20260430102500,240.040,240.130,239.500,239.760,253
20260430102600,239.720,239.820,239.690,239.740,53
20260430102700,239.640,239.740,239.260,239.410,64
20260430102800,239.400,239.400,239.010,239.010,60
20260430102900,239.040,239.370,239.030,239.340,46
20260430103000,239.770,239.770,239.400,239.400,47
20260430103100,239.370,239.370,239.010,239.180,56
20260430103200,239.010,239.300,239.000,239.300,54
20260430103300,239.200,239.650,239.200,239.590,85
20260430103400,239.330,239.330,239.020,239.030,65
20260430103500,239.020,239.660,239.020,239.500,49
20260430103600,239.260,239.440,239.030,239.080,118
20260430103700,239.200,239.490,239.080,239.490,109
20260430103800,239.570,239.980,239.260,239.830,78
20260430103900,239.580,239.580,239.260,239.260,88
20260430104000,239.490,239.750,239.260,239.260,43
20260430104100,239.270,239.480,238.510,238.510,226
20260430104200,238.510,238.760,238.430,238.760,40
20260430104300,238.970,239.150,238.690,238.930,148
20260430104400,238.800,238.990,238.800,238.810,73
20260430104500,238.800,238.970,238.620,238.890,37
20260430104600,238.970,238.970,238.880,238.880,28
20260430104700,238.880,239.000,238.640,239.000,74
20260430104800,238.990,240.360,238.990,240.160,103
20260430104900,240.160,240.210,239.400,239.720,82
20260430105000,239.730,239.920,239.560,239.620,20
20260430105100,239.410,239.490,239.370,239.490,31
20260430105200,239.490,239.770,239.490,239.770,66
20260430105300,239.770,240.220,239.770,239.820,47
20260430105400,239.820,239.890,239.820,239.830,58
20260430105500,239.850,239.990,239.850,239.920,42
20260430105600,239.930,239.990,239.890,239.890,38
20260430105700,239.900,239.900,238.990,239.450,34
20260430105800,239.200,239.730,239.200,239.540,31
20260430105900,239.730,239.730,239.210,239.210,50
20260430110000,239.190,239.390,239.110,239.110,43
20260430110100,238.990,239.220,238.890,239.220,42
20260430110200,238.960,239.250,238.960,239.100,32
20260430110300,239.090,239.240,238.900,238.940,76
20260430110400,238.940,239.250,238.940,239.020,31
20260430110500,239.030,239.640,239.030,239.060,45
20260430110600,239.040,239.320,238.850,238.850,34
20260430110700,238.860,239.170,238.860,239.170,88
20260430110800,238.980,239.180,238.980,239.030,25
20260430110900,239.030,239.620,239.030,239.260,26
20260430111000,239.280,239.410,238.910,238.910,74
20260430111100,238.870,239.140,238.500,238.760,141
20260430111200,238.750,238.960,238.750,238.760,20
20260430111300,238.750,239.000,238.750,238.970,45
20260430111400,238.980,239.180,238.700,238.700,69
20260430111500,239.000,239.000,238.980,238.980,51
20260430111600,238.990,238.990,238.380,238.380,68
20260430111700,238.050,238.050,237.550,237.650,202
20260430111800,237.630,237.630,237.370,237.380,30
20260430111900,237.380,237.500,237.260,237.310,26
20260430112000,237.500,237.530,237.280,237.300,36
20260430112100,237.320,237.430,237.200,237.250,49
20260430112200,237.200,237.530,237.200,237.430,28
20260430112300,237.230,237.380,237.220,237.300,33
20260430112400,237.250,237.250,237.150,237.160,29
20260430112500,237.180,237.310,237.180,237.310,21
20260430112600,237.360,237.560,237.360,237.410,51
20260430112700,237.290,237.290,237.290,237.290,2
20260430112800,237.520,237.520,237.180,237.180,82
20260430112900,237.270,237.470,237.270,237.280,17
20260430113000,237.180,237.450,237.070,237.450,33
20260430130100,237.230,237.530,237.230,237.240,100
20260430130200,237.220,237.220,236.710,237.120,338
20260430130300,236.620,236.860,236.230,236.230,49
20260430130400,236.230,236.280,236.080,236.280,48
20260430130500,236.280,236.370,236.010,236.370,73
20260430130600,236.380,236.750,236.260,236.520,42
20260430130700,236.280,238.010,236.280,237.740,162
20260430130800,237.680,238.590,237.680,238.140,78
20260430130900,238.110,238.780,238.110,238.120,25
20260430131000,238.070,238.080,237.710,238.050,41
20260430131100,237.730,237.920,237.660,237.660,48
20260430131200,237.710,237.900,237.660,237.660,16
20260430131300,237.670,237.900,237.670,237.900,14
20260430131400,237.900,238.790,237.900,238.790,37
20260430131500,238.160,238.620,238.080,238.080,24
20260430131600,238.070,238.070,237.830,238.010,31
20260430131700,237.920,237.920,237.480,237.490,14
20260430131800,237.410,237.910,237.380,237.380,204
20260430131900,237.220,237.220,237.180,237.180,16
20260430132000,237.190,237.850,237.120,237.440,33
20260430132100,237.820,237.820,237.490,237.490,6
20260430132200,237.490,237.820,237.490,237.490,14
20260430132300,237.380,237.430,237.150,237.360,114
20260430132400,237.370,237.370,237.260,237.260,15
20260430132500,237.060,237.060,237.000,237.000,22
20260430132600,237.010,237.340,237.000,237.180,62
20260430132700,237.190,237.200,236.950,236.950,27
20260430132800,236.950,237.370,236.950,237.360,83
20260430132900,237.360,237.450,237.310,237.310,27
20260430133000,237.280,237.330,237.260,237.330,17
20260430133100,237.260,237.260,237.150,237.150,32
20260430133200,237.420,237.560,237.280,237.360,37
20260430133300,237.430,237.930,237.280,237.870,117
20260430133400,237.850,237.850,237.150,237.220,66
20260430133500,237.170,237.170,237.000,237.000,53
20260430133600,236.990,237.090,236.880,236.880,20
20260430133700,236.900,236.900,236.890,236.890,32
20260430133800,236.890,236.930,236.860,236.930,24
20260430133900,236.940,236.940,236.740,236.740,52
20260430134000,236.870,236.870,236.480,236.650,35
20260430134100,236.600,237.540,236.600,237.540,108
20260430134200,237.500,238.110,237.500,237.620,19
20260430134300,237.630,237.630,237.580,237.580,26
20260430134400,237.550,237.580,237.530,237.530,23
20260430134500,237.500,237.830,237.470,237.470,140
20260430134600,237.140,237.140,236.470,236.960,48
20260430134700,237.070,237.070,236.470,236.550,45
20260430134800,236.550,236.560,236.500,236.500,22
20260430134900,236.510,236.690,236.460,236.660,53
20260430135000,236.660,236.660,236.510,236.520,36
20260430135100,236.520,236.630,236.480,236.480,40
20260430135200,236.480,236.870,236.420,236.680,111
20260430135300,236.440,236.460,236.380,236.420,93
20260430135400,236.450,236.450,236.320,236.320,89
20260430135500,236.340,236.400,236.320,236.400,24
20260430135600,236.400,237.390,236.400,237.010,321
20260430135700,237.430,238.630,237.380,237.930,353
20260430135800,238.500,238.990,238.010,238.880,106
20260430135900,238.820,239.430,238.430,238.530,133
20260430140000,238.520,239.400,238.520,239.390,167
20260430140100,239.450,239.540,239.100,239.410,159
20260430140200,239.410,239.410,239.100,239.100,72
20260430140300,239.100,239.690,239.100,239.590,166
20260430140400,239.880,239.880,239.370,239.770,97
20260430140500,239.750,239.770,239.380,239.380,59
20260430140600,239.360,239.360,238.590,238.920,38
20260430140700,238.870,238.920,238.870,238.890,31
20260430140800,238.990,238.990,238.830,238.830,48
20260430140900,238.650,238.650,238.420,238.470,36
20260430141000,238.430,238.850,238.410,238.850,54
20260430141100,238.880,238.880,238.480,238.490,48
20260430141200,238.490,238.490,238.430,238.430,20
20260430141300,238.390,238.450,238.180,238.180,63
20260430141400,238.260,238.260,237.420,238.020,100
20260430141500,238.040,238.270,238.040,238.190,30
20260430141600,238.270,238.270,238.180,238.180,44
20260430141700,238.180,238.200,238.180,238.190,42
20260430141800,238.190,238.410,238.110,238.110,50
20260430141900,238.110,238.110,238.000,238.000,31
20260430142000,237.950,237.950,237.800,237.800,42
20260430142100,237.800,238.190,237.750,238.190,58
20260430142200,238.140,238.180,238.110,238.180,42
20260430142300,238.120,238.660,238.120,238.640,51
20260430142400,238.920,239.420,238.860,238.870,58
20260430142500,238.860,238.890,238.710,238.710,22
20260430142600,238.820,239.260,238.630,239.260,53
20260430142700,238.990,239.260,238.980,239.260,29
20260430142800,238.980,239.260,238.950,238.950,22
20260430142900,238.940,239.180,238.900,238.900,18
20260430143000,238.890,238.920,238.840,238.840,76
20260430143100,238.860,238.950,238.800,238.820,143
20260430143200,238.820,238.820,238.270,238.430,33
20260430143300,238.390,238.790,238.380,238.390,35
20260430143400,238.580,238.770,238.580,238.610,24
20260430143500,238.940,239.170,238.920,238.970,53
20260430143600,239.120,239.250,238.790,238.790,45
20260430143700,238.800,238.990,238.650,238.990,34
20260430143800,238.980,239.250,238.970,239.080,45
20260430143900,239.070,239.380,239.070,239.380,72
20260430144000,239.390,239.390,239.160,239.180,57
20260430144100,239.130,239.130,238.810,238.810,58
20260430144200,238.810,238.880,238.760,238.760,34
20260430144300,238.740,238.780,238.530,238.530,37
20260430144400,238.520,238.730,238.480,238.520,41
20260430144500,238.530,238.690,238.460,238.650,54
20260430144600,238.480,238.630,238.470,238.510,49
20260430144700,238.430,238.610,238.430,238.610,55
20260430144800,238.450,238.690,238.450,238.660,57
20260430144900,238.650,238.890,238.650,238.890,41
20260430145000,238.730,238.870,238.400,238.400,78
20260430145100,238.380,238.490,238.100,238.490,102
20260430145200,238.370,239.060,238.370,238.540,66
20260430145300,238.440,238.740,238.350,238.570,68
20260430145400,238.750,238.760,238.700,238.740,101
20260430145500,238.750,238.750,238.130,238.130,57
20260430145600,238.130,238.400,237.640,237.640,55
20260430145700,237.660,238.250,237.660,237.860,62
20260430145800,238.230,238.230,238.230,238.230,2
20260430145900,238.230,238.230,238.230,238.230,0
20260430150000,237.870,237.870,237.870,237.870,250
20260506093000,237.920,237.920,237.920,237.920,18
20260506093100,236.010,237.510,236.010,236.070,126
20260506093200,236.080,236.080,234.000,234.020,421
20260506093300,235.130,235.130,233.140,233.140,458
20260506093400,233.130,233.130,231.060,231.230,321
20260506093500,231.300,231.690,229.300,230.780,383
20260506093600,230.100,230.760,228.970,229.970,405
20260506093700,229.790,229.980,228.390,229.010,163
20260506093800,229.010,230.100,229.010,229.980,293
20260506093900,229.980,230.910,229.840,230.910,181
20260506094000,230.900,231.040,230.010,230.330,176
20260506094100,230.370,230.370,229.630,229.990,101
20260506094200,229.880,230.000,229.490,229.490,149
20260506094300,229.650,230.710,229.650,230.510,68
20260506094400,230.040,230.470,229.970,230.080,91
20260506094500,230.090,230.470,229.990,230.380,231
20260506094600,230.360,230.360,229.920,230.300,70
20260506094700,230.320,230.850,230.040,230.660,98
20260506094800,230.540,230.860,230.540,230.590,27
20260506094900,230.770,231.000,230.460,230.760,139
20260506095000,230.770,230.820,230.510,230.690,44
20260506095100,230.690,230.710,230.050,230.300,83
20260506095200,230.080,230.330,229.680,229.880,189
20260506095300,229.870,229.880,229.020,229.030,320
20260506095400,229.000,229.800,229.000,229.800,134
20260506095500,229.800,229.870,229.700,229.850,52
20260506095600,229.850,230.300,229.850,230.300,44
20260506095700,230.300,230.320,229.890,229.930,59
20260506095800,230.270,230.330,229.900,230.330,35
20260506095900,230.340,231.000,230.220,230.220,158
20260506100000,230.680,230.990,230.250,230.850,158
20260506100100,230.840,231.680,230.840,231.280,117
20260506100200,231.220,231.660,229.700,230.460,723
20260506100300,230.470,231.180,230.370,231.000,70
20260506100400,231.370,231.500,231.120,231.130,41
20260506100500,231.430,232.220,231.430,231.500,122
20260506100600,231.610,231.990,231.160,231.990,100
20260506100700,231.990,232.000,231.680,231.980,132
20260506100800,231.910,231.920,230.400,230.400,60
20260506100900,230.420,230.900,230.210,230.250,43
20260506101000,230.100,230.600,230.000,230.600,112
20260506101100,230.140,230.600,230.120,230.380,46
20260506101200,230.200,230.350,230.060,230.060,80
20260506101300,230.010,230.010,229.880,229.900,71
20260506101400,230.130,230.130,229.760,229.840,110
20260506101500,229.770,230.450,229.770,230.300,94
20260506101600,230.200,230.350,229.910,230.350,59
20260506101700,230.350,230.350,230.000,230.200,71
20260506101800,230.350,230.350,230.010,230.200,20
20260506101900,230.030,230.250,230.020,230.030,25
20260506102000,230.060,230.060,230.000,230.010,34
20260506102100,230.000,230.000,229.700,229.760,62
20260506102200,229.820,230.350,229.820,230.350,80
20260506102300,230.100,230.300,230.000,230.300,78
20260506102400,230.130,230.210,229.820,230.210,45
20260506102500,230.100,230.100,229.790,229.790,62
20260506102600,230.250,230.280,230.000,230.250,76
20260506102700,229.950,230.290,229.950,230.010,34
20260506102800,230.150,230.250,229.950,230.250,72
20260506102900,230.200,230.200,229.750,229.750,66
20260506103000,229.940,230.040,229.750,230.040,49
20260506103100,230.080,230.250,229.880,229.880,89
20260506103200,229.980,230.350,229.980,230.240,74
20260506103300,230.600,230.960,230.130,230.520,193
20260506103400,230.960,231.000,230.570,230.570,193
20260506103500,230.900,231.420,230.610,231.370,73
20260506103600,231.350,231.350,230.840,230.880,42
20260506103700,231.310,231.310,230.950,230.950,23
20260506103800,230.900,230.900,230.590,230.590,80
20260506103900,230.530,231.000,230.500,231.000,71
20260506104000,231.010,231.160,230.940,231.160,12
20260506104100,231.000,231.150,230.570,230.870,200
20260506104200,230.680,230.680,230.320,230.490,49
20260506104300,230.320,230.680,230.320,230.330,31
20260506104400,230.850,230.880,230.270,230.700,97
20260506104500,230.690,230.960,230.380,230.380,36
20260506104600,230.940,231.000,230.450,230.540,36
20260506104700,231.000,231.000,230.580,230.580,29
20260506104800,230.980,231.020,230.780,230.810,104
20260506104900,231.000,231.180,230.850,231.180,58
20260506105000,231.170,231.170,231.010,231.050,15
20260506105100,231.050,231.350,230.950,231.060,114
20260506105200,230.970,231.070,230.510,230.510,161
20260506105300,230.530,231.000,230.510,230.560,96
20260506105400,230.980,231.000,230.560,230.620,40
20260506105500,231.000,231.000,230.710,230.750,13
20260506105600,231.000,231.280,230.820,231.280,51
20260506105700,231.010,231.250,231.000,231.220,41
20260506105800,231.220,231.240,231.220,231.230,32
20260506105900,231.270,231.500,231.270,231.280,27
20260506110000,231.500,231.770,231.500,231.770,31
20260506110100,231.780,231.780,231.550,231.550,9
20260506110200,231.550,231.550,231.540,231.550,7
20260506110300,231.450,231.640,231.450,231.640,30
20260506110400,231.760,231.950,231.760,231.950,63
20260506110500,231.950,232.500,231.950,232.500,101
20260506110600,232.350,232.500,232.350,232.490,30
20260506110700,232.500,232.680,232.500,232.680,60
20260506110800,232.760,232.890,232.600,232.890,75
20260506110900,232.890,232.900,232.630,232.890,18
20260506111000,232.890,232.890,232.700,232.700,47
20260506111100,232.710,233.490,232.710,233.490,63
20260506111200,233.320,233.330,232.990,233.300,23
20260506111300,233.280,233.400,233.280,233.280,82
20260506111400,233.280,233.400,233.280,233.300,59
20260506111500,233.400,233.640,232.980,233.640,53
20260506111600,233.160,233.640,233.160,233.160,14
20260506111700,233.560,233.560,233.160,233.540,8
20260506111800,233.160,233.840,233.160,233.800,129
20260506111900,233.870,233.870,233.590,233.810,29
20260506112000,233.810,234.490,233.810,234.420,104
20260506112100,234.050,234.390,234.000,234.280,130
20260506112200,234.280,234.390,234.280,234.390,60
20260506112300,234.410,234.500,234.410,234.500,35
20260506112400,234.470,234.580,234.470,234.580,14
20260506112500,234.550,234.770,234.550,234.770,13
20260506112600,234.770,234.780,234.660,234.760,20
20260506112700,234.660,235.480,234.660,235.300,98
20260506112800,235.250,235.460,235.020,235.020,31
20260506112900,235.010,235.010,234.660,235.010,14
20260506113000,234.680,235.010,234.680,235.010,10
20260506130100,235.140,235.140,234.690,235.130,94
20260506130200,234.940,234.940,234.470,234.840,53
20260506130300,234.840,234.980,234.840,234.910,117
20260506130400,234.710,234.840,234.670,234.670,96
20260506130500,234.840,234.980,234.840,234.840,29
20260506130600,234.850,234.980,234.850,234.850,19
20260506130700,234.850,235.020,234.670,234.670,99
20260506130800,234.670,234.670,234.670,234.670,0
20260506130900,234.680,234.680,234.390,234.440,51
20260506131000,234.440,234.580,234.110,234.110,106
20260506131100,234.120,234.540,234.120,234.530,12
20260506131200,234.680,234.800,234.260,234.430,159
20260506131300,234.800,234.800,234.410,234.430,8
20260506131400,234.430,234.430,234.010,234.010,21
20260506131500,234.000,234.050,234.000,234.050,11
20260506131600,234.050,234.050,233.600,233.640,51
20260506131700,234.040,234.040,233.630,233.650,9
20260506131800,233.650,233.650,233.010,233.470,102
20260506131900,233.440,233.440,233.040,233.040,42
20260506132000,233.430,233.430,233.020,233.380,95
20260506132100,233.380,233.380,233.380,233.380,17
20260506132200,233.380,233.550,233.380,233.550,29
20260506132300,233.490,233.530,233.240,233.380,20
20260506132400,233.520,233.520,233.120,233.120,6
20260506132500,233.110,233.350,233.060,233.350,15
20260506132600,233.320,233.320,233.080,233.090,8
20260506132700,233.090,233.320,233.090,233.310,31
20260506132800,233.100,233.310,233.100,233.100,8
20260506132900,233.100,233.100,233.000,233.000,25
20260506133000,233.030,233.050,233.020,233.050,16
20260506133100,233.150,233.260,233.000,233.010,47
20260506133200,233.010,233.060,232.810,232.940,84
20260506133300,233.030,233.230,232.810,232.850,14
20260506133400,232.850,232.850,232.850,232.850,0
20260506133500,232.960,233.040,232.960,233.040,9
20260506133600,232.970,232.970,232.920,232.920,6
20260506133700,233.020,233.020,232.800,233.010,12
20260506133800,233.010,233.090,232.950,233.090,39
20260506133900,233.270,233.270,232.820,232.820,26
20260506134000,232.900,233.130,232.900,233.130,4
20260506134100,233.140,233.140,232.860,232.910,7
20260506134200,232.840,232.840,232.820,232.830,21
20260506134300,232.820,232.820,232.300,232.300,30
20260506134400,232.680,232.680,232.520,232.520,13
20260506134500,232.510,232.580,232.300,232.580,21
20260506134600,232.700,232.700,232.700,232.700,49
20260506134700,232.700,232.860,232.700,232.860,10
20260506134800,232.770,232.850,232.770,232.850,9
20260506134900,232.710,232.830,232.700,232.820,26
20260506135000,232.700,232.820,232.360,232.360,32
20260506135100,232.370,232.410,232.370,232.410,4
20260506135200,232.410,232.550,232.410,232.550,23
20260506135300,232.570,232.620,232.490,232.490,35
20260506135400,232.400,232.560,232.400,232.410,17
20260506135500,232.420,232.540,232.360,232.540,24
20260506135600,232.380,232.380,232.010,232.010,92
20260506135700,232.160,232.160,232.010,232.140,13
20260506135800,232.010,232.130,231.660,231.660,87
20260506135900,232.060,232.080,232.060,232.080,28
20260506140000,232.080,232.080,231.810,231.810,4
20260506140100,231.750,231.840,231.640,231.840,26
20260506140200,231.650,231.830,231.640,231.730,30
20260506140300,231.760,231.760,231.200,231.560,46
20260506140400,231.550,231.550,231.200,231.200,20
20260506140500,231.210,231.350,231.000,231.150,191
20260506140600,231.160,231.330,231.010,231.330,18
20260506140700,231.330,231.370,231.190,231.190,24
20260506140800,231.160,231.210,231.030,231.200,26
20260506140900,231.190,231.370,231.170,231.170,46
20260506141000,231.060,231.170,231.030,231.030,24
20260506141100,231.050,231.540,230.970,231.540,210
20260506141200,231.550,231.660,231.550,231.660,20
20260506141300,231.550,231.550,231.220,231.440,19
20260506141400,231.440,231.540,231.240,231.460,48
20260506141500,231.470,231.610,231.470,231.610,11
20260506141600,231.610,231.920,231.500,231.920,29
20260506141700,231.680,231.680,231.560,231.560,16
20260506141800,231.680,231.880,231.680,231.740,27
20260506141900,231.880,232.160,231.880,232.160,46
20260506142000,232.160,232.830,232.130,232.750,53
20260506142100,232.460,232.780,232.460,232.780,49
20260506142200,232.550,232.740,232.290,232.570,95
20260506142300,232.570,232.670,232.560,232.560,55
20260506142400,232.580,232.580,232.410,232.510,46
20260506142500,232.420,232.420,232.090,232.090,32
20260506142600,232.130,232.130,232.130,232.130,2
20260506142700,232.170,232.240,232.170,232.240,39
20260506142800,232.230,232.970,232.230,232.970,64
20260506142900,232.920,233.150,232.920,233.050,67
20260506143000,233.050,233.110,233.040,233.110,34
20260506143100,233.100,233.700,233.100,233.700,53
20260506143200,233.280,233.530,233.120,233.530,59
20260506143300,233.630,233.650,233.620,233.650,22
20260506143400,233.640,233.730,233.640,233.690,94
20260506143500,233.760,233.760,233.480,233.760,26
20260506143600,233.760,234.010,233.760,234.010,110
20260506143700,234.020,234.090,233.970,234.000,171
20260506143800,234.360,234.400,234.050,234.400,35
20260506143900,234.500,234.580,234.420,234.520,94
20260506144000,234.650,234.670,234.430,234.430,162
20260506144100,234.440,234.650,234.440,234.480,62
20260506144200,234.630,234.670,234.490,234.670,73
20260506144300,234.660,234.680,234.660,234.680,46
20260506144400,234.680,234.740,234.680,234.680,27
20260506144500,234.800,235.190,234.800,235.040,154
20260506144600,235.050,235.200,235.050,235.120,47
20260506144700,235.120,235.310,235.120,235.310,88
20260506144800,235.200,235.580,235.200,235.490,185
20260506144900,235.180,235.500,235.090,235.490,281
20260506145000,235.490,235.500,235.400,235.500,205
20260506145100,235.150,235.590,235.100,235.450,383
20260506145200,235.450,235.500,234.500,235.500,321
20260506145300,234.880,235.420,234.880,234.910,48
20260506145400,235.200,235.200,234.870,234.880,29
20260506145500,234.860,234.870,234.420,234.560,43
20260506145600,234.560,235.450,234.440,234.890,72
20260506145700,234.890,235.350,234.400,234.400,78
20260506145800,234.400,234.400,234.400,234.400,0
20260506145900,234.400,234.400,234.400,234.400,0
20260506150000,234.400,234.400,234.400,234.400,143
20260507093000,235.770,235.770,235.770,235.770,12
20260507093100,235.770,235.770,233.000,234.000,122
20260507093200,234.050,234.450,233.580,234.450,93
20260507093300,234.180,234.490,233.330,233.340,50
20260507093400,233.220,233.740,233.020,233.300,92
20260507093500,233.080,233.840,233.080,233.620,59
20260507093600,233.170,233.610,233.170,233.170,29
20260507093700,233.170,233.180,232.590,233.180,267
20260507093800,232.710,233.590,232.710,232.780,58
20260507093900,232.790,233.100,232.500,233.100,72
20260507094000,232.630,233.040,232.610,232.900,77
20260507094100,232.610,232.810,232.310,232.350,68
20260507094200,232.580,232.860,232.510,232.600,97
20260507094300,232.400,232.840,232.400,232.840,71
20260507094400,232.990,233.590,232.930,233.050,88
20260507094500,233.020,233.570,232.860,233.110,58
20260507094600,233.110,233.470,232.820,233.470,85
20260507094700,233.490,233.490,232.890,233.000,41
20260507094800,233.020,233.420,233.020,233.070,27
20260507094900,233.030,233.030,232.020,232.130,136
20260507095000,232.000,232.450,231.810,232.450,90
20260507095100,232.200,232.200,232.150,232.200,24
20260507095200,232.210,232.770,232.210,232.360,39
20260507095300,232.720,232.720,232.360,232.420,13
20260507095400,232.770,232.960,232.670,232.960,45
20260507095500,232.960,232.960,232.100,232.100,115
20260507095600,231.710,231.710,231.310,231.330,162
20260507095700,231.360,231.660,231.240,231.270,71
20260507095800,231.530,231.530,230.610,230.610,228
20260507095900,230.630,231.150,230.630,231.150,36
20260507100000,231.170,231.270,230.880,231.270,30
20260507100100,231.340,231.680,231.200,231.230,18
20260507100200,231.230,231.490,230.930,230.930,62
20260507100300,230.890,231.410,230.880,231.070,124
20260507100400,231.070,231.520,231.070,231.520,31
20260507100500,231.460,231.540,231.420,231.420,59
20260507100600,231.070,231.580,231.070,231.420,46
20260507100700,232.090,232.090,231.420,231.430,11
20260507100800,231.800,231.800,231.430,231.430,6
20260507100900,231.420,231.490,231.070,231.490,71
20260507101000,231.670,231.680,231.220,231.660,23
20260507101100,231.220,231.630,231.170,231.170,28
20260507101200,231.620,231.620,231.220,231.280,12
20260507101300,231.270,231.280,231.270,231.280,4
20260507101400,231.540,231.540,231.260,231.300,16
20260507101500,231.300,231.470,231.130,231.130,84
20260507101600,231.110,231.410,231.100,231.170,16
20260507101700,231.390,231.510,231.310,231.320,49
20260507101800,231.450,231.870,231.450,231.820,15
20260507101900,231.800,232.110,231.670,232.110,36
20260507102000,232.110,232.110,232.110,232.110,0
20260507102100,231.700,231.700,231.510,231.650,20
20260507102200,231.650,231.650,231.650,231.650,2
20260507102300,231.540,231.820,231.540,231.820,14
20260507102400,232.030,232.190,232.030,232.190,18
20260507102500,232.200,232.200,232.190,232.200,10
20260507102600,231.960,232.190,231.940,231.940,23
20260507102700,231.960,232.060,231.630,231.790,26
20260507102800,231.790,232.090,231.790,232.090,27
20260507102900,232.100,232.100,231.720,231.720,16
20260507103000,231.700,231.800,231.580,231.800,21
20260507103100,231.910,232.010,231.910,232.010,13
20260507103200,232.110,232.110,232.110,232.110,20
20260507103300,231.910,231.910,231.690,231.690,8
20260507103400,231.910,231.910,231.620,231.890,15
20260507103500,231.890,232.000,231.650,231.990,17
20260507103600,231.980,231.980,231.580,231.750,50
20260507103700,231.700,231.700,231.700,231.700,4
20260507103800,231.580,231.580,231.580,231.580,2
20260507103900,231.620,231.930,231.620,231.930,14
20260507104000,231.930,231.930,231.810,231.810,18
20260507104100,231.900,231.900,231.640,231.750,143
20260507104200,231.610,231.610,231.610,231.610,2
20260507104300,231.600,231.600,231.220,231.280,114
20260507104400,231.290,231.410,231.260,231.260,57
20260507104500,231.370,231.380,231.270,231.270,13
20260507104600,231.270,231.370,231.270,231.360,6
20260507104700,231.280,231.380,231.280,231.380,26
20260507104800,231.370,231.370,231.270,231.350,18
20260507104900,231.260,231.350,231.240,231.290,24
20260507105000,231.290,231.290,231.230,231.230,17
20260507105100,231.290,231.380,231.220,231.380,24
20260507105200,231.370,231.380,231.370,231.380,13
20260507105300,231.380,231.780,231.230,231.780,40
20260507105400,231.400,231.770,231.400,231.770,16
20260507105500,231.770,231.770,231.770,231.770,0
20260507105600,231.690,231.690,231.430,231.470,22
20260507105700,231.430,231.430,231.270,231.270,3
20260507105800,231.270,231.380,231.250,231.260,24
20260507105900,231.240,231.360,231.240,231.250,16
20260507110000,231.240,231.340,231.230,231.340,14
20260507110100,231.330,231.440,231.290,231.440,41
20260507110200,231.790,231.790,231.790,231.790,7
20260507110300,231.540,231.850,231.380,231.850,22
20260507110400,231.850,231.850,231.490,231.520,12
20260507110500,231.830,231.830,231.480,231.480,13
20260507110600,231.490,231.750,231.490,231.650,8
20260507110700,231.730,231.780,231.540,231.700,33
20260507110800,231.540,231.640,231.490,231.500,32
20260507110900,231.500,231.610,231.110,231.190,102
20260507111000,231.140,231.190,231.130,231.130,19
20260507111100,231.130,231.250,231.020,231.020,40
20260507111200,231.030,231.220,231.030,231.070,8
20260507111300,231.070,231.070,231.030,231.070,10
20260507111400,231.040,231.200,231.030,231.200,20
20260507111500,231.190,231.190,231.030,231.130,22
20260507111600,231.120,231.350,231.100,231.350,28
20260507111700,231.360,231.440,231.120,231.430,29
20260507111800,231.440,231.440,231.160,231.430,24
20260507111900,231.170,231.440,231.170,231.190,8
20260507112000,231.360,231.360,231.250,231.250,4
20260507112100,231.340,231.340,231.190,231.190,15
20260507112200,231.230,231.230,231.190,231.220,11
20260507112300,231.190,231.190,231.100,231.100,35
20260507112400,231.270,231.270,231.090,231.120,9
20260507112500,231.080,231.260,231.080,231.090,30
20260507112600,231.090,231.310,231.080,231.110,10
20260507112700,231.240,231.620,231.180,231.620,20
20260507112800,231.620,231.620,231.150,231.150,29
20260507112900,231.530,231.530,231.140,231.140,11
20260507113000,231.140,231.140,231.130,231.130,7
20260507130100,231.480,231.780,231.240,231.240,81
20260507130200,231.520,231.520,231.300,231.300,34
20260507130300,231.270,231.290,231.270,231.290,4
20260507130400,231.580,231.580,231.560,231.570,10
20260507130500,231.570,231.740,231.570,231.740,14
20260507130600,232.000,232.200,231.950,231.950,45
20260507130700,231.950,231.950,231.750,231.750,29
20260507130800,231.760,231.760,231.650,231.650,13
20260507130900,231.580,231.930,231.580,231.930,15
20260507131000,232.100,232.200,231.890,231.890,22
20260507131100,232.110,232.110,231.810,231.810,34
20260507131200,231.820,232.050,231.820,231.830,13
20260507131300,232.020,232.220,231.860,232.220,25
20260507131400,232.250,232.250,232.040,232.060,32
20260507131500,232.220,232.250,232.070,232.070,12
20260507131600,232.050,232.140,231.840,231.840,12
20260507131700,231.900,232.180,231.900,231.920,6
20260507131800,232.190,232.260,231.960,231.970,26
20260507131900,231.960,231.960,231.900,231.900,14
20260507132000,231.900,232.230,231.900,232.020,15
20260507132100,232.240,232.240,232.000,232.230,8
20260507132200,232.020,232.070,232.020,232.070,4
20260507132300,232.270,232.270,231.900,231.900,17
20260507132400,231.900,231.900,231.770,231.890,29
20260507132500,232.120,232.120,232.070,232.080,18
20260507132600,232.200,232.290,232.200,232.290,10
20260507132700,232.210,232.300,232.050,232.050,10
20260507132800,232.040,232.290,232.030,232.290,15
20260507132900,232.030,232.270,232.030,232.270,16
20260507133000,232.280,232.600,232.280,232.560,18
20260507133100,232.150,232.500,232.150,232.500,9
20260507133200,232.500,232.570,232.500,232.560,14
20260507133300,232.560,232.780,232.540,232.780,13
20260507133400,232.850,232.980,232.600,232.600,20
20260507133500,232.770,232.780,232.510,232.720,16
20260507133600,232.740,232.930,232.600,232.600,29
20260507133700,232.750,232.830,232.750,232.820,17
20260507133800,232.820,232.820,232.820,232.820,7
20260507133900,232.470,232.790,232.470,232.790,30
20260507134000,232.670,232.850,232.590,232.600,17
20260507134100,232.600,232.930,232.600,232.890,46
20260507134200,232.580,232.830,232.580,232.610,12
20260507134300,232.600,232.810,232.600,232.610,12
20260507134400,232.600,232.800,232.140,232.350,105
20260507134500,232.490,232.770,232.260,232.770,57
20260507134600,232.760,232.950,232.420,232.860,44
20260507134700,232.460,232.850,232.450,232.450,8
20260507134800,232.440,232.810,232.440,232.440,23
20260507134900,232.440,232.850,232.440,232.850,18
20260507135000,232.860,233.450,232.810,233.030,115
20260507135100,233.030,233.320,232.950,232.950,15
20260507135200,232.950,232.960,232.950,232.950,6
20260507135300,233.290,233.290,232.860,232.940,22
20260507135400,232.920,233.220,232.870,232.970,19
20260507135500,233.230,233.230,232.900,232.900,16
20260507135600,232.900,232.990,232.860,232.860,21
20260507135700,233.020,233.020,232.780,232.780,8
20260507135800,232.780,232.970,232.770,232.770,12
20260507135900,232.960,232.960,232.500,232.500,99
20260507140000,232.470,232.840,232.400,232.830,24
20260507140100,232.830,233.170,232.830,233.170,10
20260507140200,233.160,233.160,233.160,233.160,7
20260507140300,233.020,233.130,233.020,233.130,9
20260507140400,233.130,233.170,233.130,233.130,13
20260507140500,233.170,233.320,233.170,233.190,15
20260507140600,233.140,233.200,233.070,233.100,14
20260507140700,233.160,233.300,233.070,233.070,9
20260507140800,233.200,233.300,233.110,233.110,19
20260507140900,233.090,233.090,233.070,233.070,11
20260507141000,233.080,233.170,233.070,233.150,11
20260507141100,233.190,233.200,232.710,232.710,34
20260507141200,232.830,233.320,232.830,233.320,40
20260507141300,233.120,233.300,232.990,232.990,18
20260507141400,232.980,233.290,232.880,233.260,47
20260507141500,232.880,233.180,232.880,233.180,13
20260507141600,232.960,233.300,232.960,233.300,18
20260507141700,233.290,233.300,232.970,232.970,17
20260507141800,232.970,232.970,232.960,232.960,12
20260507141900,232.960,233.260,232.900,232.910,25
20260507142000,232.910,232.910,232.910,232.910,5
20260507142100,233.250,233.260,233.220,233.220,13
20260507142200,233.200,233.250,233.200,233.250,8
20260507142300,233.280,233.290,233.080,233.090,35
20260507142400,233.090,233.090,233.090,233.090,8
20260507142500,233.090,233.090,233.020,233.090,24
20260507142600,233.230,233.250,233.230,233.250,5
20260507142700,233.250,233.250,233.090,233.090,6
20260507142800,233.090,233.590,233.090,233.230,118
20260507142900,233.020,233.470,233.020,233.470,25
20260507143000,233.440,233.500,233.440,233.500,10
20260507143100,233.500,233.520,233.500,233.520,12
20260507143200,233.160,233.580,233.160,233.580,44
20260507143300,233.510,233.700,233.430,233.700,18
20260507143400,233.640,233.650,233.640,233.640,15
20260507143500,233.650,233.980,233.630,233.980,28
20260507143600,233.980,234.390,233.930,234.390,47
20260507143700,234.360,234.380,233.990,233.990,49
20260507143800,234.360,234.360,233.920,233.920,19
20260507143900,233.920,233.920,233.740,233.890,42
20260507144000,233.890,233.890,233.690,233.890,89
20260507144100,233.900,234.230,233.730,234.210,53
20260507144200,234.200,234.200,233.700,234.060,135
20260507144300,233.700,234.330,233.700,233.800,39
20260507144400,234.070,234.280,234.070,234.250,27
20260507144500,234.090,234.410,234.090,234.410,28
20260507144600,234.420,234.770,234.330,234.570,91
20260507144700,234.530,234.530,234.180,234.180,127
20260507144800,234.180,234.770,234.150,234.770,25
20260507144900,234.320,234.730,234.280,234.380,64
20260507145000,234.660,234.660,234.390,234.600,57
20260507145100,234.400,234.630,234.290,234.290,50
20260507145200,234.290,234.530,234.290,234.530,26
20260507145300,234.470,234.600,234.290,234.300,44
20260507145400,234.300,234.550,234.290,234.300,41
20260507145500,234.300,234.500,234.280,234.280,26
20260507145600,234.020,234.500,234.010,234.010,68
20260507145700,234.000,234.550,234.000,234.500,28
20260507145800,234.500,234.500,234.500,234.500,0
20260507145900,234.500,234.500,234.500,234.500,0
20260507150000,234.600,234.600,234.600,234.600,125
20260508093000,234.950,234.950,234.950,234.950,22
20260508093100,234.990,235.780,234.750,235.000,139
20260508093200,235.210,235.210,233.720,233.720,174
20260508093300,233.630,233.630,231.290,232.030,351
20260508093400,232.030,232.030,230.210,231.080,286
20260508093500,231.210,231.860,231.080,231.640,237
20260508093600,231.720,231.930,231.200,231.280,137
20260508093700,231.280,231.900,231.040,231.530,177
20260508093800,231.800,231.800,231.510,231.510,68
20260508093900,231.730,232.430,231.710,232.420,87
20260508094000,232.400,233.080,232.000,232.790,82
20260508094100,232.240,232.850,231.380,231.380,106
20260508094200,231.890,231.890,231.230,231.750,88
20260508094300,231.740,231.740,231.110,231.110,72
20260508094400,230.810,231.300,230.510,231.150,254
20260508094500,231.010,231.020,230.690,230.690,63
20260508094600,230.930,231.150,230.670,230.670,67
20260508094700,230.930,231.750,230.930,231.750,131
20260508094800,232.000,232.000,231.080,231.440,56
20260508094900,231.430,231.430,231.100,231.100,67
20260508095000,231.060,231.930,231.020,231.250,107
20260508095100,231.690,231.690,231.330,231.330,96
20260508095200,231.380,232.490,231.380,231.920,56
20260508095300,231.920,232.680,231.760,232.510,173
20260508095400,232.500,232.880,232.130,232.730,36
20260508095500,232.620,232.760,232.310,232.330,54
20260508095600,232.720,232.880,232.720,232.810,68
20260508095700,232.520,232.980,232.520,232.570,33
20260508095800,232.570,233.330,232.570,233.200,57
20260508095900,232.890,233.180,232.890,233.180,51
20260508100000,233.020,233.300,233.020,233.210,56
20260508100100,233.190,233.190,232.550,232.550,56
20260508100200,232.460,232.790,232.450,232.790,29
20260508100300,232.870,232.870,232.680,232.870,17
20260508100400,232.880,232.980,232.720,232.720,50
20260508100500,232.600,232.600,232.600,232.600,10
20260508100600,232.600,232.660,231.820,232.660,48
20260508100700,232.560,233.210,232.560,233.210,67
20260508100800,233.030,233.210,232.590,232.590,35
20260508100900,232.750,232.940,232.600,232.900,18
20260508101000,232.980,233.040,232.390,232.980,62
20260508101100,232.990,233.210,232.990,233.210,13
20260508101200,233.210,233.210,233.210,233.210,0
20260508101300,232.460,233.000,232.460,233.000,97
20260508101400,233.000,233.000,232.750,233.000,55
20260508101500,232.660,233.320,232.660,232.720,131
20260508101600,232.660,233.040,232.660,233.040,11
20260508101700,233.040,233.130,233.010,233.130,81
20260508101800,233.420,233.420,233.040,233.410,8
20260508101900,233.380,233.390,233.380,233.380,10
20260508102000,233.370,233.370,233.030,233.030,12
20260508102100,233.220,233.220,232.990,232.990,11
20260508102200,233.210,233.210,232.710,232.990,46
20260508102300,232.990,233.300,232.820,232.990,13
20260508102400,233.290,233.290,233.290,233.290,12
20260508102500,233.190,233.230,233.190,233.230,17
20260508102600,233.240,233.240,233.010,233.010,29
20260508102700,233.000,233.230,233.000,233.230,29
20260508102800,233.240,233.240,232.990,233.210,17
20260508102900,233.230,233.250,233.000,233.000,24
20260508103000,233.000,233.370,232.940,233.370,39
20260508103100,233.390,233.850,233.390,233.850,23
20260508103200,233.410,233.410,233.270,233.270,11
20260508103300,233.280,233.340,233.110,233.340,12
20260508103400,233.330,233.390,233.030,233.370,14
20260508103500,233.270,233.270,233.030,233.030,11
20260508103600,233.030,233.030,233.030,233.030,0
20260508103700,233.360,233.370,232.420,232.840,56
20260508103800,232.470,232.920,232.470,232.920,21
20260508103900,232.990,232.990,232.530,232.980,21
20260508104000,232.980,232.980,232.970,232.970,23
20260508104100,232.830,232.920,232.830,232.920,35
20260508104200,233.200,233.290,232.940,232.940,14
20260508104300,232.950,232.950,232.500,232.500,24
20260508104400,232.500,232.970,232.500,232.970,22
20260508104500,233.080,233.090,232.850,232.880,27
20260508104600,232.880,233.090,232.880,233.090,14
20260508104700,233.090,233.090,232.560,232.560,36
20260508104800,232.520,233.100,232.510,233.100,55
20260508104900,232.930,233.290,232.920,233.290,25
20260508105000,233.300,233.300,232.960,232.960,13
20260508105100,233.320,233.340,233.220,233.320,15
20260508105200,233.330,233.330,232.910,232.980,44
20260508105300,232.980,233.130,232.980,233.130,6
20260508105400,233.120,233.130,233.070,233.130,12
20260508105500,233.130,233.130,232.700,232.700,30
20260508105600,232.560,232.980,232.560,232.920,21
20260508105700,232.990,232.990,232.920,232.980,22
20260508105800,232.980,233.310,232.980,233.240,25
20260508105900,233.240,233.490,233.240,233.490,17
20260508110000,233.590,233.660,233.040,233.660,15
20260508110100,233.150,233.570,233.150,233.410,14
20260508110200,233.000,233.270,232.640,233.100,103
20260508110300,233.100,233.180,232.730,233.180,53
20260508110400,233.520,233.520,232.780,233.110,22
20260508110500,233.110,233.500,232.830,232.950,40
20260508110600,232.950,233.400,232.950,232.980,31
20260508110700,232.980,233.420,232.980,233.420,20
20260508110800,232.990,233.400,232.990,233.200,12
20260508110900,233.440,233.440,233.200,233.200,7
20260508111000,233.100,233.380,233.000,233.000,66
20260508111100,233.010,233.250,232.770,232.770,25
20260508111200,233.240,233.250,233.230,233.250,13
20260508111300,233.270,233.270,233.270,233.270,9
20260508111400,233.270,233.310,233.020,233.040,13
20260508111500,232.990,233.180,232.750,232.750,63
20260508111600,233.190,233.190,233.180,233.190,9
20260508111700,233.190,233.190,233.190,233.190,7
20260508111800,232.840,233.180,232.840,233.180,9
20260508111900,232.850,233.120,232.850,233.120,95
20260508112000,233.120,233.150,233.100,233.100,7
20260508112100,233.140,233.140,232.820,233.090,11
20260508112200,233.090,233.090,233.090,233.090,10
20260508112300,233.090,233.090,233.000,233.090,21
20260508112400,233.110,233.110,233.000,233.000,6
20260508112500,233.000,233.100,233.000,233.100,5
20260508112600,233.100,233.100,233.000,233.000,0
20260508112700,233.000,233.000,232.300,232.300,100
20260508112800,232.730,233.000,232.330,232.330,19
20260508112900,232.740,232.980,232.370,232.370,23
20260508113000,232.950,232.980,232.940,232.980,22
20260508130100,232.980,233.080,232.880,232.930,53
20260508130200,232.640,232.910,232.160,232.910,84
20260508130300,232.920,233.110,232.490,232.490,36
20260508130400,232.940,233.010,232.510,233.000,25
20260508130500,232.500,233.280,232.500,233.280,71
20260508130600,233.210,233.270,233.170,233.270,8
20260508130700,233.260,233.310,233.020,233.300,25
20260508130800,233.300,233.330,233.040,233.050,34
20260508130900,233.020,233.560,233.020,233.560,36
20260508131000,234.000,234.200,233.910,234.100,103
20260508131100,234.000,234.100,233.560,234.080,25
20260508131200,233.560,234.000,233.560,233.600,6
20260508131300,233.460,233.880,233.460,233.880,27
20260508131400,233.880,233.880,233.880,233.880,2
20260508131500,233.480,233.920,233.480,233.920,4
20260508131600,233.490,233.890,233.490,233.880,8
20260508131700,233.700,234.300,233.700,234.300,106
20260508131800,234.300,234.600,234.300,234.600,32
20260508131900,234.480,234.610,234.480,234.600,20
20260508132000,234.390,234.580,234.300,234.580,39
20260508132100,234.570,235.000,234.570,235.000,98
20260508132200,235.000,235.000,234.650,234.850,18
20260508132300,234.490,234.850,234.390,234.850,15
20260508132400,234.790,234.790,234.790,234.790,2
20260508132500,234.620,234.890,234.390,234.890,36
20260508132600,234.890,234.900,234.490,234.490,52
20260508132700,234.750,234.750,233.500,233.500,42
20260508132800,233.500,233.500,233.500,233.500,0
20260508132900,233.600,234.120,233.500,233.500,30
20260508133000,234.050,234.050,233.500,233.500,8
20260508133100,233.500,234.060,233.500,234.030,26
20260508133200,233.920,233.920,233.580,233.580,4
20260508133300,233.580,233.900,233.480,233.480,29
20260508133400,233.480,233.530,233.080,233.450,25
20260508133500,233.760,233.760,233.350,233.350,16
20260508133600,233.700,233.700,233.700,233.700,8
20260508133700,234.210,234.450,234.210,234.450,25
20260508133800,234.010,234.470,234.010,234.460,21
20260508133900,234.230,234.440,234.230,234.440,6
20260508134000,234.460,234.460,234.460,234.460,12
20260508134100,234.460,234.460,234.240,234.240,30
20260508134200,234.430,234.430,234.240,234.240,5
20260508134300,234.240,234.380,234.240,234.380,15
20260508134400,234.370,234.430,234.240,234.430,31
20260508134500,234.290,234.290,233.850,233.850,41
20260508134600,233.890,234.260,233.870,234.250,8
20260508134700,234.100,234.100,233.880,234.100,27
20260508134800,234.290,234.590,234.290,234.590,28
20260508134900,234.600,234.690,234.600,234.610,16
20260508135000,234.510,234.570,234.490,234.490,13
20260508135100,234.400,234.650,234.300,234.300,24
20260508135200,234.300,234.570,234.300,234.380,18
20260508135300,234.380,234.640,234.380,234.640,6
20260508135400,234.650,234.710,234.630,234.700,27
20260508135500,234.730,234.750,234.500,234.500,17
20260508135600,234.410,234.750,234.400,234.400,26
20260508135700,234.310,234.690,234.130,234.690,43
20260508135800,234.240,234.240,234.210,234.210,4
20260508135900,234.210,234.210,234.210,234.210,4
20260508140000,234.650,234.650,234.080,234.080,31
20260508140100,234.080,234.080,233.920,233.920,47
20260508140200,233.980,233.980,233.910,233.910,16
20260508140300,233.980,234.020,233.400,233.400,42
20260508140400,233.420,233.930,233.420,233.930,17
20260508140500,233.810,233.970,233.460,233.960,17
20260508140600,233.960,233.960,233.460,233.960,13
20260508140700,233.960,233.960,233.510,233.940,28
20260508140800,233.950,233.950,233.570,233.570,14
20260508140900,233.560,233.560,233.390,233.400,36
20260508141000,233.160,233.190,233.080,233.080,26
20260508141100,233.060,233.110,233.060,233.100,12
20260508141200,233.320,233.320,233.100,233.210,29
20260508141300,233.100,233.100,232.330,232.600,299
20260508141400,232.580,232.580,232.300,232.550,64
20260508141500,232.290,232.970,232.290,232.460,92
20260508141600,232.710,233.550,232.650,233.550,46
20260508141700,233.480,233.480,232.710,233.000,51
20260508141800,233.000,233.170,233.000,233.030,24
20260508141900,233.170,233.170,232.940,232.940,10
20260508142000,232.900,233.280,232.900,232.960,47
20260508142100,233.540,233.600,233.030,233.190,24
20260508142200,232.730,232.900,232.410,232.900,159
20260508142300,232.450,232.950,232.450,232.950,72
20260508142400,232.580,233.000,232.570,233.000,48
20260508142500,232.650,233.000,232.650,233.000,28
20260508142600,232.650,233.000,232.510,233.000,79
20260508142700,232.540,233.000,232.530,233.000,68
20260508142800,232.480,232.980,232.460,232.970,66
20260508142900,232.500,233.000,232.480,233.000,75
20260508143000,232.470,232.990,232.460,232.990,46
20260508143100,232.500,233.000,232.500,232.970,56
20260508143200,232.570,233.000,232.530,233.000,91
20260508143300,232.570,233.000,232.570,232.830,50
20260508143400,232.710,233.000,232.710,233.000,44
20260508143500,233.000,233.000,232.560,232.850,72
20260508143600,232.850,233.110,232.850,232.960,98
20260508143700,233.000,233.040,233.000,233.000,79
20260508143800,233.000,233.010,233.000,233.000,85
20260508143900,233.010,233.040,233.000,233.030,61
20260508144000,233.100,233.140,233.100,233.140,39
20260508144100,233.150,233.150,232.500,232.510,356
20260508144200,232.520,232.960,232.520,232.760,118
20260508144300,232.760,232.950,232.540,232.900,80
20260508144400,232.550,232.980,232.540,232.980,116
20260508144500,232.550,232.990,232.540,232.990,95
20260508144600,232.470,232.960,232.440,232.480,126
20260508144700,232.440,232.860,232.370,232.860,98
20260508144800,232.390,232.810,232.350,232.390,111
20260508144900,232.390,232.790,232.350,232.390,94
20260508145000,232.390,233.000,232.350,233.000,83
20260508145100,232.410,233.000,232.410,232.790,55
20260508145200,232.940,232.980,232.780,232.980,95
20260508145300,232.980,233.000,232.790,233.000,72
20260508145400,232.780,232.990,232.640,232.940,79
20260508145500,233.000,233.230,232.840,233.220,55
20260508145600,233.200,233.200,232.500,232.500,92
20260508145700,233.180,233.180,232.530,232.610,65
20260508145800,232.610,232.610,232.610,232.610,0
20260508145900,232.610,232.610,232.610,232.610,0
20260508150000,232.610,232.610,232.610,232.610,57
20260511093000,233.400,233.400,233.400,233.400,18
20260511093100,234.920,235.000,233.040,233.760,146
20260511093200,233.400,233.400,230.880,232.250,242
20260511093300,231.210,232.610,231.210,232.610,131
20260511093400,233.000,233.400,232.620,233.300,65
20260511093500,233.170,233.340,232.610,233.340,87
20260511093600,233.400,233.750,232.000,232.220,113
20260511093700,232.220,232.650,232.140,232.140,57
20260511093800,232.600,233.100,232.310,233.100,42
20260511093900,232.150,232.580,231.350,231.780,96
20260511094000,231.020,232.390,231.020,232.390,83
20260511094100,232.460,232.460,231.070,231.590,131
20260511094200,231.700,231.770,231.190,231.410,147
20260511094300,231.620,231.670,231.190,231.210,110
20260511094400,231.220,232.030,231.220,231.330,67
20260511094500,231.980,231.980,231.360,231.410,32
20260511094600,231.370,231.370,231.200,231.200,97
20260511094700,231.500,231.750,231.210,231.500,71
20260511094800,231.500,231.540,231.210,231.540,27
20260511094900,231.200,231.530,230.670,231.530,223
20260511095000,231.640,231.750,230.960,230.960,63
20260511095100,230.700,231.440,230.700,231.440,56
20260511095200,231.440,231.440,230.800,230.880,58
20260511095300,230.880,231.090,230.700,231.090,122
20260511095400,231.080,231.160,230.600,230.600,71
20260511095500,230.880,230.910,230.600,230.660,39
20260511095600,230.660,230.760,230.200,230.410,156
20260511095700,230.430,230.510,230.300,230.300,47
20260511095800,230.260,230.340,230.110,230.280,83
20260511095900,230.010,230.510,229.800,230.020,354
20260511100000,230.130,230.500,230.000,230.460,87
20260511100100,230.090,230.170,230.080,230.080,30
20260511100200,230.110,230.190,230.110,230.190,18
20260511100300,230.140,230.390,230.110,230.310,23
20260511100400,230.350,230.380,230.110,230.110,48
20260511100500,230.380,230.410,230.000,230.130,74
20260511100600,230.000,230.200,230.000,230.110,18
20260511100700,230.210,230.210,229.880,229.880,146
20260511100800,229.970,230.160,229.970,230.160,9
20260511100900,230.160,230.580,230.160,230.320,40
20260511101000,230.350,230.350,230.100,230.100,18
20260511101100,230.500,231.520,230.500,231.070,56
20260511101200,231.000,231.000,230.600,230.600,29
20260511101300,230.580,230.670,230.450,230.670,17
20260511101400,230.510,230.710,230.510,230.660,41
20260511101500,230.670,230.950,230.220,230.710,38
20260511101600,230.710,230.970,230.710,230.970,22
20260511101700,230.960,231.120,230.350,231.120,68
20260511101800,231.330,231.350,230.780,230.780,57
20260511101900,230.770,230.810,230.240,230.810,43
20260511102000,230.810,230.820,230.310,230.310,36
20260511102100,230.000,230.520,230.000,230.520,171
20260511102200,230.450,230.500,230.050,230.500,16
20260511102300,230.080,230.110,230.080,230.080,22
20260511102400,230.060,230.420,230.060,230.420,21
20260511102500,230.210,230.400,230.060,230.260,37
20260511102600,230.360,230.380,230.350,230.380,32
20260511102700,230.110,230.370,230.070,230.070,28
20260511102800,230.380,230.500,230.380,230.500,22
20260511102900,230.570,230.640,230.250,230.250,15
20260511103000,230.640,230.640,230.630,230.640,5
20260511103100,230.640,230.700,230.360,230.360,7
20260511103200,230.340,230.520,230.280,230.520,32
20260511103300,230.500,230.580,230.490,230.490,12
20260511103400,230.500,230.500,230.000,230.220,43
20260511103500,230.070,230.330,230.020,230.320,12
20260511103600,230.330,230.330,230.040,230.040,47
20260511103700,230.390,230.390,229.530,229.530,147
20260511103800,229.850,229.950,229.340,229.950,33
20260511103900,229.800,229.800,229.260,229.600,53
20260511104000,229.690,229.890,229.600,229.890,46
20260511104100,229.890,229.890,229.250,229.500,46
20260511104200,229.550,229.650,229.460,229.460,139
20260511104300,229.470,229.840,229.470,229.470,10
20260511104400,229.390,229.390,229.140,229.390,64
20260511104500,229.390,229.410,229.140,229.150,32
20260511104600,229.150,229.400,229.150,229.160,8
20260511104700,229.180,229.490,229.180,229.490,28
20260511104800,229.490,229.590,229.490,229.590,46
20260511104900,229.900,229.900,229.500,229.540,27
20260511105000,229.870,229.870,229.500,229.500,8
20260511105100,229.330,229.330,229.110,229.280,92
20260511105200,229.370,229.370,228.790,228.790,222
20260511105300,228.880,228.880,228.880,228.880,2
20260511105400,228.940,229.410,228.900,229.410,84
20260511105500,229.200,229.200,229.190,229.190,8
20260511105600,229.100,229.100,228.600,228.610,130
20260511105700,228.860,229.190,228.860,229.190,49
20260511105800,229.180,229.180,228.910,228.910,112
20260511105900,228.910,229.000,228.900,228.910,39
20260511110000,229.000,229.000,228.600,228.600,95
20260511110100,228.720,228.840,228.720,228.840,35
20260511110200,228.860,229.000,228.850,229.000,40
20260511110300,228.980,229.140,228.980,229.140,38
20260511110400,229.180,229.500,229.180,229.500,46
20260511110500,229.260,229.600,229.260,229.510,41
20260511110600,229.470,229.470,229.400,229.400,5
20260511110700,229.500,229.700,229.400,229.700,58
20260511110800,229.700,229.800,229.660,229.660,38
20260511110900,229.660,229.660,229.540,229.540,4
20260511111000,229.200,229.720,229.200,229.310,132
20260511111100,229.650,229.820,229.650,229.820,59
20260511111200,229.860,230.120,229.690,230.120,37
20260511111300,230.110,230.120,230.110,230.110,11
20260511111400,230.110,230.120,229.900,229.900,27
20260511111500,229.900,229.900,229.900,229.900,5
20260511111600,229.920,229.920,229.340,229.440,43
20260511111700,229.700,230.100,229.700,230.100,66
20260511111800,230.110,230.200,229.990,229.990,49
20260511111900,229.990,230.400,229.990,230.300,43
20260511112000,230.300,230.390,230.110,230.110,18
20260511112100,230.310,230.310,230.290,230.300,30
20260511112200,230.190,230.190,229.590,230.030,52
20260511112300,229.660,229.660,229.660,229.660,18
20260511112400,229.990,230.070,229.990,230.070,19
20260511112500,230.150,230.150,229.990,229.990,80
20260511112600,230.140,230.140,229.890,229.890,28
20260511112700,229.740,229.840,229.740,229.840,28
20260511112800,229.500,229.620,229.260,229.610,55
20260511112900,229.300,229.300,229.300,229.300,10
20260511113000,229.690,229.710,229.310,229.710,15
20260511130100,229.300,229.680,228.970,229.440,207
20260511130200,229.320,229.320,228.720,229.030,46
20260511130300,229.030,229.030,228.700,228.750,24
20260511130400,228.950,228.950,228.510,228.540,79
20260511130500,228.690,228.690,228.500,228.560,73
20260511130600,228.550,228.660,228.550,228.580,55
20260511130700,228.570,228.680,228.510,228.680,66
20260511130800,228.680,228.820,228.550,228.550,41
20260511130900,228.550,228.770,228.550,228.770,7
20260511131000,228.570,228.870,228.570,228.870,26
20260511131100,228.870,229.280,228.870,229.220,81
20260511131200,229.010,229.700,229.010,229.650,44
20260511131300,229.650,229.750,229.450,229.740,43
20260511131400,229.840,230.250,229.840,230.200,29
20260511131500,229.860,229.860,229.220,229.730,51
20260511131600,229.380,229.880,229.380,229.860,77
20260511131700,229.900,230.000,229.450,229.450,29
20260511131800,229.450,229.700,229.300,229.300,22
20260511131900,229.030,229.370,229.020,229.160,20
20260511132000,229.360,229.700,229.360,229.430,55
20260511132100,229.690,229.800,229.690,229.800,34
20260511132200,229.800,230.170,229.410,229.410,72
20260511132300,229.900,229.900,229.880,229.880,16
20260511132400,229.890,229.980,229.890,229.920,18
20260511132500,229.710,229.950,229.580,229.940,15
20260511132600,229.930,230.880,229.920,230.880,170
20260511132700,230.870,230.940,230.210,230.650,29
20260511132800,230.620,230.620,230.590,230.590,27
20260511132900,230.590,231.100,230.590,231.100,127
20260511133000,231.000,231.120,230.910,230.910,25
20260511133100,231.160,231.160,230.920,231.130,20
20260511133200,231.130,231.480,231.110,231.180,128
20260511133300,231.180,231.420,230.230,230.760,58
20260511133400,230.370,230.720,230.370,230.720,35
20260511133500,230.370,230.610,230.370,230.600,40
20260511133600,230.380,230.720,230.380,230.690,61
20260511133700,230.800,230.800,230.560,230.560,64
20260511133800,230.540,230.540,230.170,230.170,21
20260511133900,230.060,230.060,229.580,229.580,19
20260511134000,229.600,229.660,229.600,229.610,42
20260511134100,230.000,230.000,229.520,229.520,57
20260511134200,229.760,229.760,229.490,229.750,30
20260511134300,229.740,229.740,229.300,229.730,58
20260511134400,229.730,229.730,229.380,229.400,14
20260511134500,229.400,229.400,229.400,229.400,0
20260511134600,229.500,229.730,229.080,229.080,76
20260511134700,229.100,229.100,229.010,229.010,30
20260511134800,229.000,229.320,229.000,229.080,16
20260511134900,229.190,229.710,229.080,229.710,67
20260511135000,229.540,229.920,229.540,229.920,48
20260511135100,230.060,230.100,229.920,229.920,33
20260511135200,230.190,230.290,230.190,230.290,53
20260511135300,230.280,230.280,230.240,230.280,11
20260511135400,230.260,230.260,229.680,229.690,23
20260511135500,230.250,230.250,229.590,229.590,52
20260511135600,229.980,229.980,229.170,229.600,51
20260511135700,229.630,229.630,229.620,229.620,34
20260511135800,229.770,229.800,229.510,229.790,10
20260511135900,229.780,229.800,229.780,229.800,6
20260511140000,229.800,230.270,229.800,230.000,95
20260511140100,230.360,230.820,230.360,230.750,80
20260511140200,230.900,230.900,230.800,230.800,68
20260511140300,230.880,231.050,230.880,231.050,42
20260511140400,231.060,231.060,230.890,230.890,25
20260511140500,231.090,231.110,230.800,230.800,56
20260511140600,230.810,231.090,230.810,230.820,9
20260511140700,230.790,232.630,230.790,232.580,643
20260511140800,232.520,232.860,232.180,232.180,231
20260511140900,232.010,232.410,231.780,232.410,38
20260511141000,232.350,232.350,232.300,232.300,20
20260511141100,231.840,232.700,231.840,232.280,81
20260511141200,232.300,232.780,232.270,232.270,45
20260511141300,232.290,232.700,232.150,232.150,40
20260511141400,232.600,232.770,232.600,232.760,83
20260511141500,232.760,232.780,232.400,232.780,69
20260511141600,232.780,232.780,232.320,232.320,25
20260511141700,232.660,232.720,232.390,232.720,42
20260511141800,232.740,232.740,232.450,232.700,18
20260511141900,232.440,232.440,232.050,232.090,162
20260511142000,232.140,232.390,232.140,232.390,6
20260511142100,232.390,232.490,232.140,232.390,70
20260511142200,232.140,232.440,232.140,232.440,10
20260511142300,231.790,232.390,231.790,232.360,48
20260511142400,231.800,231.800,231.540,231.540,42
20260511142500,231.570,231.570,230.970,230.970,24
20260511142600,231.490,231.530,231.270,231.270,25
20260511142700,231.530,231.600,231.060,231.060,31
20260511142800,230.970,231.310,230.500,230.500,60
20260511142900,231.550,231.800,231.550,231.570,74
20260511143000,231.680,231.890,231.680,231.890,11
20260511143100,232.000,232.330,231.790,232.310,18
20260511143200,232.290,232.340,232.290,232.340,29
20260511143300,232.010,232.200,232.000,232.150,23
20260511143400,231.730,232.200,231.730,232.180,31
20260511143500,232.180,232.680,231.810,232.680,81
20260511143600,232.680,232.710,232.500,232.690,119
20260511143700,232.740,232.740,232.300,232.680,52
20260511143800,232.640,232.680,232.400,232.670,25
20260511143900,232.740,232.770,232.470,232.470,39
20260511144000,232.450,232.750,232.450,232.730,17
20260511144100,232.550,232.550,232.010,232.010,43
20260511144200,232.020,232.350,232.000,232.350,14
20260511144300,232.010,232.420,232.000,232.310,42
20260511144400,232.010,232.310,231.950,231.950,58
20260511144500,231.950,231.950,231.740,231.940,48
20260511144600,231.940,232.030,231.750,231.760,39
20260511144700,231.760,232.180,231.660,231.700,52
20260511144800,231.580,231.700,231.580,231.670,52
20260511144900,231.610,231.650,231.590,231.630,51
20260511145000,231.600,231.970,231.600,231.860,26
20260511145100,231.620,231.850,231.500,231.570,57
20260511145200,231.790,231.790,231.440,231.740,49
20260511145300,231.740,231.760,231.500,231.630,46
20260511145400,231.290,231.520,230.930,231.100,220
20260511145500,230.860,231.510,230.860,231.490,71
20260511145600,231.480,231.480,230.850,230.910,85
20260511145700,230.540,230.920,230.000,230.720,177
20260511145800,230.720,230.720,230.720,230.720,0
20260511145900,230.720,230.720,230.720,230.720,0
20260511150000,231.050,231.050,231.050,231.050,149
20260512093000,234.160,234.160,234.160,234.160,115
20260512093100,234.460,234.550,232.370,233.860,314
20260512093200,234.080,237.540,234.000,236.660,822
20260512093300,236.210,236.250,235.000,235.000,295
20260512093400,235.000,235.000,233.400,234.690,201
20260512093500,233.680,233.700,232.600,233.410,149
20260512093600,233.680,233.680,233.000,233.000,105
20260512093700,233.000,233.260,232.080,232.620,270
20260512093800,232.430,232.700,232.060,232.060,92
20260512093900,232.000,232.930,231.600,232.170,202
20260512094000,233.000,233.930,233.000,233.330,157
20260512094100,233.710,233.730,233.580,233.680,146
20260512094200,233.270,233.310,232.700,233.310,109
20260512094300,233.310,234.500,233.120,234.500,110
20260512094400,234.680,235.990,234.500,235.230,127
20260512094500,235.240,235.870,234.700,235.870,122
20260512094600,235.420,236.600,235.420,236.140,152
20260512094700,236.140,236.550,235.800,236.440,114
20260512094800,236.450,236.450,235.980,236.370,89
20260512094900,236.000,236.350,235.650,236.000,95
20260512095000,236.280,236.330,235.920,236.330,40
20260512095100,236.350,236.960,236.180,236.960,311
20260512095200,237.010,237.330,237.010,237.290,216
20260512095300,237.300,237.630,237.030,237.400,128
20260512095400,237.080,237.370,236.770,236.770,80
20260512095500,236.820,237.210,236.820,236.870,35
20260512095600,236.890,237.220,236.880,236.880,95
20260512095700,236.890,237.960,236.520,237.340,220
20260512095800,237.340,237.780,236.680,237.780,98
20260512095900,237.350,237.710,237.000,237.000,38
20260512100000,236.650,237.010,236.500,237.010,52
20260512100100,236.610,236.860,236.610,236.850,17
20260512100200,236.840,236.840,235.980,235.980,95
20260512100300,235.780,236.440,235.440,236.440,65
20260512100400,236.440,236.520,236.030,236.500,32
20260512100500,236.500,236.500,236.030,236.450,31
20260512100600,235.950,235.950,235.500,235.500,48
20260512100700,235.450,236.500,235.200,236.180,81
20260512100800,236.260,236.800,235.780,236.730,193
20260512100900,236.890,237.410,236.660,236.660,52
20260512101000,236.650,236.650,236.140,236.140,25
20260512101100,236.000,236.140,235.800,235.800,36
20260512101200,236.110,236.190,236.110,236.190,28
20260512101300,236.000,236.540,235.500,236.540,57
20260512101400,236.980,237.790,236.720,236.890,81
20260512101500,236.890,237.040,236.620,236.640,75
20260512101600,236.290,236.670,236.290,236.630,7
20260512101700,236.300,236.620,236.300,236.540,35
20260512101800,236.300,236.590,236.300,236.590,49
20260512101900,236.590,237.050,236.590,237.040,48
20260512102000,237.050,237.560,237.050,237.080,77
20260512102100,237.080,237.480,236.950,236.960,37
20260512102200,237.260,237.720,237.100,237.610,57
20260512102300,237.700,237.700,237.120,237.620,63
20260512102400,237.620,237.690,237.230,237.270,91
20260512102500,237.270,237.340,237.210,237.340,25
20260512102600,237.210,237.640,237.200,237.340,28
20260512102700,237.330,237.410,236.950,237.190,74
20260512102800,236.960,237.420,236.960,237.420,52
20260512102900,237.720,237.890,237.710,237.890,92
20260512103000,237.890,237.990,237.800,237.810,49
20260512103100,237.810,237.990,237.800,237.990,114
20260512103200,237.990,238.000,237.450,237.450,43
20260512103300,237.390,237.390,237.160,237.380,30
20260512103400,237.460,237.890,237.460,237.710,85
20260512103500,237.580,237.770,237.400,237.770,23
20260512103600,236.660,236.870,236.350,236.870,122
20260512103700,236.870,237.450,236.860,237.070,172
20260512103800,237.590,237.770,237.580,237.600,96
20260512103900,237.260,237.600,237.260,237.600,12
20260512104000,237.600,237.600,236.610,237.000,62
20260512104100,237.000,237.130,236.680,236.690,55
20260512104200,236.230,237.040,236.130,236.970,34
20260512104300,236.970,237.180,236.510,237.180,25
20260512104400,237.190,237.270,237.170,237.220,22
20260512104500,237.300,237.300,236.360,236.370,64
20260512104600,236.860,237.060,236.450,237.060,28
20260512104700,237.050,237.430,237.040,237.430,39
20260512104800,237.420,237.480,236.660,237.170,54
20260512104900,237.110,237.270,236.550,237.270,51
20260512105000,237.290,237.550,237.260,237.440,47
20260512105100,237.550,237.590,236.990,237.580,83
20260512105200,237.130,238.500,237.130,237.920,330
20260512105300,237.990,237.990,237.010,237.200,77
20260512105400,237.200,237.620,237.000,237.600,34
20260512105500,237.220,237.620,237.220,237.460,60
20260512105600,237.460,237.500,237.440,237.500,13
20260512105700,237.490,237.500,237.030,237.410,28
20260512105800,237.400,237.400,236.410,236.420,58
20260512105900,236.420,237.020,236.410,237.020,39
20260512110000,237.010,237.010,236.030,236.420,32
20260512110100,236.400,236.420,235.880,235.880,74
20260512110200,235.990,236.370,235.990,236.040,27
20260512110300,236.030,236.270,236.030,236.270,8
20260512110400,236.260,236.260,236.000,236.250,34
20260512110500,236.260,236.260,236.260,236.260,11
20260512110600,236.260,236.330,235.950,236.230,27
20260512110700,235.950,235.950,235.000,235.000,148
20260512110800,235.150,235.200,234.720,234.800,30
20260512110900,234.800,235.270,234.780,235.250,31
20260512111000,235.240,235.260,235.240,235.260,16
20260512111100,235.250,235.250,234.910,235.000,39
20260512111200,235.000,235.040,235.000,235.040,8
20260512111300,235.080,235.240,235.080,235.240,16
20260512111400,235.180,235.180,234.500,235.140,74
20260512111500,235.120,235.130,234.540,234.600,49
20260512111600,234.580,234.950,234.530,234.940,44
20260512111700,234.980,234.980,234.000,234.240,55
20260512111800,234.270,234.340,233.820,233.860,41
20260512111900,234.340,234.700,234.340,234.700,36
20260512112000,234.530,234.960,234.530,234.920,39
20260512112100,234.920,234.920,234.000,234.350,50
20260512112200,234.580,234.580,234.010,234.010,30
20260512112300,234.010,234.500,234.010,234.500,12
20260512112400,234.490,234.500,234.480,234.480,11
20260512112500,234.490,234.520,233.950,234.520,51
20260512112600,234.430,234.440,234.010,234.010,34
20260512112700,234.190,234.190,233.600,233.600,58
20260512112800,233.800,233.800,233.430,233.480,81
20260512112900,233.870,233.870,233.480,233.630,22
20260512113000,233.480,233.780,233.330,233.760,53
20260512130100,233.760,236.300,233.760,236.300,205
20260512130200,236.520,237.350,236.520,237.350,63
20260512130300,236.790,237.060,236.230,237.000,59
20260512130400,236.930,236.990,236.510,236.900,57
20260512130500,237.350,237.940,237.350,237.940,90
20260512130600,237.940,238.490,237.450,238.490,265
20260512130700,238.650,239.500,238.650,239.450,256
20260512130800,239.440,240.380,239.440,239.670,222
20260512130900,240.050,240.310,240.050,240.130,93
20260512131000,240.020,240.250,239.200,239.680,111
20260512131100,239.300,239.300,238.390,238.410,94
20260512131200,238.930,239.270,238.490,238.620,54
20260512131300,239.040,239.170,239.000,239.170,30
20260512131400,239.250,239.250,238.790,239.240,23
20260512131500,238.540,238.840,238.120,238.770,44
20260512131600,238.210,238.810,237.660,238.390,60
20260512131700,238.390,238.700,238.390,238.680,48
20260512131800,238.690,238.690,238.620,238.620,14
20260512131900,238.630,238.640,237.980,238.390,70
20260512132000,238.580,238.610,238.580,238.610,49
20260512132100,238.120,238.430,237.680,238.350,44
20260512132200,238.070,238.150,238.060,238.150,20
20260512132300,238.150,238.360,237.910,238.340,18
20260512132400,238.360,238.400,237.990,238.400,18
20260512132500,238.000,238.410,237.990,238.000,20
20260512132600,237.940,237.940,237.530,237.550,49
20260512132700,237.790,237.880,237.530,237.750,22
20260512132800,237.750,237.900,237.750,237.900,24
20260512132900,237.890,237.890,237.390,237.610,35
20260512133000,237.610,237.610,237.610,237.610,6
20260512133100,237.610,237.610,237.020,237.570,34
20260512133200,237.570,237.780,237.140,237.780,26
20260512133300,237.860,237.860,237.170,237.170,22
20260512133400,237.690,237.900,237.290,237.890,65
20260512133500,237.770,237.880,237.770,237.880,14
20260512133600,237.860,237.950,237.410,237.930,54
20260512133700,237.790,238.210,237.590,238.190,45
20260512133800,238.200,238.200,237.640,237.640,41
20260512133900,238.170,238.240,237.690,237.690,24
20260512134000,237.650,238.310,237.650,238.250,26
20260512134100,238.250,238.290,238.250,238.290,14
20260512134200,238.290,238.330,238.290,238.320,8
20260512134300,238.280,238.290,237.710,237.720,32
20260512134400,238.140,238.380,238.030,238.380,36
20260512134500,237.820,238.370,237.820,238.230,22
20260512134600,237.850,238.090,237.770,238.080,32
20260512134700,238.090,238.220,238.090,238.220,22
20260512134800,238.230,238.260,237.800,238.210,38
20260512134900,237.680,238.140,237.680,238.140,10
20260512135000,238.110,238.290,238.110,238.290,24
20260512135100,238.280,238.280,237.840,238.190,20
20260512135200,237.720,237.720,237.090,237.610,40
20260512135300,237.610,237.610,237.480,237.490,52
20260512135400,237.500,237.500,236.950,236.950,52
20260512135500,236.680,236.950,236.390,236.950,26
20260512135600,236.950,237.050,236.440,237.030,30
20260512135700,236.430,237.040,236.430,237.040,10
20260512135800,237.040,237.040,236.600,236.880,14
20260512135900,236.880,237.590,236.500,237.590,125
20260512140000,237.590,237.620,237.070,237.620,18
20260512140100,236.810,236.810,236.330,236.330,40
20260512140200,236.300,236.300,235.430,235.430,55
20260512140300,235.550,235.700,235.550,235.700,6
20260512140400,235.920,235.960,235.670,235.670,20
20260512140500,235.670,235.900,235.670,235.900,23
20260512140600,235.900,235.900,235.900,235.900,5
20260512140700,235.800,235.800,235.660,235.660,18
20260512140800,235.660,235.870,235.660,235.860,23
20260512140900,235.860,235.920,235.850,235.850,16
20260512141000,235.900,235.900,235.680,235.680,20
20260512141100,235.670,236.650,235.670,236.650,48
20260512141200,236.690,238.000,236.150,238.000,99
20260512141300,237.390,237.930,236.610,236.890,44
20260512141400,236.520,236.550,236.520,236.550,30
20260512141500,237.140,237.140,236.570,237.020,26
20260512141600,237.110,237.120,236.830,237.120,13
20260512141700,236.380,236.970,236.370,236.970,33
20260512141800,236.500,236.840,236.500,236.840,8
20260512141900,236.600,237.120,236.400,236.400,50
20260512142000,236.870,237.160,236.500,236.980,56
20260512142100,236.980,237.260,236.480,237.220,35
20260512142200,237.220,237.250,236.690,237.250,42
20260512142300,237.250,237.250,236.710,237.250,12
20260512142400,236.780,237.240,236.780,237.000,14
20260512142500,236.780,237.220,236.780,237.150,19
20260512142600,237.160,237.170,236.770,236.770,30
20260512142700,236.970,236.970,236.630,236.880,14
20260512142800,236.400,236.870,236.400,236.850,19
20260512142900,236.830,236.830,236.820,236.830,9
20260512143000,236.830,236.830,236.830,236.830,3
20260512143100,236.400,236.820,236.240,236.240,31
20260512143200,236.250,236.630,236.250,236.630,9
20260512143300,236.240,236.620,236.240,236.620,12
20260512143400,236.220,236.220,235.660,235.660,56
20260512143500,235.660,236.010,235.660,235.760,142
20260512143600,235.770,235.950,235.760,235.760,58
20260512143700,236.060,236.060,235.550,235.560,12
20260512143800,235.570,235.580,235.570,235.580,45
20260512143900,236.050,236.230,235.610,236.160,27
20260512144000,236.160,236.510,235.800,236.140,22
20260512144100,236.140,236.540,236.140,236.530,18
20260512144200,236.520,236.520,236.350,236.350,17
20260512144300,236.350,236.350,236.070,236.070,21
20260512144400,236.070,236.460,236.010,236.460,11
20260512144500,236.340,236.340,236.340,236.340,7
20260512144600,236.210,236.500,236.060,236.500,27
20260512144700,236.500,236.500,236.090,236.430,8
20260512144800,236.480,236.500,236.090,236.240,43
20260512144900,236.060,236.230,235.820,236.000,95
20260512145000,236.000,236.420,235.820,236.000,80
20260512145100,236.000,236.000,235.850,235.850,37
20260512145200,235.850,236.000,235.800,235.810,108
20260512145300,235.810,236.000,235.800,235.800,82
20260512145400,235.650,235.910,235.650,235.910,35
20260512145500,235.620,235.910,235.550,235.550,72
20260512145600,235.780,235.780,235.520,235.550,60
20260512145700,235.550,235.760,235.500,235.760,117
20260512145800,235.760,235.760,235.760,235.760,0
20260512145900,235.760,235.760,235.760,235.760,0
20260512150000,235.590,235.590,235.590,235.590,81
20260513093000,235.760,235.760,235.760,235.760,51
20260513093100,235.760,236.770,235.000,236.770,140
20260513093200,236.770,238.500,236.140,236.140,239
20260513093300,236.140,238.680,236.140,238.430,171
20260513093400,238.150,238.440,237.000,237.950,117
20260513093500,238.110,239.770,238.110,239.770,194
20260513093600,239.770,239.790,237.860,237.860,154
20260513093700,237.850,238.550,237.500,238.280,106
20260513093800,238.280,238.800,238.090,238.250,115
20260513093900,238.250,239.720,238.060,239.500,229
20260513094000,239.500,241.000,238.990,240.120,434
20260513094100,239.600,239.600,238.380,238.930,124
20260513094200,238.870,239.640,238.360,239.640,176
20260513094300,238.920,239.410,238.910,239.330,34
20260513094400,239.110,239.360,238.900,239.020,96
20260513094500,239.370,239.370,238.530,238.530,19
20260513094600,238.500,238.500,238.000,238.000,193
20260513094700,237.500,237.800,237.400,237.800,95
20260513094800,237.840,238.400,237.840,238.400,59
20260513094900,238.380,238.380,237.800,237.820,81
20260513095000,237.830,237.830,237.500,237.770,98
20260513095100,237.760,238.120,237.750,237.830,26
20260513095200,237.650,238.070,237.650,238.070,49
20260513095300,238.070,238.080,237.840,237.910,18
20260513095400,237.900,238.060,237.820,237.820,14
20260513095500,237.750,238.040,237.750,237.940,36
20260513095600,237.960,238.500,237.960,238.500,37
20260513095700,238.490,238.490,238.170,238.260,27
20260513095800,238.300,238.930,238.300,238.630,132
20260513095900,238.700,239.750,238.700,239.500,67
20260513100000,239.500,239.500,238.950,239.490,33
20260513100100,238.960,240.300,238.960,240.300,140
20260513100200,240.290,240.390,239.900,240.300,69
20260513100300,240.310,240.310,239.590,240.170,40
20260513100400,240.070,240.650,240.060,240.640,132
20260513100500,240.600,240.600,240.330,240.360,44
20260513100600,240.360,240.560,240.220,240.500,38
20260513100700,240.520,240.520,240.020,240.020,41
20260513100800,240.120,240.140,239.770,240.000,76
20260513100900,240.000,240.000,239.650,239.750,49
20260513101000,239.650,239.800,239.650,239.690,40
20260513101100,239.800,239.800,239.280,239.450,32
20260513101200,239.700,239.800,239.640,239.800,32
20260513101300,239.710,240.200,239.710,239.880,134
20260513101400,239.760,240.520,239.760,240.400,55
20260513101500,240.140,242.000,240.130,242.000,617
20260513101600,242.000,242.790,241.990,241.990,368
20260513101700,242.440,242.440,241.650,241.650,42
20260513101800,241.720,242.110,241.720,242.110,19
20260513101900,241.740,242.190,241.600,241.720,131
20260513102000,241.900,242.180,241.900,242.090,38
20260513102100,241.900,241.940,241.500,241.500,20
20260513102200,241.110,241.480,241.110,241.420,10
20260513102300,241.220,241.580,241.220,241.260,19
20260513102400,241.220,241.470,241.190,241.190,28
20260513102500,241.060,241.660,241.060,241.660,53
20260513102600,241.450,241.450,241.120,241.150,20
20260513102700,241.070,241.070,241.040,241.050,19
20260513102800,240.690,240.920,240.630,240.920,42
20260513102900,240.780,241.630,240.780,241.630,78
20260513103000,241.560,241.630,241.280,241.620,12
20260513103100,241.620,241.630,241.190,241.190,34
20260513103200,241.630,241.660,241.440,241.440,29
20260513103300,241.660,241.990,241.450,241.830,60
20260513103400,241.830,241.980,241.660,241.680,40
20260513103500,241.720,241.820,241.670,241.820,28
20260513103600,241.410,241.410,241.400,241.400,19
20260513103700,241.000,241.480,241.000,241.480,99
20260513103800,241.590,241.590,240.310,240.490,331
20260513103900,240.460,240.500,240.090,240.500,16
20260513104000,240.500,240.740,240.500,240.570,29
20260513104100,240.560,240.650,240.290,240.650,20
20260513104200,240.600,240.600,240.190,240.230,24
20260513104300,240.330,240.580,240.230,240.430,23
20260513104400,240.200,240.210,240.110,240.150,65
20260513104500,240.250,240.250,240.120,240.120,13
20260513104600,240.120,240.390,240.070,240.070,48
20260513104700,240.070,240.390,240.070,240.330,28
20260513104800,240.070,240.380,240.040,240.380,23
20260513104900,240.410,240.420,240.330,240.330,25
20260513105000,240.340,240.340,240.340,240.340,4
20260513105100,240.340,240.480,240.260,240.270,22
20260513105200,240.410,240.480,240.260,240.260,29
20260513105300,240.260,240.450,239.720,239.720,59
20260513105400,239.980,240.020,239.610,240.000,26
20260513105500,239.750,239.760,239.600,239.620,64
20260513105600,239.620,239.620,239.450,239.450,11
20260513105700,239.450,239.450,239.200,239.420,29
20260513105800,239.410,239.410,239.410,239.410,2
20260513105900,239.250,239.250,238.880,239.200,80
20260513110000,239.270,239.270,239.270,239.270,4
20260513110100,239.280,239.410,239.270,239.270,28
20260513110200,239.270,239.270,239.170,239.260,21
20260513110300,239.300,239.390,239.300,239.390,14
20260513110400,239.380,239.380,239.380,239.380,11
20260513110500,239.390,239.410,239.310,239.410,19
20260513110600,239.400,239.450,238.580,239.450,231
20260513110700,239.420,240.040,239.420,240.040,34
20260513110800,239.850,239.850,239.850,239.850,4
20260513110900,239.460,239.690,239.400,239.400,41
20260513111000,239.380,239.670,239.070,239.530,51
20260513111100,239.190,239.190,239.190,239.190,2
20260513111200,239.190,239.280,239.180,239.280,18
20260513111300,239.280,239.280,239.280,239.280,0
20260513111400,239.060,239.660,239.060,239.660,39
20260513111500,239.690,239.700,239.690,239.700,15
20260513111600,239.700,240.150,239.700,240.140,73
20260513111700,240.150,240.300,240.080,240.280,33
20260513111800,240.080,240.280,240.080,240.280,13
20260513111900,240.270,240.270,240.270,240.270,4
20260513112000,240.260,240.270,240.080,240.130,17
20260513112100,239.870,239.910,239.480,239.910,35
20260513112200,240.070,240.070,239.470,239.470,26
20260513112300,239.430,239.840,239.430,239.840,36
20260513112400,239.840,240.260,239.840,239.940,8
20260513112500,239.900,239.900,239.210,239.210,40
20260513112600,239.370,239.540,239.200,239.540,9
20260513112700,239.510,239.510,239.230,239.230,12
20260513112800,239.250,239.520,239.050,239.070,31
20260513112900,239.050,239.530,239.050,239.530,18
20260513113000,239.530,239.530,238.350,238.980,145
20260513130100,238.390,239.170,238.390,239.170,50
20260513130200,238.580,239.310,238.580,239.310,56
20260513130300,239.310,239.310,239.070,239.070,11
20260513130400,239.060,239.380,239.000,239.000,13
20260513130500,238.950,239.310,238.710,239.270,45
20260513130600,238.870,239.010,238.820,238.820,19
20260513130700,238.810,238.810,238.570,238.570,45
20260513130800,238.400,238.730,238.400,238.730,16
20260513130900,238.530,238.840,238.530,238.580,13
20260513131000,238.600,238.750,238.580,238.600,16
20260513131100,238.510,238.580,238.510,238.570,30
20260513131200,238.570,238.750,238.570,238.750,22
20260513131300,238.750,238.750,238.650,238.650,22
20260513131400,238.990,239.000,238.990,239.000,9
20260513131500,239.000,239.100,238.980,238.990,25
20260513131600,238.850,238.980,238.850,238.980,4
20260513131700,238.870,238.880,238.830,238.830,13
20260513131800,238.700,238.940,238.700,238.940,10
20260513131900,238.950,238.950,238.810,238.810,7
20260513132000,238.810,238.810,238.680,238.690,21
20260513132100,238.950,239.080,238.950,239.070,21
20260513132200,239.080,239.110,238.690,238.880,30
20260513132300,238.770,239.500,238.770,239.500,26
20260513132400,239.850,239.980,239.500,239.800,28
20260513132500,239.980,239.980,239.280,239.640,33
20260513132600,239.720,239.730,239.700,239.730,8
20260513132700,239.740,239.970,239.740,239.970,14
20260513132800,239.750,239.980,239.470,239.470,21
20260513132900,239.610,239.800,239.560,239.760,14
20260513133000,239.970,239.970,239.770,239.770,7
20260513133100,239.710,239.850,239.620,239.850,7
20260513133200,239.920,239.980,239.850,239.980,11
20260513133300,239.990,240.070,239.820,240.070,20
20260513133400,240.000,240.230,239.860,240.090,37
20260513133500,240.100,240.100,239.610,239.870,15
20260513133600,239.650,239.930,239.650,239.930,16
20260513133700,240.070,240.070,239.580,239.950,16
20260513133800,239.940,239.960,239.680,239.960,24
20260513133900,239.960,240.080,239.960,240.050,23
20260513134000,240.050,240.200,240.050,240.200,21
20260513134100,240.200,240.220,239.850,240.220,156
20260513134200,240.230,240.950,240.220,240.950,109
20260513134300,240.950,240.950,240.360,240.920,15
20260513134400,240.600,240.880,240.600,240.880,6
20260513134500,240.210,240.500,240.210,240.220,32
20260513134600,240.650,240.710,240.200,240.710,40
20260513134700,240.740,242.250,240.740,242.090,320
20260513134800,242.220,242.230,241.970,242.200,78
20260513134900,242.000,242.170,241.790,242.120,69
20260513135000,242.110,242.140,241.770,241.790,32
20260513135100,242.000,242.000,241.660,242.000,32
20260513135200,241.640,241.990,241.640,241.990,6
20260513135300,241.640,241.990,241.630,241.990,14
20260513135400,241.900,241.900,241.580,241.880,14
20260513135500,241.530,241.880,241.320,241.850,27
20260513135600,241.780,241.780,241.290,241.710,16
20260513135700,241.770,241.770,241.420,241.430,27
20260513135800,241.730,241.730,241.400,241.720,26
20260513135900,241.720,241.730,241.700,241.730,21
20260513140000,241.760,241.780,241.440,241.460,31
20260513140100,241.430,241.780,240.700,240.700,44
20260513140200,241.250,241.260,240.730,241.260,28
20260513140300,241.020,241.020,240.500,240.500,30
20260513140400,240.510,241.020,240.150,240.150,46
20260513140500,240.320,240.500,240.180,240.180,36
20260513140600,240.160,240.520,240.010,240.510,32
20260513140700,240.510,240.510,240.460,240.490,9
20260513140800,240.180,240.480,240.080,240.080,30
20260513140900,239.880,240.220,239.880,240.220,18
20260513141000,240.090,240.320,239.870,240.130,8
20260513141100,239.870,240.710,239.870,240.710,52
20260513141200,240.440,240.720,240.210,240.670,30
20260513141300,240.670,240.700,240.260,240.320,24
20260513141400,240.700,240.700,240.670,240.680,6
20260513141500,240.680,240.680,240.210,240.210,24
20260513141600,240.220,240.810,240.220,240.810,54
20260513141700,240.970,240.980,240.970,240.970,13
20260513141800,240.950,240.950,240.350,240.540,31
20260513141900,240.760,240.760,240.330,240.340,26
20260513142000,240.340,240.740,240.340,240.740,46
20260513142100,240.550,240.760,240.550,240.760,19
20260513142200,240.940,240.980,240.520,240.940,47
20260513142300,240.940,241.370,240.940,241.370,19
20260513142400,240.890,241.350,240.890,241.340,6
20260513142500,241.370,241.460,240.950,241.460,24
20260513142600,241.450,241.580,241.030,241.570,34
20260513142700,241.700,241.700,241.200,241.680,136
20260513142800,241.670,241.680,241.290,241.680,37
20260513142900,241.670,241.860,241.670,241.860,48
20260513143000,241.860,241.860,241.480,241.820,41
20260513143100,241.830,241.840,241.490,241.490,24
20260513143200,241.800,241.800,241.500,241.800,41
20260513143300,241.800,241.860,241.510,241.550,51
20260513143400,241.830,241.880,241.520,241.850,42
20260513143500,241.630,241.900,241.620,241.780,66
20260513143600,241.770,241.770,241.550,241.770,13
20260513143700,241.800,241.800,241.490,241.550,32
20260513143800,241.550,241.710,241.210,241.700,34
20260513143900,241.700,241.700,241.190,241.490,58
20260513144000,241.490,241.490,240.850,240.920,45
20260513144100,241.370,241.370,241.070,241.300,50
20260513144200,241.240,241.590,241.240,241.590,70
20260513144300,241.300,241.620,241.300,241.320,58
20260513144400,241.620,241.620,241.310,241.610,68
20260513144500,241.580,241.580,241.150,241.560,55
20260513144600,241.170,241.800,241.170,241.800,98
20260513144700,241.900,242.000,241.900,241.990,68
20260513144800,241.990,242.000,241.800,242.000,56
20260513144900,241.990,241.990,241.790,241.980,76
20260513145000,241.990,241.990,241.590,241.590,58
20260513145100,241.890,241.940,241.490,241.760,78
20260513145200,241.770,241.810,241.480,241.520,77
20260513145300,241.260,241.900,241.260,241.670,48
20260513145400,241.880,241.880,241.600,241.600,36
20260513145500,241.610,241.720,241.400,241.400,45
20260513145600,241.420,241.810,241.190,241.640,99
20260513145700,241.880,241.900,241.110,241.220,84
20260513145800,241.220,241.220,241.220,241.220,0
20260513145900,241.220,241.220,241.220,241.220,0
20260513150000,241.980,241.980,241.980,241.980,67
20260514093000,238.120,238.120,238.120,238.120,64
20260514093100,240.410,240.410,238.960,239.330,40
20260514093200,239.320,239.400,237.900,237.900,165
20260514093300,237.780,237.780,237.010,237.150,298
20260514093400,237.410,237.500,236.850,236.880,100
20260514093500,236.880,237.200,236.800,237.200,116
20260514093600,237.200,237.780,236.810,237.780,116
20260514093700,237.230,237.780,237.010,237.780,164
20260514093800,237.780,238.990,237.780,238.990,73
20260514093900,239.000,239.000,237.950,238.220,81
20260514094000,238.300,238.300,237.020,237.080,50
20260514094100,237.090,237.510,236.820,237.000,74
20260514094200,237.190,237.190,236.850,237.160,53
20260514094300,236.990,237.170,236.810,236.810,112
20260514094400,236.600,237.020,236.600,236.660,62
20260514094500,236.530,236.530,236.300,236.300,78
20260514094600,236.410,237.090,236.410,236.530,26
20260514094700,236.990,236.990,236.250,236.410,170
20260514094800,236.420,236.800,236.310,236.700,34
20260514094900,236.000,236.000,235.680,235.700,283
20260514095000,235.990,235.990,235.500,235.590,100
20260514095100,235.500,235.590,235.300,235.480,135
20260514095200,235.510,235.510,235.080,235.180,79
20260514095300,235.270,235.510,235.270,235.360,34
20260514095400,235.400,235.470,235.030,235.470,57
20260514095500,235.490,235.890,235.060,235.060,109
20260514095600,235.030,235.330,235.030,235.330,24
20260514095700,235.320,235.320,235.070,235.090,42
20260514095800,235.090,235.990,235.090,235.990,49
20260514095900,235.510,235.630,234.880,235.210,359
20260514100000,235.210,235.390,234.860,235.000,31
20260514100100,235.000,235.340,234.550,234.550,66
20260514100200,234.580,234.700,234.510,234.510,35
20260514100300,234.680,234.680,234.300,234.300,41
20260514100400,234.120,234.120,232.350,232.400,210
20260514100500,232.360,232.720,232.330,232.720,68
20260514100600,232.690,232.700,232.450,232.700,35
20260514100700,232.810,233.240,232.810,233.230,27
20260514100800,233.230,233.230,232.500,232.600,62
20260514100900,232.620,232.890,232.560,232.890,50
20260514101000,232.900,232.900,232.610,232.880,28
20260514101100,232.880,233.010,232.880,233.010,26
20260514101200,232.990,232.990,232.700,232.720,34
20260514101300,232.730,232.740,232.720,232.740,36
20260514101400,232.740,232.840,232.550,232.590,247
20260514101500,232.610,232.800,232.580,232.580,34
20260514101600,232.550,232.550,232.210,232.210,381
20260514101700,232.080,232.080,232.000,232.000,150
20260514101800,231.890,231.890,231.280,231.490,129
20260514101900,231.500,231.890,231.500,231.890,19
20260514102000,231.880,231.990,231.880,231.990,15
20260514102100,232.020,232.350,231.890,231.920,20
20260514102200,232.330,232.330,231.870,232.270,55
20260514102300,232.270,232.330,232.270,232.330,20
20260514102400,232.010,232.270,231.930,231.930,26
20260514102500,232.010,232.010,231.610,231.610,26
20260514102600,231.880,231.880,231.620,231.880,20
20260514102700,231.620,231.880,231.600,231.630,25
20260514102800,231.610,231.630,231.600,231.610,14
20260514102900,231.630,231.630,231.610,231.610,9
20260514103000,231.880,231.880,231.620,231.620,14
20260514103100,231.980,231.980,231.890,231.910,18
20260514103200,232.270,232.270,231.630,231.630,20
20260514103300,232.020,232.020,231.670,231.850,46
20260514103400,231.730,231.910,231.730,231.890,20
20260514103500,231.890,232.170,231.750,232.170,26
20260514103600,231.790,231.790,231.700,231.700,6
20260514103700,231.960,231.960,231.280,231.280,114
20260514103800,231.400,231.430,231.400,231.430,20
20260514103900,231.850,231.850,231.480,231.480,24
20260514104000,231.480,231.770,231.480,231.500,11
20260514104100,231.510,231.510,231.300,231.510,39
20260514104200,231.330,231.500,231.310,231.500,10
20260514104300,231.300,231.320,231.300,231.320,12
20260514104400,231.490,231.490,231.280,231.460,22
20260514104500,231.280,232.150,231.270,232.150,94
20260514104600,231.720,231.720,231.250,231.660,33
20260514104700,231.660,232.050,231.660,232.010,37
20260514104800,232.030,232.030,231.760,231.760,6
20260514104900,232.160,232.470,232.160,232.460,36
20260514105000,232.450,232.450,232.080,232.090,12
20260514105100,232.450,233.380,232.450,233.380,23
20260514105200,232.980,232.980,232.500,232.680,26
20260514105300,232.680,232.680,232.350,232.350,14
20260514105400,232.330,232.680,232.050,232.050,33
20260514105500,232.050,232.320,231.650,232.050,22
20260514105600,232.020,232.020,232.010,232.010,4
20260514105700,232.020,232.020,231.720,231.950,26
20260514105800,231.960,232.100,231.720,231.970,50
20260514105900,231.960,231.960,231.960,231.960,4
20260514110000,232.000,232.000,232.000,232.000,4
20260514110100,232.000,232.250,231.710,232.250,20
20260514110200,232.240,232.250,231.750,231.890,20
20260514110300,231.890,231.890,231.890,231.890,0
20260514110400,231.810,231.810,231.750,231.750,6
20260514110500,231.750,231.840,231.650,231.840,6
20260514110600,231.830,231.830,231.590,231.620,13
20260514110700,231.600,231.830,231.590,231.800,24
20260514110800,231.810,231.810,231.500,231.570,40
20260514110900,231.520,231.570,231.140,231.210,66
20260514111000,231.400,231.530,231.190,231.530,32
20260514111100,231.500,231.500,231.500,231.500,4
20260514111200,231.500,231.500,231.500,231.500,2
20260514111300,231.500,231.630,231.220,231.350,55
20260514111400,231.360,231.600,231.360,231.600,5
20260514111500,231.600,231.600,231.600,231.600,9
20260514111600,231.600,231.930,231.400,231.510,59
20260514111700,231.510,231.600,231.300,231.600,19
20260514111800,231.220,231.710,231.220,231.670,32
20260514111900,231.900,232.000,231.560,231.560,18
20260514112000,231.740,231.790,231.740,231.790,4
20260514112100,231.720,231.720,231.720,231.720,4
20260514112200,231.790,231.800,231.710,231.800,14
20260514112300,231.830,232.210,231.590,232.070,34
20260514112400,232.000,232.170,231.910,232.170,10
20260514112500,232.210,232.230,232.210,232.230,12
20260514112600,232.230,232.500,232.230,232.310,10
20260514112700,232.530,232.550,232.060,232.060,63
20260514112800,232.010,232.160,231.750,232.160,12
20260514112900,231.760,231.760,231.760,231.760,2
20260514113000,232.120,232.120,232.120,232.120,2
20260514130100,231.760,232.860,231.230,231.230,136
20260514130200,231.220,233.090,231.220,233.000,249
20260514130300,233.000,233.000,232.260,232.870,180
20260514130400,232.250,232.760,232.220,232.760,59
20260514130500,232.860,233.360,232.760,232.760,44
20260514130600,232.400,233.160,232.400,233.160,16
20260514130700,232.630,233.140,232.630,233.140,14
20260514130800,232.680,232.780,232.120,232.340,57
20260514130900,232.320,232.320,232.260,232.260,27
20260514131000,232.560,232.560,232.030,232.250,41
20260514131100,232.020,232.090,231.680,232.090,40
20260514131200,232.250,232.550,231.710,232.070,40
20260514131300,231.680,232.080,231.680,231.700,14
20260514131400,232.080,232.080,231.700,231.700,13
20260514131500,231.700,231.710,231.670,231.710,37
20260514131600,231.710,232.470,231.680,232.470,19
20260514131700,232.050,232.130,231.720,231.720,46
20260514131800,231.720,232.390,231.720,231.860,37
20260514131900,231.860,231.860,231.680,231.690,23
20260514132000,232.250,232.420,231.720,232.420,51
20260514132100,232.420,232.790,232.130,232.130,24
20260514132200,231.800,231.920,231.800,231.920,22
20260514132300,232.360,233.450,232.360,233.240,151
20260514132400,233.370,233.370,232.630,232.950,99
20260514132500,233.500,234.000,233.500,233.960,27
20260514132600,233.960,233.960,232.770,233.200,24
20260514132700,233.630,233.640,233.630,233.640,20
20260514132800,232.710,233.350,232.700,233.340,59
20260514132900,233.340,233.660,232.900,233.190,233
20260514133000,233.630,233.690,233.560,233.560,34
20260514133100,233.500,234.100,233.500,233.780,109
20260514133200,233.780,234.100,233.620,233.970,22
20260514133300,233.500,233.920,232.660,232.690,586
20260514133400,232.780,233.350,232.630,233.000,85
20260514133500,233.000,233.000,232.500,232.500,28
20260514133600,232.500,232.980,232.500,232.530,18
20260514133700,232.990,233.010,231.980,231.990,71
20260514133800,232.780,232.780,231.820,232.600,62
20260514133900,232.600,232.720,232.020,232.020,290
20260514134000,232.670,232.720,232.020,232.670,67
20260514134100,232.690,232.850,232.000,232.000,43
20260514134200,232.780,233.000,232.000,232.310,243
20260514134300,232.030,232.840,232.030,232.650,135
20260514134400,232.640,232.640,232.640,232.640,2
20260514134500,232.060,232.650,231.930,232.620,242
20260514134600,231.930,232.630,231.930,232.630,26
20260514134700,232.630,232.630,232.000,232.000,10
20260514134800,232.580,232.580,232.580,232.580,10
20260514134900,231.960,232.170,231.960,232.170,14
20260514135000,231.970,232.580,231.970,232.520,15
20260514135100,231.950,232.540,231.950,232.540,24
20260514135200,232.080,232.580,231.970,232.580,20
20260514135300,231.950,232.580,231.950,232.580,16
20260514135400,231.950,232.550,231.950,232.550,7
20260514135500,231.900,231.960,231.900,231.960,52
20260514135600,232.540,232.550,231.960,231.960,14
20260514135700,231.990,232.520,231.960,232.050,36
20260514135800,232.520,232.530,232.020,232.030,31
20260514135900,232.140,232.550,232.140,232.550,34
20260514140000,232.570,232.570,232.090,232.530,31
20260514140100,232.200,232.340,232.150,232.340,18
20260514140200,232.540,232.540,232.160,232.540,18
20260514140300,232.530,232.530,232.180,232.180,15
20260514140400,232.190,232.210,232.190,232.210,7
20260514140500,232.170,232.530,232.100,232.100,17
20260514140600,232.110,232.530,232.050,232.530,14
20260514140700,232.110,232.520,231.980,232.520,18
20260514140800,231.980,232.500,231.980,232.500,10
20260514140900,231.960,231.960,231.960,231.960,8
20260514141000,231.970,232.530,231.970,231.970,30
20260514141100,232.000,232.010,232.000,232.010,8
20260514141200,232.030,232.490,231.970,232.490,74
20260514141300,232.070,232.070,232.070,232.070,12
20260514141400,232.490,232.500,232.060,232.500,26
20260514141500,232.490,232.490,232.490,232.490,2
20260514141600,232.460,233.220,232.460,233.210,115
20260514141700,233.220,233.220,232.850,233.210,12
20260514141800,233.210,233.210,232.850,233.200,20
20260514141900,233.190,233.190,232.170,232.200,61
20260514142000,233.020,233.020,232.220,232.230,17
20260514142100,232.230,232.940,232.100,232.100,33
20260514142200,232.110,232.770,232.100,232.100,33
20260514142300,232.130,232.700,232.070,232.070,280
20260514142400,232.070,232.590,232.070,232.070,50
20260514142500,232.070,232.580,232.070,232.070,30
20260514142600,232.560,232.560,232.070,232.080,40
20260514142700,232.100,232.530,231.970,232.070,72
20260514142800,232.070,232.180,231.920,232.020,81
20260514142900,232.100,232.500,232.100,232.140,27
20260514143000,232.440,232.450,231.900,231.900,67
20260514143100,231.900,232.120,231.670,231.670,74
20260514143200,231.570,231.570,230.000,230.080,1016
20260514143300,230.140,230.220,229.200,229.650,307
20260514143400,229.850,229.950,229.810,229.950,49
20260514143500,229.950,229.950,229.580,229.800,39
20260514143600,229.200,229.800,229.180,229.180,174
20260514143700,229.200,229.400,229.160,229.250,118
20260514143800,229.420,229.890,229.260,229.300,52
20260514143900,229.300,229.380,229.260,229.260,68
20260514144000,229.260,229.660,229.230,229.530,93
20260514144100,229.680,229.680,229.260,229.270,79
20260514144200,229.270,229.520,229.260,229.330,81
20260514144300,229.510,229.900,229.280,229.900,222
20260514144400,229.900,229.900,229.270,229.270,109
20260514144500,229.540,229.790,229.270,229.760,66
20260514144600,229.500,229.780,229.260,229.720,55
20260514144700,229.250,229.750,229.250,229.700,90
20260514144800,229.710,229.710,229.270,229.270,87
20260514144900,229.320,229.720,229.260,229.720,141
20260514145000,229.800,229.920,229.590,229.590,35
20260514145100,229.590,229.950,229.280,229.280,86
20260514145200,229.920,229.920,229.300,229.860,34
20260514145300,229.850,230.350,229.850,230.200,161
20260514145400,230.200,230.230,229.970,230.200,123
20260514145500,229.510,230.180,229.280,229.280,68
20260514145600,229.280,229.960,229.280,229.300,45
20260514145700,229.300,229.870,229.280,229.860,56
20260514145800,229.860,229.860,229.860,229.860,0
20260514145900,229.860,229.860,229.860,229.860,0
20260514150000,229.270,229.270,229.270,229.270,97
20260515093000,233.600,233.600,233.600,233.600,78
20260515093100,233.750,233.750,231.130,231.960,175
20260515093200,231.900,231.900,229.500,230.200,334
20260515093300,230.210,231.000,229.500,230.270,77
20260515093400,230.030,231.950,230.030,230.750,66
20260515093500,230.760,231.260,230.370,230.520,160
20260515093600,231.000,232.760,230.510,232.740,93
20260515093700,231.970,232.220,231.960,232.100,66
20260515093800,232.290,232.490,232.260,232.260,53
20260515093900,232.720,232.720,232.100,232.610,92
20260515094000,232.620,233.230,231.880,231.960,239
20260515094100,232.160,232.410,231.560,232.410,53
20260515094200,232.410,232.500,232.220,232.220,31
20260515094300,232.350,232.350,231.880,232.350,120
20260515094400,232.440,232.900,232.330,232.900,87
20260515094500,232.950,232.950,232.460,232.940,39
20260515094600,232.870,233.350,232.390,232.920,264
20260515094700,233.050,233.050,232.190,232.550,30
20260515094800,232.580,232.950,232.440,232.950,78
20260515094900,232.940,234.660,232.940,234.660,407
20260515095000,234.700,235.250,234.300,234.850,299
20260515095100,234.800,235.140,234.630,235.130,147
20260515095200,235.200,236.550,235.200,235.900,234
20260515095300,235.670,236.420,235.600,235.600,247
20260515095400,235.670,236.150,235.570,236.000,66
20260515095500,236.000,236.090,235.770,235.880,42
20260515095600,235.700,236.000,235.360,235.900,58
20260515095700,235.720,235.760,235.380,235.760,62
20260515095800,235.720,236.100,235.350,235.860,241
20260515095900,235.800,236.200,235.800,236.170,66
20260515100000,236.200,236.270,235.800,236.000,46
20260515100100,235.800,236.170,235.800,235.940,66
20260515100200,236.160,237.390,236.160,237.350,369
20260515100300,237.350,237.850,237.350,237.550,140
20260515100400,237.850,237.860,237.560,237.670,170
20260515100500,237.670,238.240,237.670,238.040,203
20260515100600,238.030,238.230,237.780,238.130,78
20260515100700,238.000,238.000,237.440,237.700,210
20260515100800,238.100,238.380,238.000,238.310,167
20260515100900,238.360,238.400,238.000,238.030,127
20260515101000,238.360,238.360,238.030,238.330,26
20260515101100,238.060,238.060,237.600,237.600,35
20260515101200,237.480,237.480,237.150,237.480,51
20260515101300,237.480,237.480,236.620,237.100,37
20260515101400,237.110,237.110,236.790,237.100,17
20260515101500,237.100,237.570,237.100,237.570,31
20260515101600,237.200,237.570,237.200,237.240,24
20260515101700,237.140,237.140,236.630,237.000,65
20260515101800,237.340,237.340,237.340,237.340,9
20260515101900,237.340,237.360,237.030,237.360,18
20260515102000,236.860,236.860,236.270,236.270,53
20260515102100,236.270,236.800,236.270,236.300,43
20260515102200,236.300,236.300,236.000,236.000,32
20260515102300,235.990,235.990,235.810,235.810,18
20260515102400,235.700,235.700,235.630,235.630,45
20260515102500,235.550,235.780,235.190,235.250,39
20260515102600,235.240,235.280,235.000,235.100,59
20260515102700,235.100,235.180,234.850,235.180,36
20260515102800,234.870,234.870,234.600,234.600,54
20260515102900,234.700,234.860,234.700,234.700,16
20260515103000,234.700,235.420,234.510,235.420,44
20260515103100,234.670,235.230,234.100,234.850,212
20260515103200,234.880,235.200,234.880,235.200,50
20260515103300,235.200,235.240,235.000,235.240,19
20260515103400,235.210,235.760,235.210,235.760,42
20260515103500,235.770,235.770,235.340,235.340,28
20260515103600,235.340,235.680,235.130,235.130,26
20260515103700,235.600,235.600,235.130,235.550,17
20260515103800,235.120,235.370,235.030,235.030,34
20260515103900,235.340,235.340,235.030,235.330,12
20260515104000,235.030,235.030,234.670,234.670,22
20260515104100,234.520,235.530,234.500,235.500,81
20260515104200,235.130,235.490,235.130,235.150,14
20260515104300,235.120,235.400,235.120,235.400,14
20260515104400,235.130,235.400,235.130,235.150,20
20260515104500,235.680,236.710,235.680,236.390,130
20260515104600,236.600,236.950,236.600,236.950,134
20260515104700,237.000,237.300,235.480,235.480,238
20260515104800,235.460,236.620,235.460,236.560,77
20260515104900,236.560,236.560,235.510,236.000,50
20260515105000,235.550,236.090,235.550,235.590,15
20260515105100,236.040,236.040,235.570,235.960,19
20260515105200,235.590,236.100,235.590,236.090,26
20260515105300,236.090,236.090,235.450,235.720,46
20260515105400,235.720,236.010,235.480,236.010,45
20260515105500,235.510,236.020,235.510,236.000,24
20260515105600,236.000,236.000,235.580,236.000,25
20260515105700,235.990,235.990,235.570,235.570,14
20260515105800,235.570,236.500,235.560,236.460,144
20260515105900,236.490,236.490,236.060,236.060,34
20260515110000,236.400,236.500,236.400,236.480,12
20260515110100,236.460,236.770,236.040,236.770,66
20260515110200,236.780,237.180,236.780,237.180,41
20260515110300,237.290,237.300,237.040,237.040,67
20260515110400,237.040,237.850,237.040,237.830,158
20260515110500,237.800,237.800,237.310,237.800,59
20260515110600,237.960,238.340,237.790,238.340,221
20260515110700,238.600,239.250,238.570,239.080,369
20260515110800,239.080,239.080,238.550,239.000,27
20260515110900,239.000,239.040,238.660,238.990,56
20260515111000,238.980,239.030,238.710,239.030,39
20260515111100,238.600,238.630,238.220,238.580,134
20260515111200,238.580,239.030,238.580,238.780,91
20260515111300,239.030,239.220,239.000,239.080,75
20260515111400,239.080,239.080,238.630,238.650,19
20260515111500,238.650,238.650,238.550,238.550,10
20260515111600,238.650,238.650,238.430,238.650,25
20260515111700,238.330,238.610,238.100,238.100,9
20260515111800,238.130,238.280,237.900,237.900,12
20260515111900,237.870,238.190,237.840,238.190,14
20260515112000,237.840,238.250,237.840,237.970,47
20260515112100,238.240,238.240,237.960,238.220,30
20260515112200,238.210,238.210,238.210,238.210,2
20260515112300,237.970,237.970,237.450,237.860,13
20260515112400,237.830,237.900,237.450,237.900,29
20260515112500,238.200,238.500,238.190,238.500,44
20260515112600,238.640,238.640,238.020,238.090,41
20260515112700,237.990,238.250,237.580,237.600,17
20260515112800,237.600,237.780,237.030,237.260,73
20260515112900,237.260,237.860,237.150,237.780,82
20260515113000,237.620,238.080,237.440,238.080,47
20260515130100,237.900,237.900,237.000,237.080,80
20260515130200,237.000,237.900,237.000,237.900,187
20260515130300,237.920,238.080,236.940,237.750,179
20260515130400,238.030,238.030,237.560,237.750,44
20260515130500,237.690,238.200,237.690,238.200,94
20260515130600,238.280,238.500,238.190,238.190,40
20260515130700,238.390,238.390,237.800,237.800,14
20260515130800,237.830,238.320,237.820,238.230,10
20260515130900,238.240,238.240,238.160,238.160,58
20260515131000,237.780,237.780,237.410,237.490,27
20260515131100,237.670,238.000,237.600,237.930,40
20260515131200,237.960,237.960,237.600,237.600,26
20260515131300,237.950,237.950,237.490,237.940,34
20260515131400,237.940,237.990,237.940,237.940,60
20260515131500,237.980,237.990,237.610,237.990,27
20260515131600,237.980,237.980,237.630,237.980,11
20260515131700,237.920,237.920,237.850,237.850,15
20260515131800,237.860,237.890,237.860,237.890,4
20260515131900,237.500,237.730,237.500,237.720,29
20260515132000,237.680,237.680,237.520,237.520,8
20260515132100,237.220,237.520,237.220,237.520,20
20260515132200,237.540,237.540,237.540,237.540,6
20260515132300,237.490,237.490,237.280,237.280,12
20260515132400,237.220,237.220,237.080,237.080,3
20260515132500,237.090,237.210,237.060,237.060,27
20260515132600,237.000,237.190,236.730,237.190,28
20260515132700,236.700,236.790,236.160,236.740,54
20260515132800,236.200,236.200,236.200,236.200,2
20260515132900,236.220,236.600,236.220,236.350,15
20260515133000,236.350,236.530,236.210,236.530,16
20260515133100,236.210,236.530,236.090,236.090,34
20260515133200,236.000,236.000,235.790,235.800,153
20260515133300,235.960,236.520,235.960,235.960,82
20260515133400,235.960,236.330,235.960,236.330,14
20260515133500,236.320,236.320,235.960,236.230,26
20260515133600,235.960,236.000,235.800,235.810,22
20260515133700,235.800,235.800,235.800,235.800,27
20260515133800,235.790,235.790,235.510,235.790,199
20260515133900,235.530,235.530,235.520,235.520,4
20260515134000,235.780,236.020,235.780,235.950,27
20260515134100,236.070,236.090,235.970,235.970,14
20260515134200,235.950,235.950,235.490,235.490,37
20260515134300,235.490,235.680,235.490,235.490,33
20260515134400,235.490,235.670,235.490,235.490,13
20260515134500,235.490,235.490,235.490,235.490,27
20260515134600,235.540,235.690,235.540,235.690,22
20260515134700,235.550,235.550,235.080,235.080,91
20260515134800,235.000,235.090,235.000,235.000,13
20260515134900,235.270,235.290,235.270,235.280,18
20260515135000,235.270,235.270,234.980,234.980,36
20260515135100,234.980,235.240,234.880,235.240,30
20260515135200,235.240,235.240,234.950,234.950,23
20260515135300,235.240,235.240,234.930,234.950,17
20260515135400,234.940,234.940,234.880,234.880,14
20260515135500,234.880,235.460,234.880,235.170,84
20260515135600,235.080,235.440,235.070,235.440,14
20260515135700,235.440,235.440,234.980,234.980,27
20260515135800,234.930,235.340,234.890,235.000,34
20260515135900,234.950,235.300,234.560,235.120,65
20260515140000,234.580,235.040,234.500,235.040,39
20260515140100,235.040,235.040,234.590,234.890,21
20260515140200,234.870,234.870,234.020,234.410,64
20260515140300,234.110,234.240,234.000,234.000,37
20260515140400,234.000,234.200,234.000,234.000,32
20260515140500,234.010,234.200,234.010,234.010,15
20260515140600,234.170,234.170,233.900,234.140,36
20260515140700,234.140,234.160,233.900,233.920,36
20260515140800,233.910,234.140,233.890,233.890,64
20260515140900,233.890,234.740,233.890,234.510,57
20260515141000,234.510,234.730,234.420,234.730,34
20260515141100,234.230,234.460,234.200,234.240,32
20260515141200,234.460,234.460,233.890,233.890,34
20260515141300,233.900,234.310,233.890,233.920,36
20260515141400,233.920,234.250,233.890,234.090,56
20260515141500,234.090,234.090,233.890,233.900,59
20260515141600,233.890,234.100,233.890,233.910,39
20260515141700,234.120,234.120,233.910,233.920,33
20260515141800,233.920,233.920,233.790,233.800,113
20260515141900,233.910,233.910,233.790,233.800,43
20260515142000,233.790,233.800,233.770,233.790,275
20260515142100,233.770,233.770,233.490,233.490,161
20260515142200,233.780,234.000,233.740,233.740,17
20260515142300,233.690,233.690,233.490,233.490,38
20260515142400,233.490,233.680,233.490,233.490,46
20260515142500,233.490,233.490,233.150,233.150,44
20260515142600,233.150,233.530,233.150,233.170,43
20260515142700,233.150,233.620,233.150,233.620,88
20260515142800,233.220,233.610,233.220,233.580,122
20260515142900,233.280,233.520,233.220,233.220,33
20260515143000,233.300,233.420,233.160,233.420,25
20260515143100,233.610,233.980,233.610,233.960,35
20260515143200,233.430,233.660,233.430,233.650,83
20260515143300,233.310,233.820,233.310,233.340,18
20260515143400,233.340,233.820,233.340,233.820,18
20260515143500,233.820,234.010,233.650,233.650,55
20260515143600,233.660,233.830,233.510,233.800,110
20260515143700,233.790,234.310,233.790,234.310,57
20260515143800,234.210,234.660,234.200,234.660,252
20260515143900,234.540,234.540,234.010,234.010,14
20260515144000,234.010,234.110,234.010,234.110,12
20260515144100,234.110,234.110,233.600,233.600,31
20260515144200,234.030,234.190,233.930,234.190,36
20260515144300,234.460,234.680,234.390,234.500,63
20260515144400,234.460,234.460,234.410,234.410,12
20260515144500,234.490,234.880,234.490,234.500,38
20260515144600,234.500,234.870,234.500,234.520,30
20260515144700,234.860,234.860,234.850,234.850,14
20260515144800,234.600,235.510,234.600,235.390,101
20260515144900,235.150,235.410,234.840,234.850,77
20260515145000,234.850,235.050,234.420,235.050,22
20260515145100,235.070,235.080,234.640,234.760,40
20260515145200,235.210,235.210,234.650,234.650,53
20260515145300,234.620,234.740,234.540,234.680,43
20260515145400,234.700,234.890,234.700,234.880,62
20260515145500,235.170,235.290,234.660,234.660,38
20260515145600,234.930,235.280,234.440,234.440,100
20260515145700,234.440,234.440,233.260,234.310,65
20260515145800,234.310,234.310,234.310,234.310,0
20260515145900,234.310,234.310,234.310,234.310,0
20260515150000,234.210,234.210,234.210,234.210,150
20260518093000,232.560,232.560,232.560,232.560,20
20260518093100,232.560,234.550,232.170,233.180,141
20260518093200,233.600,234.450,232.170,232.170,121
20260518093300,232.370,232.460,230.500,230.500,373
20260518093400,230.500,230.960,230.000,230.020,364
20260518093500,230.000,230.010,229.310,229.670,334
20260518093600,229.700,229.790,229.400,229.590,111
20260518093700,229.600,231.980,229.570,231.940,283
20260518093800,231.980,231.980,231.100,231.500,110
20260518093900,231.080,231.440,230.770,231.300,70
20260518094000,231.270,232.000,230.970,231.930,202
20260518094100,231.630,231.830,231.010,231.830,65
20260518094200,231.490,232.350,231.490,232.340,54
20260518094300,231.920,231.990,231.660,231.660,47
20260518094400,231.720,231.720,231.050,231.150,68
20260518094500,231.150,231.150,230.590,230.660,51
20260518094600,230.660,230.660,229.600,229.600,136
20260518094700,229.690,229.870,229.500,229.650,50
20260518094800,229.350,229.390,229.050,229.290,153
20260518094900,229.290,229.390,229.250,229.380,30
20260518095000,229.220,229.250,228.200,228.530,261
20260518095100,228.770,229.380,228.770,229.200,38
20260518095200,229.210,229.210,228.870,228.900,32
20260518095300,228.910,228.910,228.450,228.570,119
20260518095400,228.750,229.380,228.750,229.370,139
20260518095500,229.000,229.380,228.610,228.890,184
20260518095600,228.990,229.410,228.990,229.140,23
20260518095700,229.130,229.480,228.900,229.480,64
20260518095800,229.480,229.500,228.950,228.950,93
20260518095900,228.900,228.900,228.470,228.500,58
20260518100000,228.470,228.550,228.320,228.480,269
20260518100100,228.490,228.700,228.250,228.250,79
20260518100200,228.250,228.270,228.200,228.200,33
20260518100300,228.110,228.150,228.000,228.050,144
20260518100400,228.020,228.530,228.020,228.370,40
20260518100500,228.360,228.370,228.110,228.110,11
20260518100600,228.330,228.330,228.110,228.110,31
20260518100700,228.330,228.350,228.010,228.010,67
20260518100800,228.000,228.000,227.610,227.610,132
20260518100900,227.550,227.900,227.550,227.900,42
20260518101000,228.090,228.100,227.700,227.990,73
20260518101100,227.530,228.000,227.500,227.500,219
20260518101200,227.500,227.500,227.250,227.410,77
20260518101300,227.220,227.410,227.210,227.270,62
20260518101400,227.270,227.410,227.170,227.410,77
20260518101500,227.690,227.960,227.690,227.920,40
20260518101600,227.910,227.920,227.490,227.890,22
20260518101700,227.850,228.270,227.550,228.270,161
20260518101800,228.160,228.160,227.690,228.030,44
20260518101900,228.080,228.780,228.080,228.760,63
20260518102000,228.700,228.700,228.020,228.220,21
20260518102100,228.220,229.160,227.820,229.160,95
20260518102200,229.150,229.840,229.150,229.780,137
20260518102300,229.840,229.840,229.060,229.060,135
20260518102400,229.330,229.330,228.620,228.620,25
20260518102500,228.550,228.550,228.180,228.180,46
20260518102600,228.290,228.300,228.010,228.010,11
20260518102700,228.010,228.010,227.840,227.840,17
20260518102800,227.750,227.990,227.680,227.680,59
20260518102900,227.510,227.530,227.430,227.520,23
20260518103000,227.530,227.530,227.310,227.400,33
20260518103100,227.400,227.770,227.400,227.590,59
20260518103200,227.590,227.710,227.310,227.710,22
20260518103300,227.750,227.750,227.350,227.580,14
20260518103400,227.570,227.570,227.330,227.330,4
20260518103500,227.530,227.530,227.210,227.210,26
20260518103600,227.000,227.190,227.000,227.180,145
20260518103700,227.040,227.210,227.030,227.210,25
20260518103800,227.210,227.250,227.070,227.250,11
20260518103900,227.160,227.160,227.060,227.060,23
20260518104000,227.050,227.090,226.850,226.850,202
20260518104100,226.830,226.830,226.630,226.820,46
20260518104200,226.750,226.750,226.740,226.740,4
20260518104300,226.770,226.810,226.760,226.760,12
20260518104400,226.750,226.750,226.660,226.670,51
20260518104500,226.660,226.670,226.500,226.500,51
20260518104600,226.500,226.500,226.480,226.480,24
20260518104700,226.410,226.420,226.380,226.410,62
20260518104800,226.440,226.580,226.440,226.540,56
20260518104900,226.540,226.620,226.540,226.620,4
20260518105000,226.500,226.500,226.300,226.300,40
20260518105100,226.290,226.290,226.130,226.140,31
20260518105200,226.140,226.140,226.120,226.130,29
20260518105300,226.140,226.160,226.130,226.160,13
20260518105400,226.180,226.180,225.680,225.680,116
20260518105500,225.970,225.970,225.730,225.730,10
20260518105600,225.740,226.270,225.740,226.270,39
20260518105700,226.270,226.740,226.270,226.500,46
20260518105800,226.500,226.700,226.500,226.700,6
20260518105900,226.700,226.700,226.000,226.010,490
20260518110000,226.010,226.010,225.890,225.900,28
20260518110100,225.910,226.280,225.900,225.910,8
20260518110200,225.910,226.030,225.890,226.030,23
20260518110300,226.000,226.020,225.770,225.780,296
20260518110400,225.970,226.240,225.860,226.240,41
20260518110500,226.240,226.240,226.100,226.100,7
20260518110600,226.220,226.220,226.120,226.120,14
20260518110700,226.120,226.210,226.120,226.210,13
20260518110800,226.250,226.500,226.200,226.240,30
20260518110900,226.640,226.670,226.240,226.640,16
20260518111000,226.640,226.670,226.360,226.660,26
20260518111100,226.660,226.660,226.650,226.650,5
20260518111200,226.650,226.650,226.450,226.450,4
20260518111300,226.440,226.440,226.210,226.350,21
20260518111400,226.220,226.220,226.100,226.100,27
20260518111500,226.100,226.100,226.100,226.100,14
20260518111600,226.100,226.100,225.870,225.870,34
20260518111700,225.890,225.890,225.800,225.800,27
20260518111800,225.800,225.800,225.600,225.600,108
20260518111900,225.600,225.600,225.500,225.500,41
20260518112000,225.590,225.590,225.500,225.570,12
20260518112100,225.570,225.570,225.250,225.350,75
20260518112200,225.100,225.100,224.240,224.280,458
20260518112300,224.740,224.740,224.310,224.730,11
20260518112400,224.730,224.760,224.720,224.730,25
20260518112500,224.820,224.820,224.420,224.800,24
20260518112600,224.780,224.780,224.500,224.770,34
20260518112700,224.760,224.760,224.550,224.760,13
20260518112800,224.770,224.940,224.770,224.930,61
20260518112900,225.270,225.310,225.080,225.310,22
20260518113000,225.330,225.330,225.100,225.100,9
20260518130100,225.360,226.220,225.080,226.140,143
20260518130200,225.500,226.040,225.500,226.040,29
20260518130300,226.040,226.180,225.810,226.180,16
20260518130400,226.180,226.210,226.180,226.190,30
20260518130500,225.860,226.170,225.540,225.900,31
20260518130600,225.520,226.000,225.520,225.970,20
20260518130700,225.970,225.970,225.970,225.970,0
20260518130800,225.970,225.990,225.870,225.990,11
20260518130900,225.990,226.440,225.990,226.440,27
20260518131000,226.120,226.380,226.000,226.380,34
20260518131100,226.040,226.060,225.820,225.830,51
20260518131200,225.830,226.340,225.830,226.130,110
20260518131300,226.310,226.690,226.150,226.560,38
20260518131400,226.570,227.000,226.390,226.470,29
20260518131500,226.960,226.960,226.390,226.390,19
20260518131600,225.960,226.400,225.960,226.400,23
20260518131700,226.010,226.030,226.000,226.030,20
20260518131800,226.320,226.320,225.520,225.930,23
20260518131900,225.950,225.950,225.950,225.950,6
20260518132000,225.590,225.760,225.580,225.760,26
20260518132100,225.770,225.950,225.540,225.540,14
20260518132200,225.940,225.940,225.800,225.800,5
20260518132300,225.590,225.590,225.150,225.150,67
20260518132400,225.150,225.490,225.150,225.450,23
20260518132500,225.200,225.440,225.200,225.440,13
20260518132600,225.220,225.950,225.220,225.950,37
20260518132700,225.640,225.640,225.600,225.600,8
20260518132800,226.050,226.050,225.600,225.620,12
20260518132900,225.620,225.620,225.550,225.550,7
20260518133000,225.530,225.530,225.310,225.320,17
20260518133100,225.320,225.550,225.320,225.550,11
20260518133200,225.550,225.660,225.390,225.390,21
20260518133300,225.380,225.660,225.210,225.660,42
20260518133400,225.650,225.790,225.650,225.790,14
20260518133500,225.390,225.700,225.390,225.700,18
20260518133600,225.770,226.700,225.460,226.240,92
20260518133700,226.270,226.280,225.720,225.720,39
20260518133800,226.320,226.320,225.930,226.260,12
20260518133900,226.260,226.260,225.830,225.830,26
20260518134000,226.160,226.170,226.160,226.170,14
20260518134100,226.230,226.320,226.180,226.290,18
20260518134200,225.930,226.260,225.920,226.190,20
20260518134300,226.350,226.440,226.350,226.400,116
20260518134400,226.620,226.650,226.620,226.650,9
20260518134500,226.650,226.730,226.530,226.530,11
20260518134600,226.370,226.370,226.350,226.350,20
20260518134700,226.250,226.300,226.000,226.000,15
20260518134800,225.870,225.870,225.870,225.870,4
20260518134900,226.170,226.170,226.170,226.170,10
20260518135000,226.190,226.190,225.870,226.130,23
20260518135100,226.140,226.710,226.030,226.150,65
20260518135200,226.630,226.630,226.000,226.030,43
20260518135300,226.040,226.070,226.040,226.070,9
20260518135400,226.090,226.090,226.090,226.090,2
20260518135500,226.420,226.420,226.090,226.360,19
20260518135600,226.090,226.090,226.000,226.000,12
20260518135700,226.000,226.000,225.590,225.590,64
20260518135800,225.590,225.590,225.400,225.400,20
20260518135900,225.350,225.450,225.320,225.320,39
20260518140000,225.310,225.420,225.300,225.300,34
20260518140100,225.300,225.300,225.200,225.240,64
20260518140200,225.230,225.400,225.230,225.340,18
20260518140300,225.260,225.780,225.230,225.780,58
20260518140400,225.780,225.780,225.230,225.230,16
20260518140500,225.230,225.680,225.230,225.670,30
20260518140600,225.660,225.660,225.250,225.250,20
20260518140700,225.540,225.780,225.540,225.770,10
20260518140800,225.740,225.780,225.580,225.770,15
20260518140900,225.580,225.710,225.500,225.710,20
20260518141000,225.660,225.660,225.300,225.300,20
20260518141100,225.300,225.610,225.300,225.610,52
20260518141200,225.780,226.140,225.780,226.140,13
20260518141300,225.630,226.450,225.630,226.450,104
20260518141400,226.450,226.530,226.450,226.530,13
20260518141500,226.460,226.510,226.210,226.510,24
20260518141600,226.510,226.520,226.230,226.230,19
20260518141700,226.500,227.290,226.500,226.890,63
20260518141800,226.560,226.740,226.520,226.600,88
20260518141900,226.580,226.700,226.240,226.270,38
20260518142000,226.650,226.760,226.370,226.750,61
20260518142100,226.740,226.750,226.260,226.260,46
20260518142200,226.730,226.780,226.310,226.370,61
20260518142300,226.800,226.880,226.390,226.880,80
20260518142400,226.880,227.070,226.490,227.070,54
20260518142500,226.550,227.060,226.550,227.060,26
20260518142600,227.070,227.170,226.720,227.170,35
20260518142700,227.160,227.180,226.890,227.180,50
20260518142800,227.160,227.160,226.830,226.950,54
20260518142900,226.910,227.210,226.750,227.210,47
20260518143000,227.200,227.320,227.200,227.320,44
20260518143100,227.300,227.600,226.940,226.970,57
20260518143200,227.040,227.460,227.040,227.350,62
20260518143300,227.410,227.600,227.040,227.600,55
20260518143400,227.590,227.590,227.220,227.380,51
20260518143500,227.110,227.210,226.730,227.200,58
20260518143600,227.210,227.360,226.930,226.990,76
20260518143700,227.000,227.090,226.810,226.960,71
20260518143800,226.910,227.280,226.910,227.280,80
20260518143900,227.280,227.500,227.280,227.370,65
20260518144000,227.380,227.540,227.140,227.150,36
20260518144100,227.500,227.520,227.150,227.380,75
20260518144200,227.260,227.380,227.010,227.320,110
20260518144300,227.300,227.380,227.090,227.380,80
20260518144400,227.380,227.380,227.020,227.030,57
20260518144500,227.010,227.370,227.010,227.190,91
20260518144600,227.190,227.210,227.020,227.210,70
20260518144700,227.220,227.220,227.010,227.060,73
20260518144800,227.060,227.170,227.010,227.120,73
20260518144900,227.120,227.430,227.010,227.390,142
20260518145000,227.390,227.450,227.080,227.420,78
20260518145100,227.080,227.420,226.500,226.990,60
20260518145200,227.060,227.060,226.550,226.550,107
20260518145300,226.920,227.150,226.570,226.630,76
20260518145400,227.110,227.410,226.640,227.400,85
20260518145500,227.380,227.400,226.900,226.900,43
20260518145600,227.420,227.420,226.900,227.120,47
20260518145700,227.120,227.120,226.810,226.810,57
20260518145800,226.810,226.810,226.810,226.810,0
20260518145900,226.810,226.810,226.810,226.810,0
20260518150000,226.750,226.750,226.750,226.750,85
20260519093000,227.770,227.770,227.770,227.770,20
20260519093100,227.770,228.550,227.000,228.320,228
20260519093200,228.320,229.130,228.150,228.460,206
20260519093300,228.410,228.410,227.730,228.310,81
20260519093400,228.310,228.310,227.080,227.910,138
20260519093500,227.720,228.310,227.720,228.300,47
20260519093600,228.290,228.300,227.490,227.680,37
20260519093700,227.770,228.470,227.770,227.880,101
20260519093800,227.750,228.080,227.750,228.080,21
20260519093900,227.680,228.560,227.680,228.100,41
20260519094000,228.130,228.730,228.100,228.270,152
20260519094100,228.020,228.020,226.580,226.620,170
20260519094200,226.620,226.740,226.020,226.560,71
20260519094300,226.720,227.470,226.580,226.580,69
20260519094400,226.580,226.790,226.040,226.790,47
20260519094500,226.930,227.000,226.410,227.000,49
20260519094600,226.480,226.760,226.420,226.760,56
20260519094700,226.750,226.750,226.400,226.400,91
20260519094800,226.410,226.410,225.790,225.990,65
20260519094900,225.610,226.070,225.610,226.030,41
20260519095000,226.000,226.160,225.630,225.640,63
20260519095100,226.220,226.220,226.090,226.150,17
20260519095200,226.160,226.160,225.670,225.730,55
20260519095300,225.730,226.140,225.730,225.730,43
20260519095400,226.110,226.110,225.780,225.780,13
20260519095500,225.950,225.990,225.510,225.990,189
20260519095600,225.900,226.110,225.600,226.110,30
20260519095700,226.000,226.090,225.720,225.720,36
20260519095800,225.850,226.110,225.750,225.850,42
20260519095900,225.840,226.050,225.610,225.860,44
20260519100000,226.080,226.260,225.700,225.790,63
20260519100100,226.040,226.040,225.640,225.650,30
20260519100200,225.800,225.810,225.300,225.520,80
20260519100300,225.520,225.760,225.410,225.450,25
20260519100400,225.450,225.760,225.450,225.450,16
20260519100500,225.400,225.640,225.150,225.450,58
20260519100600,225.440,225.440,225.440,225.440,5
20260519100700,225.470,226.080,225.470,225.710,50
20260519100800,225.710,225.710,225.150,225.150,26
20260519100900,225.630,225.670,225.220,225.220,18
20260519101000,225.220,225.350,225.200,225.200,35
20260519101100,225.190,225.670,225.190,225.500,55
20260519101200,225.480,225.860,225.220,225.860,43
20260519101300,226.070,226.130,225.940,226.080,47
20260519101400,226.040,226.040,225.400,225.540,28
20260519101500,225.550,225.640,225.400,225.640,34
20260519101600,225.650,225.930,225.650,225.870,21
20260519101700,226.090,226.100,225.660,225.660,26
20260519101800,226.070,226.070,225.650,225.860,23
20260519101900,225.440,225.660,225.280,225.660,20
20260519102000,225.670,225.770,225.350,225.760,34
20260519102100,225.760,225.860,225.260,225.700,72
20260519102200,225.700,225.700,225.270,225.270,16
20260519102300,225.590,225.590,225.250,225.550,10
20260519102400,225.200,225.200,224.500,224.500,306
20260519102500,224.510,224.850,224.510,224.850,16
20260519102600,224.300,224.610,224.200,224.570,89
20260519102700,224.670,225.080,224.610,224.650,42
20260519102800,224.660,224.660,224.350,224.360,14
20260519102900,224.350,224.690,224.350,224.690,35
20260519103000,224.350,224.440,224.070,224.440,53
20260519103100,224.450,224.520,224.080,224.520,17
20260519103200,224.530,224.750,224.070,224.750,65
20260519103300,224.850,224.850,224.300,224.300,13
20260519103400,224.570,224.650,224.570,224.650,50
20260519103500,224.690,225.130,224.690,225.130,60
20260519103600,225.380,225.610,224.980,225.610,61
20260519103700,225.610,225.610,225.220,225.490,32
20260519103800,225.510,225.590,225.330,225.330,41
20260519103900,225.580,226.000,225.360,225.720,94
20260519104000,225.790,225.840,225.390,225.760,30
20260519104100,225.360,225.430,224.720,225.430,70
20260519104200,225.430,225.590,225.340,225.340,26
20260519104300,225.430,225.740,225.430,225.440,28
20260519104400,225.390,225.390,225.380,225.390,18
20260519104500,225.360,225.740,225.360,225.740,39
20260519104600,225.730,226.640,225.440,226.380,171
20260519104700,226.680,226.680,226.390,226.600,25
20260519104800,226.600,226.710,226.410,226.690,70
20260519104900,226.380,226.380,225.760,225.850,122
20260519105000,225.640,225.740,225.410,225.740,18
20260519105100,225.310,225.780,225.310,225.760,28
20260519105200,225.330,225.330,225.070,225.070,28
20260519105300,224.900,224.900,224.690,224.690,10
20260519105400,224.690,224.690,224.550,224.550,25
20260519105500,224.780,224.780,224.520,224.520,23
20260519105600,224.550,224.720,224.530,224.710,32
20260519105700,224.680,224.790,224.490,224.790,123
20260519105800,224.780,224.780,224.480,224.480,34
20260519105900,224.490,224.490,224.200,224.200,27
20260519110000,224.220,224.600,224.220,224.520,16
20260519110100,224.580,224.580,224.570,224.580,22
20260519110200,224.230,224.760,224.230,224.330,32
20260519110300,224.630,224.700,224.630,224.700,6
20260519110400,224.730,224.730,224.390,224.390,19
20260519110500,224.400,224.990,224.380,224.990,53
20260519110600,224.990,225.270,224.890,224.890,12
20260519110700,224.890,225.130,224.890,224.900,8
20260519110800,225.130,225.170,224.630,224.630,33
20260519110900,225.000,225.000,224.600,224.600,8
20260519111000,225.000,225.000,224.390,224.390,20
20260519111100,224.840,224.870,224.530,224.870,43
20260519111200,224.930,225.020,224.930,225.020,22
20260519111300,225.100,225.320,224.810,224.810,27
20260519111400,224.790,224.960,224.530,224.960,36
20260519111500,225.120,225.130,224.630,224.630,14
20260519111600,224.930,225.340,224.540,225.310,70
20260519111700,225.310,225.350,225.030,225.350,8
20260519111800,225.350,225.350,224.820,224.830,66
20260519111900,225.330,225.410,225.330,225.400,28
20260519112000,225.400,225.400,225.350,225.350,6
20260519112100,224.930,225.300,224.840,224.840,23
20260519112200,224.860,225.300,224.760,225.300,62
20260519112300,225.460,225.870,225.360,225.360,53
20260519112400,225.840,225.920,225.370,225.920,31
20260519112500,225.410,225.900,225.410,225.880,30
20260519112600,225.880,225.880,225.550,225.550,0
20260519112700,225.380,225.800,225.380,225.800,20
20260519112800,225.840,225.880,225.440,225.440,18
20260519112900,225.450,225.780,225.180,225.640,36
20260519113000,225.170,225.590,224.950,224.950,11
20260519130100,225.480,225.480,224.750,224.840,65
20260519130200,225.380,225.410,224.890,225.410,17
20260519130300,224.920,224.920,224.230,224.520,76
20260519130400,224.370,224.500,224.180,224.500,24
20260519130500,224.210,224.850,224.060,224.300,123
20260519130600,224.060,224.060,223.600,223.860,154
20260519130700,223.760,223.760,223.130,223.500,118
20260519130800,223.490,223.550,223.310,223.310,31
20260519130900,223.310,223.520,223.310,223.430,53
20260519131000,223.430,223.820,223.430,223.540,12
20260519131100,223.550,223.550,223.330,223.330,23
20260519131200,223.350,223.570,223.350,223.570,28
20260519131300,223.720,224.780,223.720,224.780,56
20260519131400,224.710,225.020,224.710,224.980,21
20260519131500,225.250,225.400,225.000,225.380,85
20260519131600,225.020,225.020,224.480,224.480,33
20260519131700,224.890,224.890,224.460,224.460,24
20260519131800,224.470,224.470,224.370,224.370,16
20260519131900,224.700,224.700,224.290,224.290,4
20260519132000,224.270,224.270,224.000,224.060,26
20260519132100,224.390,224.390,223.610,223.610,36
20260519132200,223.610,223.930,223.610,223.890,13
20260519132300,223.890,223.900,223.500,223.500,28
20260519132400,223.510,223.870,223.510,223.530,18
20260519132500,223.590,223.590,223.530,223.530,28
20260519132600,223.530,223.570,223.530,223.570,18
20260519132700,223.800,223.850,223.560,223.600,24
20260519132800,223.830,223.880,223.590,223.880,34
20260519132900,223.930,224.400,223.930,224.050,53
20260519133000,224.060,224.060,223.620,223.620,17
20260519133100,223.740,224.150,223.710,224.080,15
20260519133200,223.680,223.780,223.680,223.780,21
20260519133300,223.540,223.970,223.530,223.600,26
20260519133400,223.600,223.740,223.560,223.740,66
20260519133500,223.550,223.770,223.530,223.770,20
20260519133600,223.540,223.840,223.540,223.550,33
20260519133700,223.540,223.940,223.540,223.870,30
20260519133800,223.870,224.120,223.550,223.550,15
20260519133900,223.640,223.890,223.620,223.890,19
20260519134000,223.650,224.000,223.650,224.000,19
20260519134100,224.000,224.000,223.630,224.000,34
20260519134200,224.000,224.140,223.710,223.730,36
20260519134300,224.210,224.210,223.740,224.140,15
20260519134400,223.700,224.130,223.640,224.100,32
20260519134500,223.650,224.050,223.630,223.630,23
20260519134600,224.020,224.100,223.670,223.690,23
20260519134700,223.680,224.500,223.660,224.450,48
20260519134800,224.460,224.470,223.730,223.730,41
20260519134900,223.770,224.410,223.770,224.410,26
20260519135000,224.080,224.080,223.790,223.810,67
20260519135100,223.810,223.850,223.720,223.720,62
20260519135200,224.220,224.220,223.680,223.680,81
20260519135300,223.680,223.680,223.130,223.130,211
20260519135400,223.320,223.320,223.030,223.030,108
20260519135500,223.100,223.210,223.030,223.210,77
20260519135600,223.210,223.310,223.120,223.310,43
20260519135700,223.130,223.130,223.070,223.070,51
20260519135800,223.060,223.300,223.000,223.010,43
20260519135900,223.020,223.330,223.010,223.010,94
20260519140000,223.000,223.310,223.000,223.010,63
20260519140100,223.000,223.000,222.520,222.520,172
20260519140200,222.500,223.010,222.500,223.010,61
20260519140300,223.010,223.040,222.520,222.520,123
20260519140400,222.880,223.210,222.510,223.210,49
20260519140500,223.070,223.880,223.070,223.500,48
20260519140600,223.520,223.630,223.070,223.070,46
20260519140700,223.080,223.370,222.800,223.370,31
20260519140800,222.920,222.920,222.620,222.620,51
20260519140900,222.600,223.510,222.600,223.510,40
20260519141000,223.530,223.530,222.830,222.850,51
20260519141100,222.840,223.270,222.820,222.820,32
20260519141200,223.280,223.360,222.900,223.360,37
20260519141300,223.350,223.800,223.350,223.360,42
20260519141400,223.360,223.710,223.360,223.400,31
20260519141500,223.700,223.700,223.350,223.350,47
20260519141600,223.360,223.470,223.350,223.470,31
20260519141700,223.350,223.470,223.000,223.010,44
20260519141800,223.000,223.440,222.940,222.950,39
20260519141900,222.960,223.720,222.960,223.200,65
20260519142000,223.730,223.780,223.320,223.730,28
20260519142100,223.390,223.800,223.240,223.680,50
20260519142200,223.670,223.670,223.130,223.300,47
20260519142300,223.250,223.250,223.080,223.080,24
20260519142400,223.570,223.570,223.000,223.490,62
20260519142500,223.500,223.530,223.000,223.090,134
20260519142600,223.530,223.550,223.080,223.460,48
20260519142700,223.560,223.900,223.280,223.830,41
20260519142800,223.860,223.860,223.630,223.660,42
20260519142900,223.770,223.850,223.730,223.830,38
20260519143000,223.830,223.830,223.280,223.770,85
20260519143100,223.870,223.920,223.430,223.790,48
20260519143200,223.980,224.070,223.310,224.070,119
20260519143300,224.070,224.300,223.830,223.830,123
20260519143400,223.600,223.610,223.600,223.610,27
20260519143500,223.840,223.840,223.480,223.840,45
20260519143600,223.850,223.900,223.520,223.520,46
20260519143700,223.870,223.870,223.430,223.430,46
20260519143800,223.430,223.950,223.360,223.850,77
20260519143900,223.920,223.950,223.480,223.480,51
20260519144000,223.490,223.750,223.420,223.540,50
20260519144100,223.530,223.740,223.440,223.460,30
20260519144200,223.450,224.030,223.450,224.030,103
20260519144300,224.000,224.000,223.540,223.540,27
20260519144400,223.530,223.840,223.120,223.430,63
20260519144500,223.540,223.980,223.540,223.920,44
20260519144600,223.620,223.860,223.480,223.540,68
20260519144700,223.540,223.900,223.500,223.890,56
20260519144800,223.470,223.890,223.390,223.500,64
20260519144900,223.820,223.820,223.130,223.130,71
20260519145000,223.540,223.890,223.090,223.890,69
20260519145100,223.890,223.990,223.500,223.770,66
20260519145200,223.960,224.000,223.710,224.000,47
20260519145300,223.990,224.020,223.710,223.710,62
20260519145400,223.710,223.780,223.560,223.590,43
20260519145500,224.020,224.030,223.580,224.010,45
20260519145600,223.620,224.000,223.320,223.320,133
20260519145700,223.350,224.030,223.330,223.450,79
20260519145800,223.450,223.450,223.450,223.450,0
20260519145900,223.450,223.450,223.450,223.450,0
20260519150000,224.030,224.030,224.030,224.030,209
20260520093000,224.500,224.500,224.500,224.500,16
20260520093100,224.100,224.100,222.950,222.950,49
20260520093200,223.050,223.050,220.050,220.050,140
20260520093300,220.050,220.980,220.050,220.980,180
20260520093400,220.940,222.000,220.540,221.660,115
20260520093500,222.830,222.830,221.480,221.710,55
20260520093600,221.690,222.500,221.480,222.500,65
20260520093700,222.480,222.480,221.270,221.270,95
20260520093800,221.730,221.780,221.280,221.680,56
20260520093900,222.090,222.090,221.690,222.040,94
20260520094000,221.720,223.060,221.710,223.060,167
20260520094100,223.070,223.150,221.950,222.190,90
20260520094200,221.900,222.360,221.750,221.760,61
20260520094300,221.680,222.080,221.630,221.630,55
20260520094400,221.990,221.990,221.220,221.450,61
20260520094500,221.500,221.500,221.030,221.090,140
20260520094600,221.150,221.620,221.150,221.590,18
20260520094700,221.340,221.660,220.880,221.000,87
20260520094800,220.880,221.070,220.630,220.970,52
20260520094900,220.980,220.980,220.540,220.540,63
20260520095000,220.550,221.170,220.550,221.160,53
20260520095100,221.000,221.210,220.710,221.160,50
20260520095200,221.140,221.970,221.140,221.970,54
20260520095300,221.670,221.940,221.360,221.400,51
20260520095400,221.760,221.780,221.160,221.330,48
20260520095500,221.250,221.750,221.000,221.150,76
20260520095600,221.010,221.350,221.010,221.150,10
20260520095700,221.150,221.150,220.800,221.000,38
20260520095800,221.000,221.000,220.610,220.980,17
20260520095900,220.990,220.990,220.570,220.570,72
20260520100000,220.560,220.800,219.880,219.880,402
20260520100100,219.540,220.030,219.530,219.560,74
20260520100200,219.540,219.670,219.010,219.010,189
20260520100300,218.600,219.180,218.520,218.590,150
20260520100400,218.590,219.000,218.550,218.820,99
20260520100500,218.820,219.000,218.550,218.620,138
20260520100600,218.550,219.440,218.500,218.810,223
20260520100700,218.660,219.300,218.590,219.000,212
20260520100800,219.000,219.000,218.700,218.720,20
20260520100900,218.770,219.000,218.700,219.000,48
20260520101000,219.000,219.300,218.980,219.000,45
20260520101100,219.270,219.370,219.230,219.230,21
20260520101200,219.000,219.280,218.970,218.970,48
20260520101300,218.890,218.890,218.600,218.890,65
20260520101400,218.610,219.120,218.610,219.110,21
20260520101500,218.800,219.030,218.660,219.030,17
20260520101600,219.050,219.060,218.700,218.750,26
20260520101700,219.110,219.430,219.040,219.050,36
20260520101800,219.050,219.320,219.050,219.070,15
20260520101900,219.040,219.040,218.870,218.870,44
20260520102000,219.150,219.200,218.870,219.200,81
20260520102100,218.820,219.190,218.820,219.000,32
20260520102200,219.000,219.280,218.860,219.260,45
20260520102300,219.280,219.280,218.860,218.860,35
20260520102400,218.920,219.140,218.790,219.140,33
20260520102500,219.110,219.110,218.840,219.100,7
20260520102600,219.110,219.140,218.840,218.870,12
20260520102700,218.860,219.510,218.860,219.510,142
20260520102800,219.520,219.530,219.150,219.160,38
20260520102900,219.380,219.390,218.840,218.840,52
20260520103000,219.240,219.280,218.870,219.280,94
20260520103100,219.280,219.280,218.960,219.260,24
20260520103200,218.980,219.260,218.980,219.260,17
20260520103300,219.380,219.510,219.010,219.240,43
20260520103400,219.440,219.830,219.220,219.770,104
20260520103500,219.810,219.840,219.480,219.840,16
20260520103600,219.840,220.270,219.520,220.030,117
20260520103700,220.000,220.000,219.790,219.790,24
20260520103800,220.000,220.040,219.770,219.990,51
20260520103900,220.010,220.010,219.390,219.390,99
20260520104000,219.760,219.890,219.450,219.860,68
20260520104100,219.800,219.800,219.500,219.500,24
20260520104200,219.790,219.790,219.400,219.400,28
20260520104300,219.390,219.390,218.900,218.900,119
20260520104400,218.900,218.900,218.750,218.750,51
20260520104500,218.980,218.980,218.980,218.980,2
20260520104600,218.760,218.760,218.110,218.110,222
20260520104700,218.000,218.030,217.360,217.600,315
20260520104800,218.120,218.230,217.610,218.230,36
20260520104900,218.220,218.220,218.010,218.020,16
20260520105000,218.020,218.730,218.020,218.730,14
20260520105100,218.110,219.630,218.110,218.910,179
20260520105200,219.020,219.340,219.020,219.310,82
20260520105300,219.030,219.800,219.030,219.800,54
20260520105400,219.800,219.800,219.510,219.790,19
20260520105500,219.790,219.790,219.560,219.700,26
20260520105600,219.560,219.700,219.000,219.000,103
20260520105700,219.300,219.700,219.110,219.690,55
20260520105800,219.470,220.000,219.470,220.000,27
20260520105900,220.000,220.000,219.600,220.000,27
20260520110000,220.000,220.000,219.610,220.000,16
20260520110100,220.000,220.060,219.610,220.030,24
20260520110200,219.810,220.060,219.810,219.810,22
20260520110300,220.090,220.100,219.840,219.840,21
20260520110400,219.830,220.080,219.620,220.080,34
20260520110500,220.080,220.080,219.590,219.590,24
20260520110600,219.990,219.990,219.760,219.770,18
20260520110700,219.970,219.990,219.590,219.990,27
20260520110800,219.990,220.050,219.990,220.050,14
20260520110900,219.890,220.050,219.890,220.050,9
20260520111000,220.050,220.050,219.820,219.880,20
20260520111100,219.890,219.890,219.890,219.890,7
20260520111200,219.970,220.090,219.970,220.070,30
20260520111300,220.070,220.100,220.010,220.100,20
20260520111400,220.030,220.030,219.700,219.950,27
20260520111500,220.000,220.120,220.000,220.120,33
20260520111600,220.120,220.470,220.110,220.110,68
20260520111700,220.130,220.320,220.120,220.120,20
20260520111800,220.030,220.030,219.950,219.950,19
20260520111900,220.090,220.090,220.090,220.090,2
20260520112000,220.100,220.100,220.100,220.100,5
20260520112100,220.120,220.300,220.120,220.300,20
20260520112200,220.090,220.320,220.000,220.170,39
20260520112300,220.170,220.310,220.040,220.290,16
20260520112400,220.020,220.270,220.020,220.270,19
20260520112500,220.150,220.270,220.120,220.120,29
20260520112600,220.030,220.240,220.030,220.240,9
20260520112700,220.300,220.550,220.300,220.550,37
20260520112800,221.100,221.550,221.100,221.550,272
20260520112900,221.550,221.550,221.090,221.090,9
20260520113000,220.870,221.180,220.870,221.180,12
20260520130100,221.140,222.530,221.020,222.500,262
20260520130200,222.330,223.210,222.330,223.000,143
20260520130300,223.160,223.800,223.160,223.730,109
20260520130400,223.730,224.680,223.680,224.300,167
20260520130500,224.500,224.500,224.260,224.400,66
20260520130600,224.390,224.480,224.110,224.430,99
20260520130700,224.470,224.800,224.150,224.800,229
20260520130800,224.790,225.850,224.780,225.850,257
20260520130900,225.550,225.900,225.550,225.810,57
20260520131000,225.900,226.490,225.880,226.420,154
20260520131100,226.170,226.400,226.170,226.400,44
20260520131200,226.400,226.460,226.190,226.420,61
20260520131300,226.400,226.400,226.200,226.390,42
20260520131400,226.400,226.500,226.070,226.500,98
20260520131500,226.070,227.010,226.070,226.910,260
20260520131600,226.910,227.320,226.660,226.660,157
20260520131700,226.680,226.690,226.240,226.350,55
20260520131800,226.460,226.980,226.460,226.850,70
20260520131900,226.880,226.950,226.470,226.470,57
20260520132000,226.480,226.480,226.010,226.010,51
20260520132100,226.230,226.900,226.230,226.840,50
20260520132200,226.840,226.880,226.470,226.470,48
20260520132300,226.860,226.860,225.130,225.160,188
20260520132400,225.310,225.960,225.310,225.950,12
20260520132500,225.500,225.880,225.270,225.270,26
20260520132600,225.270,225.520,224.980,225.010,73
20260520132700,225.440,225.440,224.750,225.410,29
20260520132800,224.890,225.100,224.860,224.860,22
20260520132900,224.700,225.010,224.530,225.010,42
20260520133000,225.260,225.260,224.300,224.320,31
20260520133100,224.310,224.780,224.130,224.720,22
20260520133200,224.720,224.720,224.720,224.720,0
20260520133300,224.350,224.350,224.000,224.210,22
20260520133400,224.190,224.560,224.190,224.560,6
20260520133500,224.590,224.690,224.590,224.690,16
20260520133600,224.690,225.090,224.690,225.000,53
20260520133700,225.080,225.080,224.200,224.200,58
20260520133800,224.230,224.790,224.230,224.790,16
20260520133900,224.800,224.800,224.220,224.220,40
20260520134000,224.670,224.780,224.250,224.780,9
20260520134100,224.780,224.860,224.410,224.860,11
20260520134200,224.450,224.450,224.450,224.450,6
20260520134300,224.210,224.880,224.210,224.880,35
20260520134400,224.870,224.870,224.860,224.870,11
20260520134500,224.880,225.050,224.880,225.050,34
20260520134600,224.650,224.660,224.650,224.660,11
20260520134700,224.640,225.040,224.340,224.360,42
20260520134800,224.030,224.580,224.030,224.080,23
20260520134900,224.180,224.580,224.180,224.580,15
20260520135000,224.580,224.580,224.570,224.570,15
20260520135100,224.580,224.670,224.280,224.670,22
20260520135200,224.670,224.780,224.570,224.570,34
20260520135300,224.230,224.580,224.230,224.360,52
20260520135400,224.660,224.680,224.520,224.680,12
20260520135500,224.690,224.760,224.690,224.760,6
20260520135600,224.410,224.730,224.410,224.690,10
20260520135700,224.420,224.680,224.360,224.360,26
20260520135800,224.620,224.640,224.610,224.640,16
20260520135900,224.380,224.610,224.380,224.610,10
20260520140000,224.370,224.370,224.250,224.360,34
20260520140100,224.150,224.150,223.820,224.100,65
20260520140200,224.390,224.480,223.870,224.100,22
20260520140300,224.490,224.580,224.100,224.580,36
20260520140400,224.570,224.570,224.130,224.550,13
20260520140500,224.550,224.550,224.490,224.490,14
20260520140600,224.480,224.480,224.190,224.190,6
20260520140700,224.490,224.530,224.340,224.500,23
20260520140800,224.200,224.200,224.010,224.010,34
20260520140900,224.100,224.100,224.100,224.100,2
20260520141000,223.840,224.090,223.840,224.000,12
20260520141100,223.630,224.000,223.630,224.000,8
20260520141200,223.660,223.980,223.620,223.620,22
20260520141300,223.630,223.910,223.620,223.910,8
20260520141400,223.910,223.910,223.910,223.910,6
20260520141500,223.600,223.920,223.600,223.920,17
20260520141600,223.920,223.920,223.500,223.510,25
20260520141700,223.830,223.920,223.520,223.920,18
20260520141800,223.920,223.920,223.920,223.920,0
20260520141900,223.620,223.910,223.620,223.910,7
20260520142000,223.910,223.910,223.610,223.800,10
20260520142100,223.800,224.520,223.620,224.500,60
20260520142200,224.500,224.500,224.500,224.500,4
20260520142300,224.070,224.600,224.070,224.230,70
20260520142400,224.640,224.640,223.960,224.130,77
20260520142500,224.010,224.010,223.640,223.640,21
20260520142600,223.650,223.650,223.030,223.030,25
20260520142700,223.310,224.130,223.310,224.060,110
20260520142800,223.490,224.040,223.480,224.000,89
20260520142900,224.020,224.030,223.650,223.650,12
20260520143000,224.000,224.010,223.630,223.630,6
20260520143100,224.010,224.010,223.640,223.640,12
20260520143200,223.640,223.980,223.640,223.950,20
20260520143300,223.660,224.010,223.660,224.010,27
20260520143400,224.010,224.010,223.660,224.010,30
20260520143500,224.010,224.110,223.700,224.110,31
20260520143600,224.100,224.750,223.930,224.520,140
20260520143700,224.490,224.490,224.000,224.310,24
20260520143800,224.310,224.310,223.840,223.880,23
20260520143900,223.820,223.860,223.600,223.830,37
20260520144000,223.550,223.640,223.290,223.400,114
20260520144100,223.490,223.830,223.420,223.420,77
20260520144200,223.580,223.590,223.380,223.580,22
20260520144300,223.440,223.840,223.380,223.840,57
20260520144400,223.880,224.350,223.670,223.810,40
20260520144500,223.320,224.070,223.320,224.050,86
20260520144600,223.710,224.050,223.710,223.720,22
20260520144700,224.040,224.130,223.720,224.130,33
20260520144800,223.800,224.110,223.800,223.840,22
20260520144900,223.840,224.100,223.760,223.760,23
20260520145000,223.780,224.050,223.750,224.050,20
20260520145100,223.790,224.110,223.790,224.070,37
20260520145200,224.200,224.200,223.950,224.190,94
20260520145300,224.190,224.440,224.090,224.290,57
20260520145400,224.150,224.440,224.150,224.430,57
20260520145500,224.410,224.420,223.520,224.030,91
20260520145600,224.450,224.450,224.000,224.000,65
20260520145700,224.350,224.450,224.010,224.450,71
20260520145800,224.450,224.450,224.450,224.450,0
20260520145900,224.450,224.450,224.450,224.450,0
20260520150000,224.000,224.000,224.000,224.000,70
20260521093000,222.640,222.640,222.640,222.640,5
20260521093100,223.760,224.500,222.600,224.080,105
20260521093200,223.970,225.800,223.970,225.790,142
20260521093300,225.800,226.000,224.600,225.610,122
20260521093400,225.390,226.600,225.070,226.520,141
20260521093500,226.300,227.240,226.300,227.060,163
20260521093600,227.180,227.240,226.980,226.980,170
20260521093700,227.240,227.900,227.200,227.460,321
20260521093800,227.900,227.920,227.000,227.000,141
20260521093900,227.450,228.280,227.190,227.560,307
20260521094000,227.550,228.250,227.490,228.020,142
20260521094100,228.260,228.280,227.450,228.000,201
20260521094200,228.130,228.170,227.750,227.810,28
20260521094300,227.450,228.100,227.370,227.770,166
20260521094400,227.630,227.960,227.600,227.700,30
20260521094500,227.580,227.650,226.310,226.480,118
20260521094600,226.210,226.210,225.160,225.580,61
20260521094700,225.580,225.790,225.270,225.280,85
20260521094800,225.550,225.690,225.220,225.510,34
20260521094900,225.800,225.800,225.000,225.020,124
20260521095000,224.920,225.330,224.910,224.910,88
20260521095100,225.000,225.650,225.000,225.550,105
20260521095200,225.120,225.340,225.000,225.000,100
20260521095300,224.990,225.110,224.500,224.500,64
20260521095400,224.500,225.000,224.500,224.960,70
20260521095500,224.960,225.860,224.960,225.600,107
20260521095600,225.600,227.070,225.600,227.000,290
20260521095700,227.000,227.060,226.530,226.570,243
20260521095800,226.580,226.580,225.600,225.760,103
20260521095900,226.150,226.180,225.460,225.800,155
20260521100000,225.810,227.290,225.670,227.290,153
20260521100100,227.280,228.850,227.280,228.780,541
20260521100200,229.290,229.880,229.290,229.360,483
20260521100300,229.370,229.370,228.480,228.900,88
20260521100400,228.950,230.450,228.090,230.280,434
20260521100500,230.670,231.320,230.500,231.170,331
20260521100600,231.160,231.170,230.320,230.320,160
20260521100700,229.970,230.210,229.090,229.090,101
20260521100800,229.440,229.440,228.640,228.860,152
20260521100900,229.290,229.840,229.290,229.840,60
20260521101000,229.850,229.890,229.800,229.890,55
20260521101100,229.750,230.330,229.230,230.330,145
20260521101200,230.490,231.890,230.000,231.710,330
20260521101300,231.880,232.390,231.710,232.000,244
20260521101400,231.860,231.860,230.450,231.290,92
20260521101500,230.660,231.270,230.660,230.660,122
20260521101600,230.680,230.680,229.320,229.320,72
20260521101700,229.720,230.150,229.050,229.050,168
20260521101800,229.010,229.320,228.870,229.150,73
20260521101900,229.150,229.210,229.000,229.210,54
20260521102000,229.260,229.750,229.260,229.400,30
20260521102100,229.360,229.490,229.150,229.150,45
20260521102200,229.150,229.160,229.130,229.130,34
20260521102300,229.130,229.130,227.960,228.510,323
20260521102400,228.440,229.360,228.440,229.360,59
20260521102500,229.340,229.340,229.000,229.340,15
20260521102600,228.930,228.930,228.500,228.500,60
20260521102700,228.880,228.880,228.510,228.530,16
20260521102800,228.880,228.890,228.520,228.890,20
20260521102900,228.540,228.890,228.530,228.560,39
20260521103000,228.850,229.340,228.570,229.330,31
20260521103100,229.350,230.090,229.050,230.090,66
20260521103200,229.700,230.160,228.600,229.530,57
20260521103300,229.540,229.580,228.940,229.570,33
20260521103400,229.630,230.710,229.250,230.400,64
20260521103500,230.570,230.570,230.120,230.130,25
20260521103600,230.510,230.510,229.660,230.280,96
20260521103700,229.940,230.940,229.940,230.720,68
20260521103800,230.620,231.000,230.620,230.650,93
20260521103900,230.330,230.730,229.880,230.000,36
20260521104000,230.000,230.000,229.290,229.880,84
20260521104100,229.800,230.300,229.800,229.810,62
20260521104200,229.770,230.270,229.770,230.260,46
20260521104300,229.760,230.290,229.760,229.780,53
20260521104400,229.780,229.780,229.330,229.330,89
20260521104500,229.310,229.710,229.310,229.310,44
20260521104600,229.270,229.430,229.270,229.270,24
20260521104700,229.530,229.530,228.560,228.570,140
20260521104800,228.990,228.990,228.600,228.610,16
20260521104900,228.600,228.990,228.540,228.990,36
20260521105000,229.080,229.860,229.080,229.320,84
20260521105100,229.900,229.980,229.880,229.980,14
20260521105200,229.990,229.990,229.660,229.990,8
20260521105300,229.670,229.670,229.390,229.590,46
20260521105400,229.610,229.610,229.140,229.140,32
20260521105500,229.500,229.500,229.140,229.500,8
20260521105600,229.600,229.770,229.600,229.770,25
20260521105700,229.400,229.770,229.400,229.770,17
20260521105800,229.870,230.000,229.820,229.820,18
20260521105900,229.640,230.060,229.010,229.010,103
20260521110000,229.200,229.200,229.200,229.200,8
20260521110100,229.000,229.000,228.500,229.000,56
20260521110200,229.000,229.000,228.520,228.520,52
20260521110300,228.520,228.790,228.510,228.790,18
20260521110400,228.550,228.750,228.550,228.750,6
20260521110500,228.750,228.830,228.660,228.660,41
20260521110600,228.660,228.660,228.660,228.660,7
20260521110700,228.530,228.800,228.500,228.800,28
20260521110800,228.830,228.830,228.500,228.500,38
20260521110900,228.500,228.700,228.440,228.700,13
20260521111000,228.800,229.030,228.600,229.030,71
20260521111100,228.990,228.990,228.470,228.470,26
20260521111200,229.010,229.010,228.420,228.420,37
20260521111300,228.200,228.600,228.200,228.600,9
20260521111400,228.230,228.230,228.230,228.230,2
20260521111500,228.260,228.590,228.240,228.590,13
20260521111600,228.600,228.600,228.250,228.250,41
20260521111700,228.490,228.490,228.040,228.040,31
20260521111800,228.040,228.040,227.580,227.800,112
20260521111900,227.900,227.960,227.300,227.960,86
20260521112000,227.880,227.990,227.590,227.990,12
20260521112100,228.000,228.330,227.910,228.330,32
20260521112200,228.490,228.850,228.490,228.500,15
20260521112300,228.790,228.920,228.300,228.790,53
20260521112400,228.800,228.800,228.240,228.240,24
20260521112500,228.180,228.750,228.180,228.220,37
20260521112600,228.210,228.210,228.060,228.060,25
20260521112700,228.070,228.180,227.600,228.000,53
20260521112800,228.000,228.110,228.000,228.110,12
20260521112900,228.010,228.010,227.660,227.660,15
20260521113000,227.620,227.620,227.200,227.200,54
20260521130100,227.080,227.900,227.080,227.900,67
20260521130200,228.070,228.080,227.730,227.730,26
20260521130300,228.200,228.200,227.600,227.600,53
20260521130400,228.070,228.200,227.560,228.200,52
20260521130500,228.200,228.200,228.080,228.200,34
20260521130600,228.160,228.160,227.730,227.730,19
20260521130700,227.740,227.990,227.170,227.990,30
20260521130800,227.990,228.700,227.990,228.250,47
20260521130900,228.240,228.240,227.930,228.220,21
20260521131000,227.930,227.930,227.030,227.030,48
20260521131100,227.120,227.120,226.600,226.940,40
20260521131200,226.940,226.940,226.720,226.720,22
20260521131300,226.720,227.230,226.720,227.230,22
20260521131400,227.050,227.050,227.050,227.050,2
20260521131500,227.290,227.290,226.950,227.000,34
20260521131600,227.070,227.280,227.070,227.130,10
20260521131700,226.940,226.940,226.300,226.750,65
20260521131800,226.430,226.820,226.430,226.500,57
20260521131900,226.500,226.500,226.100,226.100,56
20260521132000,226.120,226.120,226.100,226.100,10
20260521132100,226.310,226.390,226.100,226.390,59
20260521132200,226.390,226.390,226.010,226.010,103
20260521132300,226.000,226.310,225.500,226.190,139
20260521132400,226.310,226.310,225.820,225.820,36
20260521132500,226.310,226.930,226.310,226.870,23
20260521132600,226.530,226.600,225.900,225.950,41
20260521132700,225.960,225.960,225.900,225.900,23
20260521132800,225.900,225.900,225.890,225.890,18
20260521132900,226.190,226.450,225.470,226.450,72
20260521133000,226.600,226.600,226.230,226.380,49
20260521133100,226.810,226.810,226.310,226.310,15
20260521133200,226.300,226.620,226.230,226.620,20
20260521133300,226.620,226.620,226.110,226.240,45
20260521133400,226.250,226.760,226.250,226.760,38
20260521133500,226.320,226.760,226.140,226.140,57
20260521133600,226.100,226.180,225.840,225.880,32
20260521133700,226.470,226.720,226.470,226.660,21
20260521133800,226.600,226.880,226.600,226.880,31
20260521133900,226.410,226.810,226.410,226.810,8
20260521134000,226.390,226.780,226.380,226.380,13
20260521134100,226.390,226.740,226.380,226.740,12
20260521134200,226.730,226.730,226.050,226.130,122
20260521134300,226.120,226.510,226.120,226.510,6
20260521134400,226.520,226.540,226.030,226.540,19
20260521134500,226.530,226.530,226.530,226.530,4
20260521134600,226.170,226.540,226.170,226.540,19
20260521134700,226.180,226.540,226.120,226.530,17
20260521134800,226.610,226.800,226.530,226.800,36
20260521134900,226.780,227.610,226.690,227.180,48
20260521135000,227.170,227.170,226.120,226.150,30
20260521135100,226.170,226.170,226.170,226.170,2
20260521135200,226.350,226.350,226.060,226.060,22
20260521135300,226.030,226.290,226.030,226.040,11
20260521135400,226.280,226.280,226.040,226.050,18
20260521135500,226.280,226.800,226.270,226.270,30
20260521135600,226.270,226.270,225.510,225.980,46
20260521135700,225.990,226.010,225.610,226.000,12
20260521135800,226.000,226.460,225.580,226.460,38
20260521135900,226.350,226.350,226.230,226.230,15
20260521140000,226.230,226.250,225.620,226.000,41
20260521140100,225.950,226.490,225.880,225.940,22
20260521140200,225.920,225.970,225.630,225.630,18
20260521140300,225.970,225.970,225.560,225.560,38
20260521140400,225.960,225.960,225.560,225.560,22
20260521140500,225.980,225.980,225.490,225.490,16
20260521140600,225.500,225.930,225.500,225.930,9
20260521140700,225.930,225.930,225.730,225.730,21
20260521140800,225.280,226.140,225.280,225.960,55
20260521140900,226.070,226.230,225.490,226.160,30
20260521141000,225.510,226.050,225.490,226.050,26
20260521141100,225.520,226.070,225.520,226.070,13
20260521141200,226.060,226.090,225.530,225.810,32
20260521141300,225.560,225.820,225.110,225.110,81
20260521141400,225.740,225.740,225.110,225.520,8
20260521141500,225.520,225.720,225.110,225.110,41
20260521141600,225.110,225.520,225.110,225.410,35
20260521141700,225.400,225.400,224.240,225.000,233
20260521141800,224.310,224.740,224.310,224.440,38
20260521141900,224.490,225.000,224.460,224.460,56
20260521142000,224.920,224.920,224.440,224.880,27
20260521142100,224.430,224.620,224.310,224.530,55
20260521142200,224.540,224.610,224.360,224.460,12
20260521142300,224.460,224.460,224.210,224.210,29
20260521142400,224.180,224.210,224.100,224.100,37
20260521142500,224.080,224.360,224.010,224.010,37
20260521142600,224.000,224.260,223.500,223.500,71
20260521142700,223.500,223.970,223.500,223.580,44
20260521142800,223.540,223.560,223.100,223.330,64
20260521142900,223.140,223.400,222.680,222.680,97
20260521143000,222.720,222.840,222.700,222.840,27
20260521143100,223.060,223.380,222.570,222.570,117
20260521143200,222.570,222.780,222.570,222.570,60
20260521143300,222.780,222.830,222.570,222.750,40
20260521143400,222.750,222.930,222.600,222.900,35
20260521143500,222.680,222.900,222.030,222.030,74
20260521143600,222.340,222.440,222.030,222.230,60
20260521143700,222.220,222.600,221.500,222.600,196
20260521143800,222.590,222.970,221.710,222.500,40
20260521143900,222.510,222.640,222.400,222.640,42
20260521144000,222.670,222.750,222.010,222.440,60
20260521144100,222.290,222.670,222.000,222.120,91
20260521144200,222.420,222.450,221.600,222.440,84
20260521144300,222.440,222.440,221.670,222.440,49
20260521144400,221.720,222.450,221.660,222.000,47
20260521144500,221.980,222.610,221.980,222.610,16
20260521144600,222.020,222.560,222.020,222.050,47
20260521144700,222.540,222.560,222.030,222.070,23
20260521144800,222.040,222.560,222.030,222.030,77
20260521144900,222.530,223.630,222.530,223.460,67
20260521145000,222.720,223.370,222.090,223.140,57
20260521145100,222.210,222.720,222.020,222.150,116
20260521145200,222.420,222.690,222.410,222.690,31
20260521145300,222.430,222.690,222.180,222.190,112
20260521145400,222.170,222.400,222.090,222.110,71
20260521145500,222.250,222.660,222.250,222.650,162
20260521145600,222.220,222.640,221.700,221.730,132
20260521145700,221.700,222.390,221.650,221.720,121
20260521145800,221.720,221.720,221.720,221.720,0
20260521145900,221.720,221.720,221.720,221.720,0
20260521150000,221.930,221.930,221.930,221.930,280
20260522093000,226.000,226.000,226.000,226.000,83
20260522093100,221.020,224.560,221.020,222.230,96
20260522093200,222.240,222.240,220.200,220.220,243
20260522093300,220.220,221.130,220.220,220.850,125
20260522093400,220.980,220.980,219.760,219.760,256
20260522093500,219.770,221.230,219.570,220.660,137
20260522093600,221.020,221.180,220.010,220.160,57
20260522093700,220.150,221.020,220.150,220.950,27
20260522093800,220.210,220.210,219.320,219.820,126
20260522093900,219.950,219.950,219.130,219.140,80
20260522094000,219.140,219.980,219.000,219.530,128
20260522094100,219.490,219.870,219.290,219.870,49
20260522094200,219.390,219.860,219.300,219.300,79
20260522094300,219.530,219.740,219.150,219.740,93
20260522094400,219.790,220.000,219.760,219.990,103
20260522094500,219.990,219.990,219.320,219.590,69
20260522094600,219.830,219.830,219.520,219.820,41
20260522094700,219.520,219.610,219.300,219.540,31
20260522094800,219.000,219.000,218.520,218.580,218
20260522094900,218.580,219.390,218.580,219.220,27
20260522095000,219.220,219.230,219.040,219.040,77
20260522095100,219.000,219.250,219.000,219.150,45
20260522095200,219.190,219.200,219.020,219.190,23
20260522095300,219.160,219.160,218.800,218.800,29
20260522095400,218.680,218.680,218.300,218.590,196
20260522095500,218.770,219.180,218.480,219.180,52
20260522095600,218.930,218.930,218.580,218.830,55
20260522095700,218.820,218.820,218.550,218.690,93
20260522095800,218.700,218.880,218.650,218.660,35
20260522095900,218.650,218.660,218.110,218.110,132
20260522100000,218.150,218.350,218.120,218.350,40
20260522100100,218.340,218.380,218.120,218.120,42
20260522100200,218.290,218.290,218.010,218.040,179
20260522100300,218.180,218.250,217.860,217.930,201
20260522100400,217.930,218.220,217.930,218.110,53
20260522100500,218.010,218.950,218.010,218.660,44
20260522100600,218.940,218.940,218.370,218.400,70
20260522100700,218.670,218.670,218.000,218.250,82
20260522100800,218.630,218.660,218.280,218.340,12
20260522100900,218.340,218.340,217.560,217.560,171
20260522101000,217.520,217.600,217.360,217.360,221
20260522101100,217.350,217.840,217.330,217.840,45
20260522101200,217.650,218.150,217.650,217.670,34
20260522101300,217.570,217.900,217.550,217.900,47
20260522101400,217.980,218.220,217.500,217.540,100
20260522101500,218.070,218.160,217.350,217.540,43
20260522101600,217.540,217.540,217.300,217.430,62
20260522101700,217.250,217.250,217.030,217.230,93
20260522101800,217.300,217.740,217.160,217.470,32
20260522101900,217.270,217.410,217.130,217.400,36
20260522102000,217.090,217.230,217.020,217.230,47
20260522102100,217.240,217.260,217.100,217.260,20
20260522102200,217.350,217.550,217.050,217.550,75
20260522102300,217.620,217.620,217.030,217.160,65
20260522102400,217.140,217.400,216.810,216.960,239
20260522102500,217.190,217.310,217.020,217.310,19
20260522102600,217.300,217.500,216.980,216.980,45
20260522102700,216.980,217.320,216.980,217.020,24
20260522102800,217.280,217.280,216.550,216.800,88
20260522102900,217.050,217.070,216.600,216.600,17
20260522103000,216.430,216.430,216.150,216.220,80
20260522103100,216.690,216.700,216.200,216.250,46
20260522103200,216.410,216.770,216.410,216.700,38
20260522103300,216.700,217.000,216.460,216.530,70
20260522103400,216.530,216.900,216.530,216.900,17
20260522103500,216.700,217.030,216.700,216.870,25
20260522103600,216.840,217.500,216.840,217.410,53
20260522103700,217.380,217.390,217.380,217.390,17
20260522103800,217.440,217.480,217.440,217.480,14
20260522103900,217.450,217.850,217.440,217.570,98
20260522104000,217.700,217.700,217.200,217.430,21
20260522104100,217.430,217.430,217.050,217.050,25
20260522104200,217.140,217.530,217.140,217.530,30
20260522104300,217.850,218.000,217.760,218.000,9
20260522104400,217.960,217.960,217.560,217.760,74
20260522104500,217.900,218.120,217.900,218.030,10
20260522104600,217.890,217.940,217.540,217.660,22
20260522104700,217.630,217.650,217.630,217.640,13
20260522104800,217.630,217.630,217.620,217.620,6
20260522104900,217.300,217.610,217.300,217.610,10
20260522105000,217.620,218.110,217.620,218.110,19
20260522105100,218.070,218.070,217.480,217.480,10
20260522105200,217.790,218.090,217.790,218.090,11
20260522105300,218.090,218.090,217.420,217.420,6
20260522105400,217.450,217.610,217.360,217.370,32
20260522105500,217.400,217.810,217.400,217.810,14
20260522105600,217.770,217.990,217.770,217.990,17
20260522105700,217.840,218.310,217.680,218.180,30
20260522105800,218.160,218.160,217.700,218.150,22
20260522105900,217.810,218.200,217.810,218.200,15
20260522110000,218.200,218.200,218.170,218.170,4
20260522110100,218.170,218.170,217.510,217.830,24
20260522110200,217.780,217.830,217.770,217.830,12
20260522110300,217.510,217.720,217.500,217.720,35
20260522110400,217.720,217.790,217.530,217.790,21
20260522110500,217.780,217.790,217.760,217.790,8
20260522110600,217.790,217.840,217.790,217.840,27
20260522110700,217.840,217.840,217.610,217.730,17
20260522110800,217.830,217.830,217.520,217.520,23
20260522110900,217.590,217.590,217.500,217.500,11
20260522111000,217.590,217.640,217.500,217.500,20
20260522111100,217.500,217.560,217.080,217.460,55
20260522111200,217.080,217.290,217.080,217.290,25
20260522111300,217.080,217.580,217.000,217.580,70
20260522111400,217.460,217.460,217.000,217.220,26
20260522111500,217.050,217.320,216.800,216.800,65
20260522111600,216.600,216.600,216.350,216.560,58
20260522111700,216.500,216.700,216.360,216.700,17
20260522111800,216.600,216.650,216.500,216.610,31
20260522111900,216.630,216.670,216.410,216.670,27
20260522112000,216.430,216.640,216.430,216.640,20
20260522112100,216.630,216.630,215.770,215.770,336
20260522112200,215.650,216.050,215.520,216.050,62
20260522112300,216.050,216.060,216.050,216.060,8
20260522112400,216.000,216.320,215.990,216.320,40
20260522112500,216.330,216.330,216.010,216.290,9
20260522112600,216.290,216.580,216.290,216.570,19
20260522112700,216.460,216.470,216.440,216.470,8
20260522112800,216.470,216.720,216.220,216.720,48
20260522112900,216.720,216.750,216.430,216.430,6
20260522113000,216.610,216.800,216.610,216.780,28
20260522130100,216.330,217.960,216.330,217.200,112
20260522130200,217.000,217.000,216.800,217.000,45
20260522130300,216.730,216.850,216.420,216.470,47
20260522130400,216.900,216.900,215.760,216.000,102
20260522130500,216.000,218.110,215.960,218.110,461
20260522130600,218.660,218.770,218.300,218.770,99
20260522130700,218.770,219.590,218.540,219.590,60
20260522130800,219.160,219.180,218.960,219.160,26
20260522130900,218.990,219.000,218.470,218.470,42
20260522131000,218.440,218.650,218.110,218.630,244
20260522131100,218.410,218.620,218.140,218.140,45
20260522131200,218.050,218.050,217.770,217.870,11
20260522131300,217.760,217.940,217.730,217.940,33
20260522131400,217.940,217.940,217.840,217.940,16
20260522131500,217.920,217.920,217.830,217.880,10
20260522131600,217.920,218.120,217.510,217.770,54
20260522131700,217.860,217.870,217.750,217.750,45
20260522131800,217.740,217.870,217.740,217.870,25
20260522131900,217.770,217.770,217.660,217.720,31
20260522132000,217.410,218.100,217.410,218.100,43
20260522132100,218.060,218.160,217.650,217.980,30
20260522132200,218.000,218.020,217.640,218.010,26
20260522132300,217.820,217.950,217.520,217.560,33
20260522132400,217.560,217.890,217.560,217.720,16
20260522132500,217.500,217.720,217.400,217.400,19
20260522132600,217.720,217.800,217.330,217.420,32
20260522132700,217.410,217.640,217.200,217.380,45
20260522132800,217.380,217.380,217.380,217.380,0
20260522132900,217.300,217.440,217.110,217.140,110
20260522133000,217.510,218.440,217.010,218.000,174
20260522133100,217.770,218.750,217.740,218.750,233
20260522133200,218.770,218.780,218.260,218.370,170
20260522133300,218.370,218.760,217.800,217.800,62
20260522133400,217.990,218.130,217.820,218.130,41
20260522133500,217.950,218.710,217.940,218.690,51
20260522133600,218.260,218.690,218.260,218.440,81
20260522133700,218.720,218.880,218.720,218.830,47
20260522133800,218.680,218.810,218.680,218.810,9
20260522133900,218.800,218.800,218.610,218.780,39
20260522134000,218.800,218.870,218.780,218.780,45
20260522134100,218.860,218.860,218.730,218.730,37
20260522134200,218.790,218.860,218.790,218.860,25
20260522134300,218.860,218.860,218.690,218.690,57
20260522134400,218.670,218.780,218.670,218.780,68
20260522134500,218.770,218.770,218.370,218.370,27
20260522134600,218.660,218.800,218.660,218.720,21
20260522134700,218.750,218.750,218.420,218.420,23
20260522134800,218.700,218.810,218.700,218.750,26
20260522134900,218.750,218.810,218.750,218.800,22
20260522135000,218.630,218.810,218.630,218.810,9
20260522135100,219.000,219.430,219.000,219.290,187
20260522135200,219.290,219.290,218.780,219.000,19
20260522135300,219.000,219.170,218.630,219.100,21
20260522135400,218.830,219.040,218.470,218.830,33
20260522135500,218.650,219.270,218.650,219.270,59
20260522135600,219.280,219.280,218.630,218.640,26
20260522135700,218.990,219.240,218.410,218.410,49
20260522135800,218.060,218.900,218.060,218.220,32
20260522135900,218.210,218.990,217.820,218.990,152
20260522140000,218.990,219.050,218.920,218.920,33
20260522140100,218.910,218.960,218.830,218.830,42
20260522140200,218.950,218.990,218.830,218.990,43
20260522140300,218.990,219.230,218.990,219.180,74
20260522140400,219.140,219.140,218.970,218.970,9
20260522140500,218.830,218.830,218.250,218.710,58
20260522140600,218.720,219.060,218.720,219.060,27
20260522140700,219.050,219.520,218.800,219.520,118
20260522140800,219.500,219.520,218.720,218.720,83
20260522140900,219.050,219.400,219.050,219.050,86
20260522141000,219.050,219.050,218.770,219.050,60
20260522141100,219.050,219.050,218.890,219.020,30
20260522141200,219.020,219.020,218.770,219.010,24
20260522141300,218.750,218.940,218.710,218.900,41
20260522141400,218.340,219.020,218.340,219.020,33
20260522141500,219.030,219.280,218.580,219.200,67
20260522141600,219.190,219.190,218.710,219.160,19
20260522141700,219.170,219.190,218.710,218.960,49
20260522141800,218.960,218.960,218.560,218.950,65
20260522141900,218.950,218.950,218.810,218.810,37
20260522142000,218.940,218.940,218.940,218.940,16
20260522142100,218.700,218.930,218.470,218.470,48
20260522142200,218.700,218.700,218.390,218.700,26
20260522142300,218.390,218.890,218.380,218.400,64
20260522142400,218.780,218.810,218.260,218.790,130
20260522142500,218.780,218.900,218.440,218.880,126
20260522142600,218.870,218.890,218.420,218.890,37
20260522142700,218.890,218.890,218.450,218.870,77
20260522142800,218.890,218.890,218.480,218.880,47
20260522142900,218.490,218.500,218.450,218.490,36
20260522143000,218.490,218.650,218.490,218.650,27
20260522143100,218.620,218.620,218.580,218.580,9
20260522143200,218.600,218.890,218.550,218.550,61
20260522143300,218.590,218.590,218.500,218.500,22
20260522143400,218.560,218.560,218.110,218.110,45
20260522143500,218.230,218.240,217.820,217.820,84
20260522143600,218.220,218.220,218.220,218.220,12
20260522143700,218.210,218.210,217.890,217.890,26
20260522143800,218.180,218.180,217.900,218.150,18
20260522143900,218.090,218.130,217.890,217.890,33
20260522144000,217.890,218.000,217.810,218.000,100
20260522144100,218.000,218.060,217.690,218.060,28
20260522144200,218.050,218.110,217.730,217.730,26
20260522144300,217.740,218.110,217.740,217.970,23
20260522144400,217.970,217.970,217.930,217.940,33
20260522144500,217.950,217.980,217.770,217.980,83
20260522144600,218.000,218.050,217.770,217.770,71
20260522144700,217.770,217.770,217.560,217.570,101
20260522144800,217.580,217.770,217.560,217.770,59
20260522144900,217.580,217.580,217.500,217.510,61
20260522145000,217.490,217.770,217.220,217.760,82
20260522145100,217.520,217.760,217.250,217.580,86
20260522145200,217.650,217.650,217.540,217.560,21
20260522145300,217.540,217.970,217.540,217.970,59
20260522145400,217.880,217.880,217.560,217.850,76
20260522145500,217.850,218.150,217.610,218.150,146
20260522145600,217.610,218.120,217.560,217.560,49
20260522145700,217.980,217.980,217.220,217.310,51
20260522145800,217.310,217.310,217.310,217.310,0
20260522145900,217.310,217.310,217.310,217.310,0
20260522150000,217.200,217.200,217.200,217.200,160
20260525093000,215.200,215.200,215.200,215.200,44
20260525093100,215.200,217.200,215.200,216.800,168
20260525093200,216.830,217.780,216.580,217.210,86
20260525093300,217.210,218.200,217.190,218.190,376
20260525093400,218.030,219.440,218.030,218.880,106
20260525093500,218.300,218.320,217.670,217.670,50
20260525093600,217.720,218.300,217.610,217.860,35
20260525093700,217.830,217.830,217.500,217.500,51
20260525093800,217.610,218.310,217.500,217.510,178
20260525093900,217.700,218.280,217.700,218.280,28
20260525094000,218.320,218.690,218.320,218.630,51
20260525094100,218.300,218.820,218.300,218.780,71
20260525094200,218.750,218.750,217.960,218.320,53
20260525094300,218.010,218.010,217.830,217.990,60
20260525094400,218.020,218.300,217.580,217.750,98
20260525094500,217.500,217.630,217.140,217.630,169
20260525094600,217.860,218.150,217.560,218.110,25
20260525094700,217.570,217.830,217.350,217.660,94
20260525094800,217.230,217.230,216.680,217.000,138
20260525094900,217.310,217.640,217.000,217.010,66
20260525095000,217.200,217.980,217.200,217.980,14
20260525095100,217.980,218.500,217.650,217.650,101
20260525095200,217.940,217.940,217.220,217.910,39
20260525095300,217.910,217.910,217.390,217.420,35
20260525095400,217.300,217.800,217.300,217.800,22
20260525095500,217.820,218.010,217.450,218.010,39
20260525095600,218.070,218.590,217.920,218.550,112
20260525095700,218.660,218.660,217.450,217.450,102
20260525095800,217.760,217.760,217.250,217.250,12
20260525095900,217.710,217.710,217.250,217.640,39
20260525100000,217.630,217.630,216.990,217.000,104
20260525100100,217.020,217.020,216.670,216.670,205
20260525100200,216.580,216.790,216.330,216.480,51
20260525100300,216.340,216.680,216.340,216.680,8
20260525100400,216.340,216.360,215.030,215.110,356
20260525100500,215.010,215.010,214.220,214.360,209
20260525100600,214.360,214.640,214.300,214.410,105
20260525100700,214.640,214.660,214.400,214.460,30
20260525100800,214.460,214.910,214.350,214.400,286
20260525100900,214.410,214.840,214.410,214.410,43
20260525101000,214.450,214.850,214.380,214.510,105
20260525101100,214.520,214.920,214.520,214.710,45
20260525101200,214.710,215.000,214.600,214.920,77
20260525101300,214.630,215.170,214.630,215.060,16
20260525101400,214.980,214.980,214.600,214.600,59
20260525101500,214.600,214.940,214.530,214.620,110
20260525101600,214.630,215.230,214.630,214.790,113
20260525101700,215.230,215.280,215.230,215.280,9
20260525101800,215.010,215.010,214.680,214.680,28
20260525101900,214.680,214.750,214.590,214.750,52
20260525102000,214.750,214.990,214.600,214.990,13
20260525102100,214.990,214.990,214.620,214.740,65
20260525102200,214.740,214.740,214.110,214.250,147
20260525102300,214.100,214.610,214.050,214.210,108
20260525102400,214.610,214.620,214.160,214.610,24
20260525102500,214.610,214.620,214.220,214.220,12
20260525102600,214.620,214.670,214.230,214.340,40
20260525102700,214.330,214.940,214.330,214.900,16
20260525102800,214.930,215.290,214.520,214.520,94
20260525102900,214.490,214.700,214.050,214.050,117
20260525103000,214.010,214.190,214.000,214.190,96
20260525103100,214.030,214.340,214.000,214.340,61
20260525103200,214.340,214.390,213.600,213.730,153
20260525103300,213.730,214.330,213.730,213.810,101
20260525103400,214.220,214.270,213.830,213.880,67
20260525103500,214.260,214.550,213.890,213.890,23
20260525103600,213.900,214.330,213.870,214.330,85
20260525103700,214.330,214.330,213.900,214.000,79
20260525103800,214.000,214.360,213.920,213.930,79
20260525103900,214.010,214.050,214.000,214.050,51
20260525104000,214.050,214.050,213.770,213.800,99
20260525104100,213.810,213.810,213.660,213.670,53
20260525104200,213.660,213.660,213.410,213.580,130
20260525104300,213.580,213.620,213.330,213.330,57
20260525104400,213.310,213.380,213.070,213.110,96
20260525104500,213.050,213.060,213.000,213.010,120
20260525104600,213.020,213.020,212.210,212.690,211
20260525104700,212.770,213.250,212.690,213.210,90
20260525104800,213.190,213.200,213.010,213.010,58
20260525104900,213.020,213.020,212.630,212.630,38
20260525105000,213.000,213.010,212.650,212.700,95
20260525105100,212.710,213.050,212.710,213.020,81
20260525105200,212.970,213.020,212.870,213.020,86
20260525105300,213.020,213.510,212.780,213.510,92
20260525105400,213.240,213.650,213.240,213.650,34
20260525105500,213.680,214.070,213.550,213.550,23
20260525105600,213.240,213.380,213.010,213.380,43
20260525105700,213.410,213.820,213.080,213.080,76
20260525105800,213.490,214.080,213.120,214.080,57
20260525105900,214.000,214.050,213.670,214.050,28
20260525110000,214.050,214.050,213.680,214.050,37
20260525110100,214.050,214.500,214.040,214.500,35
20260525110200,214.280,214.480,214.070,214.170,69
20260525110300,214.890,215.530,214.890,215.500,295
20260525110400,215.500,215.500,215.200,215.490,49
20260525110500,215.500,215.620,215.460,215.610,42
20260525110600,215.630,215.960,215.610,215.610,60
20260525110700,215.980,215.980,215.560,215.920,100
20260525110800,215.910,215.920,215.480,215.490,17
20260525110900,215.890,215.890,215.790,215.790,26
20260525111000,215.690,215.910,215.690,215.910,33
20260525111100,215.860,216.440,215.860,216.400,73
20260525111200,216.140,216.140,215.860,215.860,21
20260525111300,215.970,215.980,215.690,215.700,29
20260525111400,215.700,216.020,215.700,215.770,45
20260525111500,215.990,216.240,215.990,216.240,17
20260525111600,216.220,216.240,215.500,215.940,73
20260525111700,215.670,215.940,215.400,215.940,28
20260525111800,215.940,215.940,215.500,215.500,20
20260525111900,215.920,215.920,215.440,215.840,33
20260525112000,215.840,215.840,215.420,215.840,21
20260525112100,215.800,215.800,215.400,215.610,39
20260525112200,215.780,215.830,215.450,215.830,39
20260525112300,215.830,215.960,215.590,215.870,46
20260525112400,215.600,215.960,215.470,215.520,47
20260525112500,215.470,216.010,215.470,215.990,74
20260525112600,216.050,216.200,216.040,216.200,58
20260525112700,215.710,216.050,215.450,216.050,26
20260525112800,216.000,216.000,215.470,215.470,31
20260525112900,215.450,215.450,214.980,214.980,88
20260525113000,215.440,215.470,215.120,215.120,26
20260525130100,215.400,215.400,215.050,215.160,112
20260525130200,214.570,215.030,214.570,214.610,39
20260525130300,214.600,215.650,214.600,215.550,67
20260525130400,215.510,215.540,214.860,215.230,95
20260525130500,214.770,215.220,214.760,214.760,49
20260525130600,214.710,215.210,214.410,215.210,53
20260525130700,214.820,214.820,214.560,214.560,40
20260525130800,214.420,214.820,214.420,214.820,30
20260525130900,214.790,215.200,214.790,215.000,76
20260525131000,214.820,214.820,214.460,214.760,34
20260525131100,214.760,215.070,214.450,214.880,40
20260525131200,214.900,214.910,214.820,214.910,29
20260525131300,214.800,214.880,214.700,214.840,19
20260525131400,214.830,215.100,214.830,214.960,50
20260525131500,215.240,215.700,215.240,215.250,35
20260525131600,215.530,215.530,215.520,215.520,6
20260525131700,215.670,215.670,215.130,215.130,95
20260525131800,215.550,215.550,215.140,215.150,26
20260525131900,215.150,215.150,214.480,214.480,30
20260525132000,214.970,215.130,214.500,215.130,109
20260525132100,214.760,215.150,214.740,214.940,105
20260525132200,214.740,214.740,214.150,214.160,83
20260525132300,214.170,214.440,213.820,213.820,103
20260525132400,214.410,214.410,213.820,213.930,53
20260525132500,213.950,214.340,213.210,213.380,130
20260525132600,213.400,213.410,213.400,213.400,69
20260525132700,213.840,213.900,213.410,213.900,88
20260525132800,213.560,213.970,213.560,213.570,62
20260525132900,213.570,213.950,213.550,213.550,73
20260525133000,213.570,213.970,213.460,213.970,64
20260525133100,213.540,213.970,213.430,213.710,153
20260525133200,213.970,214.030,213.970,214.030,6
20260525133300,213.880,213.990,213.730,213.990,11
20260525133400,213.740,214.030,213.740,214.030,21
20260525133500,214.030,214.120,214.030,214.120,33
20260525133600,213.740,213.740,213.730,213.730,4
20260525133700,213.500,213.730,213.110,213.500,199
20260525133800,213.500,213.500,213.020,213.020,13
20260525133900,213.440,213.440,213.020,213.020,10
20260525134000,213.440,213.470,213.000,213.000,45
20260525134100,213.000,213.480,213.000,213.480,37
20260525134200,213.480,213.480,213.000,213.350,38
20260525134300,213.340,213.350,213.010,213.010,23
20260525134400,213.020,213.020,212.660,212.660,59
20260525134500,213.210,213.210,212.610,212.610,33
20260525134600,212.590,213.110,212.590,212.590,28
20260525134700,212.590,212.600,212.520,212.520,54
20260525134800,212.520,213.090,212.520,213.090,110
20260525134900,213.090,213.770,212.810,213.700,327
20260525135000,213.230,213.960,213.200,213.900,46
20260525135100,213.340,213.780,213.300,213.780,34
20260525135200,213.840,214.020,213.410,213.970,76
20260525135300,213.960,214.090,213.430,213.880,38
20260525135400,214.030,214.080,213.540,214.080,15
20260525135500,214.080,214.090,213.200,213.410,144
20260525135600,213.980,213.990,213.670,213.670,37
20260525135700,213.600,213.870,213.420,213.430,25
20260525135800,213.430,213.870,213.430,213.500,30
20260525135900,213.860,213.880,213.460,213.840,67
20260525140000,214.030,214.070,213.660,214.070,53
20260525140100,214.070,214.070,213.750,214.050,15
20260525140200,214.070,214.070,213.720,214.070,46
20260525140300,214.070,214.100,213.520,213.660,41
20260525140400,213.790,214.180,213.600,213.600,109
20260525140500,214.090,214.090,213.480,213.820,60
20260525140600,213.790,213.930,213.030,213.930,62
20260525140700,213.930,213.930,213.670,213.930,13
20260525140800,213.930,213.930,213.670,213.900,29
20260525140900,213.670,214.020,213.540,213.990,67
20260525141000,213.540,213.990,213.510,213.960,39
20260525141100,213.510,213.990,213.510,213.830,79
20260525141200,213.790,214.000,213.590,214.000,49
20260525141300,214.000,214.640,214.000,214.070,72
20260525141400,214.080,214.380,214.030,214.380,13
20260525141500,213.730,213.750,213.730,213.750,10
20260525141600,213.740,214.320,213.660,213.790,41
20260525141700,213.710,214.290,213.710,214.000,41
20260525141800,214.000,214.230,213.720,214.160,52
20260525141900,213.730,214.160,213.680,214.120,54
20260525142000,213.670,214.460,213.670,214.340,130
20260525142100,214.340,214.340,213.780,213.790,31
20260525142200,214.320,214.890,214.320,214.780,84
20260525142300,214.640,214.780,214.640,214.780,10
20260525142400,214.490,214.710,214.490,214.710,33
20260525142500,214.070,214.710,214.020,214.020,20
20260525142600,214.660,214.680,214.010,214.680,26
20260525142700,214.670,214.780,214.180,214.570,78
20260525142800,214.570,214.620,214.570,214.610,9
20260525142900,214.570,214.780,214.250,214.710,34
20260525143000,214.710,215.800,214.270,215.800,275
20260525143100,216.220,217.740,216.220,217.740,562
20260525143200,217.740,218.750,217.740,218.750,324
20260525143300,218.700,218.710,218.000,218.670,696
20260525143400,218.660,218.880,218.640,218.760,597
20260525143500,218.920,218.990,218.230,218.530,460
20260525143600,218.140,218.930,218.140,218.920,266
20260525143700,218.950,219.300,218.900,219.300,371
20260525143800,219.270,219.420,219.270,219.420,336
20260525143900,219.440,219.880,218.960,219.870,425
20260525144000,219.500,219.890,219.500,219.880,296
20260525144100,219.770,219.950,219.770,219.910,277
20260525144200,219.960,220.890,219.960,220.840,307
20260525144300,220.990,221.250,220.430,221.200,353
20260525144400,221.200,221.360,221.150,221.360,261
20260525144500,221.370,222.230,221.370,222.200,220
20260525144600,222.200,222.270,221.240,222.080,376
20260525144700,222.080,222.970,222.080,222.960,274
20260525144800,222.970,223.780,222.970,223.200,340
20260525144900,223.180,223.600,223.160,223.500,216
20260525145000,223.510,223.510,222.550,222.550,142
20260525145100,222.530,223.850,222.530,223.850,180
20260525145200,224.000,224.070,222.740,223.010,105
20260525145300,222.740,222.880,221.970,221.970,61
20260525145400,221.970,223.450,221.900,223.120,115
20260525145500,222.000,222.000,221.500,221.500,84
20260525145600,221.800,221.800,221.070,221.070,233
20260525145700,220.490,220.870,220.000,220.340,80
20260525145800,220.340,220.340,220.340,220.340,0
20260525145900,220.340,220.340,220.340,220.340,0
20260525150000,220.450,220.450,220.450,220.450,56
20260526093000,220.000,220.000,220.000,220.000,6
20260526093100,220.200,222.000,219.010,220.860,141
20260526093200,221.210,223.360,220.760,222.800,352
20260526093300,222.800,226.560,222.800,225.020,333
20260526093400,225.440,226.420,223.610,224.890,341
20260526093500,224.360,224.360,222.700,222.700,158
20260526093600,221.200,222.020,221.060,221.190,109
20260526093700,221.780,222.700,221.450,221.920,170
20260526093800,221.930,223.350,221.900,223.350,103
20260526093900,223.360,223.800,222.000,222.000,542
20260526094000,222.000,222.930,221.510,221.540,561
20260526094100,221.510,221.940,221.510,221.880,105
20260526094200,222.000,222.290,220.840,220.840,159
20260526094300,221.060,221.890,220.900,221.890,52
20260526094400,221.180,221.840,220.970,221.840,77
20260526094500,221.830,222.310,221.750,222.300,91
20260526094600,222.300,222.500,222.060,222.060,42
20260526094700,222.090,223.300,222.090,223.280,130
20260526094800,223.250,223.260,222.450,222.450,59
20260526094900,222.560,222.930,221.500,221.510,131
20260526095000,221.780,221.790,221.310,221.450,51
20260526095100,221.440,221.440,220.800,220.800,96
20260526095200,220.800,221.170,220.610,221.090,58
20260526095300,221.090,221.160,220.500,220.700,55
20260526095400,220.690,220.770,220.300,220.740,48
20260526095500,220.860,220.960,220.640,220.960,87
20260526095600,220.950,220.950,220.890,220.890,15
20260526095700,220.560,220.870,220.500,220.840,37
20260526095800,220.490,220.490,220.020,220.020,138
20260526095900,220.020,220.270,219.510,219.510,72
20260526100000,219.500,219.850,219.470,219.840,31
20260526100100,219.500,219.840,219.470,219.520,22
20260526100200,219.890,220.320,219.890,219.910,95
20260526100300,219.800,219.800,219.110,219.110,36
20260526100400,219.110,219.740,219.110,219.740,54
20260526100500,219.310,220.260,219.310,220.260,166
20260526100600,219.920,220.250,219.500,220.200,67
20260526100700,219.830,220.350,219.830,220.350,15
20260526100800,219.830,220.310,219.820,220.310,30
20260526100900,220.320,220.800,220.000,220.800,37
20260526101000,220.800,220.800,220.250,220.250,108
20260526101100,220.210,221.380,219.810,221.380,109
20260526101200,221.180,222.050,220.870,222.050,247
20260526101300,222.360,222.360,221.960,221.960,32
20260526101400,221.900,222.250,221.370,221.380,91
20260526101500,221.390,221.920,221.390,221.420,41
20260526101600,221.880,221.880,221.000,221.000,53
20260526101700,221.000,221.420,220.620,221.420,20
20260526101800,221.330,221.330,220.850,220.890,58
20260526101900,220.900,221.330,220.890,221.160,52
20260526102000,221.160,221.230,220.660,221.230,41
20260526102100,221.410,221.710,221.230,221.230,46
20260526102200,221.180,221.570,221.130,221.130,31
20260526102300,221.080,221.090,220.760,220.760,31
20260526102400,221.070,221.070,220.650,220.670,101
20260526102500,220.680,221.060,220.340,220.340,48
20260526102600,220.340,220.660,220.290,220.660,42
20260526102700,220.480,220.940,220.480,220.480,9
20260526102800,220.710,221.700,220.710,221.450,115
20260526102900,221.590,221.590,221.100,221.100,14
20260526103000,221.100,221.540,221.030,221.030,56
20260526103100,221.000,221.000,220.540,220.990,40
20260526103200,220.990,221.920,220.710,221.920,57
20260526103300,221.580,221.590,221.020,221.020,38
20260526103400,220.910,221.490,220.820,221.490,38
20260526103500,220.960,220.960,220.470,220.470,43
20260526103600,220.770,220.860,220.520,220.520,15
20260526103700,220.860,220.860,220.530,220.860,15
20260526103800,220.530,220.560,220.200,220.560,60
20260526103900,220.280,220.570,220.120,220.120,29
20260526104000,220.570,220.570,220.110,220.570,17
20260526104100,220.570,220.630,220.490,220.490,32
20260526104200,220.110,220.110,220.010,220.030,39
20260526104300,220.420,220.420,219.940,219.950,37
20260526104400,220.020,220.330,219.300,219.510,77
20260526104500,219.780,220.470,219.510,220.470,70
20260526104600,220.520,220.520,219.990,220.440,37
20260526104700,219.990,220.370,219.890,219.900,35
20260526104800,219.860,220.280,219.860,219.860,20
20260526104900,219.800,219.800,219.230,219.710,37
20260526105000,219.230,219.800,219.230,219.360,21
20260526105100,219.390,219.770,219.370,219.770,51
20260526105200,219.770,220.280,219.770,219.820,29
20260526105300,219.820,220.210,219.820,220.210,13
20260526105400,219.820,220.570,219.820,220.570,44
20260526105500,220.560,220.560,220.240,220.240,10
20260526105600,220.550,220.550,220.180,220.180,17
20260526105700,220.140,220.590,220.030,220.590,72
20260526105800,220.590,220.610,220.370,220.610,15
20260526105900,220.610,220.640,220.340,220.340,33
20260526110000,220.330,220.550,219.900,219.900,23
20260526110100,219.850,220.260,219.800,220.260,18
20260526110200,219.940,220.740,219.940,220.740,24
20260526110300,220.000,220.490,219.990,220.010,24
20260526110400,220.010,220.420,220.010,220.020,19
20260526110500,220.010,220.640,219.470,220.640,102
20260526110600,220.650,221.000,220.310,220.860,18
20260526110700,220.840,220.840,220.330,220.830,33
20260526110800,220.430,220.840,220.210,220.730,193
20260526110900,220.190,220.630,220.190,220.610,35
20260526111000,220.580,220.600,220.050,220.490,204
20260526111100,220.500,221.790,220.500,221.410,172
20260526111200,220.780,221.640,220.780,221.640,45
20260526111300,220.800,221.340,220.800,221.340,12
20260526111400,220.800,220.800,220.800,220.800,11
20260526111500,220.730,221.120,220.220,220.220,30
20260526111600,220.940,220.940,220.850,220.870,18
20260526111700,220.870,220.920,220.870,220.920,20
20260526111800,220.930,220.940,220.230,220.230,19
20260526111900,220.220,220.440,219.770,220.440,51
20260526112000,220.530,220.530,219.800,220.510,27
20260526112100,220.490,220.490,219.860,220.440,29
20260526112200,219.990,220.460,219.990,220.010,12
20260526112300,220.450,220.590,220.040,220.590,44
20260526112400,220.460,221.000,220.450,220.960,76
20260526112500,221.010,221.010,220.000,220.000,55
20260526112600,220.000,220.240,219.800,220.240,13
20260526112700,219.580,219.580,219.550,219.550,7
20260526112800,220.090,220.100,219.570,219.600,48
20260526112900,220.100,220.320,219.550,220.320,41
20260526113000,220.690,221.640,220.690,221.640,113
20260526130100,221.600,221.640,220.920,220.920,215
20260526130200,221.490,221.900,221.490,221.880,35
20260526130300,221.910,221.910,221.340,221.340,6
20260526130400,220.740,221.110,220.740,221.110,36
20260526130500,221.120,221.160,221.120,221.160,8
20260526130600,220.770,220.770,220.210,220.660,32
20260526130700,220.730,220.730,220.360,220.360,13
20260526130800,220.710,220.720,220.450,220.450,10
20260526130900,220.740,220.740,220.720,220.720,8
20260526131000,220.720,220.720,220.470,220.470,6
20260526131100,220.480,220.800,220.480,220.800,12
20260526131200,220.600,221.100,220.590,221.100,45
20260526131300,221.100,221.100,221.100,221.100,0
20260526131400,221.100,221.100,221.010,221.010,11
20260526131500,221.090,221.090,220.650,221.040,44
20260526131600,220.660,221.020,220.540,220.540,57
20260526131700,220.930,220.930,220.480,220.880,57
20260526131800,220.490,220.510,219.870,220.500,147
20260526131900,219.940,220.820,219.940,220.260,44
20260526132000,219.990,219.990,219.510,219.720,60
20260526132100,219.620,220.260,219.500,220.220,43
20260526132200,220.270,220.520,219.830,219.930,26
20260526132300,220.420,220.480,219.930,219.930,12
20260526132400,220.000,220.360,219.570,220.180,82
20260526132500,219.620,220.170,219.620,220.170,9
20260526132600,220.070,220.160,219.640,220.160,36
20260526132700,220.160,220.160,219.670,219.700,41
20260526132800,220.150,220.150,219.540,219.540,73
20260526132900,219.600,219.950,219.550,219.950,15
20260526133000,219.560,219.560,219.540,219.550,33
20260526133100,220.040,220.040,219.590,219.590,15
20260526133200,220.050,220.160,219.660,220.160,19
20260526133300,220.160,220.160,220.160,220.160,0
20260526133400,220.200,220.200,220.200,220.200,6
20260526133500,220.240,220.340,219.720,219.770,79
20260526133600,219.710,220.130,219.690,220.130,8
20260526133700,220.130,220.140,219.730,219.730,18
20260526133800,219.740,220.360,219.740,219.930,17
20260526133900,219.930,220.360,219.910,219.930,14
20260526134000,220.390,220.390,219.850,219.850,20
20260526134100,219.860,219.870,219.500,219.500,145
20260526134200,219.670,220.310,219.500,220.000,71
20260526134300,219.990,219.990,219.520,219.520,4
20260526134400,219.520,219.970,219.510,219.970,9
20260526134500,219.510,219.960,219.440,219.440,6
20260526134600,219.440,219.670,219.320,219.340,44
20260526134700,219.330,220.000,219.100,219.930,32
20260526134800,219.840,219.840,219.840,219.840,3
20260526134900,219.190,219.190,219.190,219.190,2
20260526135000,219.150,219.790,219.090,219.090,59
20260526135100,219.100,219.780,219.050,219.780,75
20260526135200,219.090,219.750,219.090,219.750,24
20260526135300,219.760,219.780,219.070,219.080,12
20260526135400,219.090,219.760,219.090,219.760,41
20260526135500,219.750,219.750,219.160,219.160,12
20260526135600,219.730,219.820,219.130,219.820,24
20260526135700,219.170,220.240,219.170,220.050,27
20260526135800,219.430,220.040,219.070,219.080,228
20260526135900,219.080,220.270,219.080,219.600,198
20260526140000,219.600,220.440,219.600,220.430,77
20260526140100,220.420,220.420,219.690,220.340,70
20260526140200,219.700,220.440,219.700,220.440,22
20260526140300,220.520,220.520,219.740,220.450,20
20260526140400,220.510,220.510,219.310,220.080,270
20260526140500,220.080,220.220,219.410,220.220,142
20260526140600,220.190,220.510,219.650,220.200,110
20260526140700,219.670,220.400,219.650,220.270,62
20260526140800,219.700,220.370,219.620,219.620,18
20260526140900,220.360,220.700,219.950,220.700,44
20260526141000,220.710,220.720,219.960,220.700,38
20260526141100,220.710,220.710,220.200,220.300,10
20260526141200,220.670,220.830,220.360,220.360,74
20260526141300,220.690,220.690,220.340,220.340,14
20260526141400,220.340,220.340,219.930,219.940,34
20260526141500,220.260,220.260,219.930,219.930,12
20260526141600,220.230,220.230,219.900,219.910,11
20260526141700,220.070,220.330,219.900,219.900,61
20260526141800,219.900,219.900,219.800,219.800,6
20260526141900,219.800,220.270,219.600,219.600,21
20260526142000,219.800,219.800,219.610,219.660,8
20260526142100,219.810,219.840,219.330,219.330,71
20260526142200,219.330,219.330,219.330,219.330,0
20260526142300,219.420,219.830,219.420,219.830,16
20260526142400,219.830,219.830,219.830,219.830,0
20260526142500,219.900,219.930,219.900,219.930,6
20260526142600,220.210,220.240,219.790,219.800,53
20260526142700,220.150,220.150,219.560,219.780,16
20260526142800,219.560,219.920,219.560,219.920,7
20260526142900,219.570,220.710,219.570,220.220,48
20260526143000,220.670,220.670,220.220,220.540,33
20260526143100,220.200,220.540,220.130,220.490,28
20260526143200,220.530,220.900,220.000,220.680,118
20260526143300,220.680,221.080,220.210,221.080,89
20260526143400,221.090,221.740,220.440,220.750,43
20260526143500,220.770,221.430,220.770,221.410,27
20260526143600,221.500,221.500,220.760,221.370,73
20260526143700,221.370,221.380,221.100,221.120,59
20260526143800,221.110,221.450,221.110,221.180,72
20260526143900,221.110,221.280,221.100,221.100,59
20260526144000,221.100,221.270,220.760,221.270,106
20260526144100,221.270,221.500,220.620,221.390,81
20260526144200,221.580,221.990,221.540,221.690,48
20260526144300,221.980,221.990,221.710,221.990,28
20260526144400,221.980,222.100,221.710,221.910,102
20260526144500,221.750,222.100,221.230,221.930,33
20260526144600,221.930,221.990,221.240,221.970,53
20260526144700,221.950,221.950,221.200,221.200,35
20260526144800,221.850,221.850,221.110,221.480,34
20260526144900,221.430,221.910,221.300,221.300,53
20260526145000,221.310,221.910,221.300,221.310,12
20260526145100,221.900,221.910,221.900,221.910,14
20260526145200,221.430,221.880,221.430,221.870,19
20260526145300,221.880,221.900,221.610,221.610,85
20260526145400,221.700,221.700,221.140,221.250,100
20260526145500,221.260,221.900,221.120,221.230,63
20260526145600,221.800,221.800,221.110,221.670,30
20260526145700,221.130,221.680,221.100,221.600,111
20260526145800,221.100,221.100,221.100,221.100,52
20260526145900,221.100,221.100,221.100,221.100,0
20260526150000,221.100,221.100,221.100,221.100,36
20260527093000,221.340,221.340,221.340,221.340,10
20260527093100,221.340,222.000,218.890,218.980,79
20260527093200,218.880,218.880,217.090,217.930,300
20260527093300,218.580,220.000,218.580,219.990,137
20260527093400,219.230,221.090,219.230,221.090,45
20260527093500,220.590,221.900,220.590,221.850,39
20260527093600,221.120,222.980,221.120,222.410,162
20260527093700,222.360,223.400,221.440,223.150,135
20260527093800,223.210,223.420,222.420,222.790,59
20260527093900,223.050,223.480,222.920,223.480,103
20260527094000,223.940,223.940,223.130,223.230,57
20260527094100,223.230,223.540,222.920,223.140,38
20260527094200,222.430,222.520,222.090,222.090,77
20260527094300,222.090,222.510,221.960,222.510,42
20260527094400,222.370,222.700,222.260,222.700,51
20260527094500,222.750,224.550,222.360,224.370,345
20260527094600,224.370,224.990,224.050,224.990,246
20260527094700,224.550,224.550,223.660,223.710,34
20260527094800,223.630,223.680,223.210,223.210,47
20260527094900,223.640,223.680,223.440,223.440,47
20260527095000,223.780,224.850,223.440,224.500,133
20260527095100,224.970,224.970,223.970,224.020,101
20260527095200,224.010,224.010,223.320,223.320,55
20260527095300,223.310,223.490,223.100,223.490,51
20260527095400,223.270,223.270,222.930,222.930,60
20260527095500,223.060,223.060,222.330,222.330,39
20260527095600,222.810,222.830,222.810,222.830,10
20260527095700,222.580,222.600,222.000,222.200,143
20260527095800,222.700,223.060,222.700,222.930,59
20260527095900,222.940,222.940,222.770,222.870,74
20260527100000,222.970,223.090,222.850,223.050,76
20260527100100,222.870,223.500,222.870,223.500,61
20260527100200,223.390,223.390,223.150,223.160,8
20260527100300,223.380,223.380,223.130,223.130,23
20260527100400,223.170,223.590,223.110,223.590,43
20260527100500,223.970,223.980,223.610,223.970,35
20260527100600,223.650,223.950,223.530,223.800,72
20260527100700,223.940,223.940,223.800,223.800,11
20260527100800,223.770,223.770,223.120,223.140,52
20260527100900,223.320,223.330,223.300,223.300,12
20260527101000,223.000,223.000,222.830,222.900,43
20260527101100,223.230,223.230,222.800,222.800,47
20260527101200,222.940,222.940,222.590,222.640,155
20260527101300,222.790,222.790,221.970,221.970,95
20260527101400,221.860,222.200,221.720,221.720,36
20260527101500,221.720,221.720,221.630,221.630,18
20260527101600,221.630,222.210,221.630,221.890,49
20260527101700,221.920,222.230,221.920,222.000,22
20260527101800,221.920,222.000,221.920,222.000,46
20260527101900,221.920,221.930,221.450,221.550,92
20260527102000,221.910,221.910,221.260,221.260,33
20260527102100,221.270,221.600,221.220,221.220,14
20260527102200,221.220,221.670,221.220,221.670,12
20260527102300,221.260,221.260,220.760,220.760,42
20260527102400,221.250,221.250,220.800,220.820,10
20260527102500,220.820,220.820,220.780,220.810,91
20260527102600,220.820,221.180,220.820,220.950,24
20260527102700,220.940,220.940,220.590,220.760,58
20260527102800,220.930,221.470,220.930,221.040,59
20260527102900,221.050,221.680,221.050,221.070,24
20260527103000,221.050,221.250,221.010,221.250,36
20260527103100,221.030,221.260,221.010,221.260,20
20260527103200,221.020,221.020,220.930,220.930,17
20260527103300,220.770,220.770,220.160,220.270,79
20260527103400,220.260,220.280,220.260,220.280,6
20260527103500,220.690,220.690,220.300,220.300,6
20260527103600,220.320,220.730,220.280,220.280,108
20260527103700,220.300,220.300,219.790,219.790,57
20260527103800,219.000,219.700,219.000,219.700,34
20260527103900,219.170,219.650,219.140,219.550,71
20260527104000,219.200,219.910,219.110,219.440,147
20260527104100,219.110,219.110,218.970,218.970,66
20260527104200,218.660,219.030,218.660,219.010,109
20260527104300,219.010,219.010,218.640,218.840,37
20260527104400,218.810,219.700,218.810,219.700,99
20260527104500,219.300,219.710,219.290,219.700,31
20260527104600,219.690,219.700,219.680,219.690,55
20260527104700,219.410,219.410,219.410,219.410,18
20260527104800,219.410,219.690,219.020,219.020,41
20260527104900,219.380,219.380,219.040,219.380,44
20260527105000,219.070,219.070,219.070,219.070,1
20260527105100,219.380,219.380,219.380,219.380,7
20260527105200,219.380,219.530,218.860,218.860,199
20260527105300,218.640,219.300,218.500,218.870,180
20260527105400,218.870,219.540,218.870,219.540,36
20260527105500,219.140,219.500,219.140,219.140,12
20260527105600,219.500,219.500,219.500,219.500,10
20260527105700,219.500,219.500,219.170,219.180,6
20260527105800,219.180,219.500,219.170,219.190,53
20260527105900,219.210,219.210,219.130,219.130,32
20260527110000,219.180,219.490,219.030,219.040,23
20260527110100,219.050,219.400,219.010,219.010,46
20260527110200,219.370,219.370,219.300,219.300,8
20260527110300,219.160,219.260,219.090,219.260,9
20260527110400,219.390,219.890,219.330,219.890,61
20260527110500,219.500,219.510,219.130,219.430,44
20260527110600,219.130,219.420,219.130,219.420,6
20260527110700,219.130,219.420,219.130,219.410,32
20260527110800,219.410,219.430,219.410,219.410,10
20260527110900,219.430,219.510,219.280,219.510,16
20260527111000,219.280,219.730,219.280,219.730,23
20260527111100,219.910,219.970,219.690,219.940,40
20260527111200,219.660,219.770,219.370,219.370,106
20260527111300,219.770,219.770,219.370,219.740,30
20260527111400,219.740,219.740,219.330,219.350,33
20260527111500,219.330,219.330,218.700,219.260,181
20260527111600,219.120,219.120,218.900,219.110,29
20260527111700,218.930,218.930,218.540,218.540,84
20260527111800,218.560,219.100,218.560,218.910,44
20260527111900,218.900,218.900,218.350,218.430,102
20260527112000,218.180,218.440,218.180,218.300,73
20260527112100,218.530,218.820,218.300,218.300,32
20260527112200,218.790,218.790,218.230,218.230,55
20260527112300,218.260,218.280,218.070,218.110,40
20260527112400,218.110,218.110,218.010,218.020,55
20260527112500,218.010,218.370,217.350,217.790,123
20260527112600,217.790,217.790,217.360,217.790,39
20260527112700,217.780,217.780,217.370,217.370,47
20260527112800,217.370,217.790,217.370,217.790,40
20260527112900,217.790,217.790,217.630,217.790,22
20260527113000,217.790,218.080,217.760,218.080,55
20260527130100,218.080,218.500,218.030,218.170,127
20260527130200,218.030,218.450,217.770,218.170,62
20260527130300,218.220,218.430,217.910,218.380,41
20260527130400,217.960,218.390,217.960,218.390,27
20260527130500,218.390,218.690,218.090,218.090,37
20260527130600,218.390,218.390,218.040,218.040,12
20260527130700,218.030,218.610,218.030,218.610,115
20260527130800,218.800,219.170,218.800,219.170,32
20260527130900,219.180,219.180,218.660,218.830,59
20260527131000,218.840,219.170,218.530,219.150,20
20260527131100,218.550,218.970,218.540,218.970,15
20260527131200,218.560,218.860,218.440,218.510,98
20260527131300,218.430,218.790,218.420,218.790,40
20260527131400,218.850,218.930,218.820,218.930,55
20260527131500,218.590,218.970,218.440,218.530,28
20260527131600,218.530,218.530,218.490,218.490,10
20260527131700,218.720,218.720,218.470,218.470,22
20260527131800,218.690,218.720,218.450,218.690,33
20260527131900,218.680,219.070,218.680,219.000,39
20260527132000,218.650,219.000,218.540,219.000,33
20260527132100,218.830,219.140,218.600,218.600,30
20260527132200,219.050,219.140,218.620,218.620,77
20260527132300,218.630,219.050,218.630,219.020,23
20260527132400,218.660,219.140,218.660,219.000,42
20260527132500,219.000,219.790,219.000,219.320,71
20260527132600,219.320,219.660,219.110,219.310,43
20260527132700,219.300,219.300,218.690,219.130,18
20260527132800,219.320,219.680,219.310,219.680,66
20260527132900,219.580,219.980,219.580,219.580,29
20260527133000,219.470,220.040,219.470,219.470,56
20260527133100,219.480,220.500,219.470,220.500,82
20260527133200,220.500,220.930,220.040,220.400,32
20260527133300,220.040,220.430,220.040,220.050,22
20260527133400,220.050,220.050,220.050,220.050,11
20260527133500,220.440,220.970,220.440,220.850,81
20260527133600,220.850,221.660,220.850,221.310,69
20260527133700,221.360,222.000,221.310,221.990,177
20260527133800,221.990,221.990,221.410,221.420,52
20260527133900,221.400,221.400,221.050,221.070,37
20260527134000,221.380,221.380,221.060,221.060,27
20260527134100,221.290,221.500,221.270,221.440,83
20260527134200,221.270,221.270,220.650,220.980,85
20260527134300,221.040,221.080,220.830,220.830,60
20260527134400,220.670,221.020,220.100,221.020,119
20260527134500,221.020,221.690,220.810,221.590,143
20260527134600,221.190,221.500,220.800,220.800,62
20260527134700,221.030,221.030,221.020,221.020,28
20260527134800,221.380,221.380,220.780,221.270,71
20260527134900,220.750,221.080,220.570,220.750,40
20260527135000,220.750,221.000,220.710,221.000,70
20260527135100,220.970,220.970,220.680,220.720,44
20260527135200,220.680,220.680,220.050,220.290,144
20260527135300,220.050,220.290,219.270,219.430,50
20260527135400,219.930,219.930,219.520,219.660,30
20260527135500,219.660,219.880,219.520,219.520,16
20260527135600,219.880,219.880,219.360,219.730,38
20260527135700,219.740,219.840,219.270,219.520,43
20260527135800,219.740,219.890,219.560,219.890,10
20260527135900,219.540,220.000,219.540,219.920,76
20260527140000,219.510,219.800,219.120,219.120,51
20260527140100,219.800,219.890,219.510,219.890,37
20260527140200,219.880,219.960,219.550,219.960,30
20260527140300,219.880,219.910,219.620,219.690,10
20260527140400,219.830,219.970,219.430,219.430,91
20260527140500,219.580,219.950,219.580,219.830,30
20260527140600,219.740,219.740,219.740,219.740,6
20260527140700,219.300,219.600,219.300,219.410,104
20260527140800,219.400,219.560,219.260,219.350,33
20260527140900,219.400,219.600,219.400,219.500,53
20260527141000,219.500,219.580,219.310,219.310,41
20260527141100,219.690,219.690,219.140,219.140,70
20260527141200,219.140,219.140,219.000,219.000,15
20260527141300,218.700,218.940,218.520,218.850,104
20260527141400,218.760,218.840,218.730,218.730,18
20260527141500,218.840,219.260,218.840,218.960,42
20260527141600,218.920,218.920,218.510,218.510,116
20260527141700,218.880,218.880,218.860,218.860,32
20260527141800,218.620,219.140,218.620,219.140,65
20260527141900,218.890,219.130,218.650,218.830,33
20260527142000,218.710,219.090,218.710,219.080,50
20260527142100,219.110,219.110,218.780,219.100,61
20260527142200,218.780,218.790,218.670,218.670,39
20260527142300,218.580,218.820,218.560,218.810,92
20260527142400,219.020,219.020,218.690,219.020,24
20260527142500,218.780,219.020,218.690,219.000,33
20260527142600,218.660,218.950,218.560,218.950,51
20260527142700,218.950,218.950,218.600,218.950,24
20260527142800,218.950,219.290,218.950,219.290,65
20260527142900,219.040,219.290,218.740,218.850,31
20260527143000,218.740,219.200,218.730,218.730,62
20260527143100,218.730,219.170,218.620,218.620,89
20260527143200,218.600,218.990,218.560,218.630,81
20260527143300,219.000,219.000,218.600,218.600,29
20260527143400,218.850,219.510,218.850,219.490,146
20260527143500,219.470,219.890,219.350,219.350,33
20260527143600,219.320,220.000,219.320,220.000,75
20260527143700,220.320,220.330,219.420,220.120,104
20260527143800,220.120,220.180,219.820,220.170,30
20260527143900,220.190,220.190,219.350,219.540,67
20260527144000,220.140,220.310,219.830,219.830,52
20260527144100,219.840,220.310,219.840,219.870,22
20260527144200,219.890,220.310,219.890,220.040,45
20260527144300,220.030,220.280,219.740,219.950,38
20260527144400,219.620,219.700,219.510,219.610,25
20260527144500,219.570,219.860,219.410,219.410,13
20260527144600,219.840,219.840,219.410,219.450,24
20260527144700,219.450,219.510,219.420,219.420,99
20260527144800,219.420,219.430,219.140,219.140,43
20260527144900,219.270,219.490,218.910,219.490,59
20260527145000,219.570,219.800,219.440,219.630,54
20260527145100,219.790,219.800,219.550,219.800,64
20260527145200,219.580,219.790,219.570,219.620,71
20260527145300,219.310,219.710,219.190,219.280,49
20260527145400,219.460,219.630,219.290,219.320,68
20260527145500,219.310,219.620,219.300,219.300,69
20260527145600,219.620,219.700,219.300,219.380,74
20260527145700,219.310,219.690,219.170,219.170,48
20260527145800,219.170,219.170,219.170,219.170,0
20260527145900,219.170,219.170,219.170,219.170,0
20260527150000,218.750,218.750,218.750,218.750,61
20260528093000,219.000,219.000,219.000,219.000,10
20260528093100,218.500,218.970,217.080,217.760,107
20260528093200,217.760,218.730,217.090,217.790,76
20260528093300,217.800,218.010,217.140,218.000,58
20260528093400,218.000,218.000,217.300,217.990,35
20260528093500,217.550,218.000,217.300,217.810,98
20260528093600,217.830,218.260,217.820,217.890,44
20260528093700,218.190,218.190,217.420,217.420,120
20260528093800,217.310,218.150,217.310,217.320,115
20260528093900,217.490,217.490,215.800,215.990,265
20260528094000,215.430,215.510,214.770,215.000,170
20260528094100,215.010,215.420,214.870,215.280,174
20260528094200,215.080,215.400,214.410,214.870,121
20260528094300,214.870,215.200,214.540,215.200,47
20260528094400,214.810,215.300,214.800,215.300,29
20260528094500,215.280,215.490,215.280,215.490,55
20260528094600,215.050,215.520,214.860,214.860,72
20260528094700,215.180,215.190,214.650,215.190,40
20260528094800,215.160,215.160,214.550,214.970,146
20260528094900,214.690,214.780,214.230,214.300,74
20260528095000,214.680,215.000,214.420,214.790,43
20260528095100,214.720,214.790,214.720,214.780,15
20260528095200,214.510,215.000,214.510,214.620,75
20260528095300,214.930,214.930,214.550,214.850,42
20260528095400,214.810,214.820,214.360,214.360,31
20260528095500,214.740,214.740,214.000,214.390,233
20260528095600,214.020,214.490,213.800,214.490,173
20260528095700,214.490,214.490,214.140,214.310,28
20260528095800,214.310,214.700,214.310,214.700,16
20260528095900,214.520,214.710,214.500,214.510,50
20260528100000,214.500,214.830,214.350,214.820,51
20260528100100,214.410,214.820,214.410,214.810,34
20260528100200,214.800,214.970,214.490,214.970,54
20260528100300,214.910,214.950,214.590,214.950,28
20260528100400,214.930,215.000,214.610,214.870,23
20260528100500,214.850,215.360,214.850,215.290,40
20260528100600,215.370,215.370,214.780,215.360,23
20260528100700,214.740,214.740,214.060,214.110,177
20260528100800,213.800,213.800,213.280,213.280,156
20260528100900,213.280,213.300,213.200,213.300,25
20260528101000,213.300,213.360,213.300,213.300,30
20260528101100,213.640,213.640,213.640,213.640,2
20260528101200,213.640,213.710,213.490,213.550,19
20260528101300,213.560,213.720,213.200,213.660,141
20260528101400,213.380,213.750,213.300,213.300,78
20260528101500,213.300,213.300,213.110,213.250,70
20260528101600,213.550,213.590,213.260,213.270,26
20260528101700,213.270,213.690,213.270,213.690,92
20260528101800,213.380,213.690,213.380,213.390,16
20260528101900,213.690,213.690,213.400,213.400,10
20260528102000,213.800,213.800,213.800,213.800,2
20260528102100,213.800,213.800,213.740,213.760,11
20260528102200,213.760,213.760,213.500,213.500,8
20260528102300,213.800,213.860,213.500,213.860,13
20260528102400,213.600,213.880,213.570,213.880,34
20260528102500,213.600,214.270,213.590,213.990,31
20260528102600,213.920,214.020,213.740,214.020,24
20260528102700,214.100,214.120,213.740,214.000,18
20260528102800,214.110,214.300,214.000,214.300,28
20260528102900,214.250,214.250,213.880,213.880,24
20260528103000,213.970,213.970,213.600,213.890,29
20260528103100,214.050,214.050,213.540,213.560,19
20260528103200,213.570,213.880,213.450,213.450,46
20260528103300,213.250,213.250,212.800,212.800,205
20260528103400,212.940,213.470,212.910,213.470,17
20260528103500,213.000,213.380,213.000,213.350,15
20260528103600,213.440,213.650,213.230,213.650,25
20260528103700,213.650,213.650,213.270,213.270,14
20260528103800,213.230,213.230,213.230,213.230,6
20260528103900,213.150,213.150,213.150,213.150,2
20260528104000,213.440,213.440,212.560,212.810,254
20260528104100,212.820,212.890,212.810,212.890,10
20260528104200,213.100,213.100,212.690,212.690,14
20260528104300,212.800,212.810,212.530,212.780,17
20260528104400,212.800,212.800,212.530,212.770,41
20260528104500,212.970,212.970,212.600,212.860,11
20260528104600,212.600,212.610,212.520,212.520,38
20260528104700,212.520,212.790,212.510,212.790,42
20260528104800,212.900,212.920,212.630,212.920,10
20260528104900,212.960,213.230,212.720,213.230,23
20260528105000,213.220,213.220,212.810,212.810,18
20260528105100,212.820,212.840,212.600,212.600,36
20260528105200,212.600,212.600,212.500,212.500,64
20260528105300,212.390,212.390,212.180,212.250,78
20260528105400,212.220,212.330,212.220,212.280,14
20260528105500,212.330,212.500,212.280,212.280,29
20260528105600,212.300,212.490,212.300,212.300,10
20260528105700,212.490,212.490,212.490,212.490,7
20260528105800,212.300,212.300,212.300,212.300,2
20260528105900,212.330,212.500,212.330,212.500,17
20260528110000,212.550,212.550,212.400,212.400,11
20260528110100,212.410,212.880,212.410,212.810,6
20260528110200,212.820,212.820,212.390,212.390,42
20260528110300,212.500,212.820,212.500,212.500,17
20260528110400,212.380,212.740,212.320,212.740,27
20260528110500,212.730,212.730,212.400,212.400,10
20260528110600,212.330,212.690,212.320,212.330,18
20260528110700,212.310,212.330,212.210,212.210,64
20260528110800,212.260,212.570,212.260,212.570,13
20260528110900,212.310,212.560,212.310,212.560,7
20260528111000,212.580,212.580,212.570,212.580,6
20260528111100,212.600,212.600,212.400,212.400,5
20260528111200,212.590,212.590,212.380,212.540,17
20260528111300,212.610,212.720,212.390,212.390,8
20260528111400,212.370,212.600,212.330,212.330,6
20260528111500,212.540,212.560,212.260,212.260,10
20260528111600,212.690,212.840,212.390,212.390,13
20260528111700,212.790,212.810,212.410,212.540,14
20260528111800,212.810,212.810,212.400,212.580,23
20260528111900,212.400,212.590,212.400,212.590,6
20260528112000,212.690,212.690,212.420,212.690,12
20260528112100,212.660,212.680,212.480,212.480,9
20260528112200,212.620,212.660,212.400,212.660,19
20260528112300,212.680,212.680,212.680,212.680,2
20260528112400,212.680,212.680,212.370,212.370,5
20260528112500,212.340,212.340,212.280,212.280,44
20260528112600,212.360,212.700,212.360,212.700,6
20260528112700,212.360,212.360,212.090,212.090,86
20260528112800,212.060,212.060,212.010,212.010,63
20260528112900,212.010,212.270,211.800,212.270,207
20260528113000,212.330,212.330,212.270,212.270,7
20260528130100,212.030,212.330,211.330,211.500,209
20260528130200,211.460,211.990,211.330,211.950,61
20260528130300,211.610,211.940,211.600,211.850,12
20260528130400,211.350,211.730,211.350,211.730,24
20260528130500,211.850,211.850,211.470,211.810,25
20260528130600,211.350,211.350,210.810,210.820,98
20260528130700,211.000,211.640,211.000,211.530,59
20260528130800,211.540,211.540,211.530,211.540,10
20260528130900,211.610,211.610,211.280,211.520,15
20260528131000,211.520,211.920,211.310,211.590,33
20260528131100,211.200,212.000,211.200,211.360,90
20260528131200,211.750,211.750,211.400,211.580,20
20260528131300,211.320,211.880,211.320,211.880,49
20260528131400,211.940,211.940,211.370,211.370,35
20260528131500,211.500,211.520,211.110,211.110,23
20260528131600,211.100,211.440,211.100,211.440,23
20260528131700,211.580,211.580,211.400,211.400,21
20260528131800,211.510,211.510,211.350,211.350,8
20260528131900,211.560,211.620,211.550,211.600,23
20260528132000,211.670,211.880,211.670,211.860,10
20260528132100,211.860,211.870,211.550,211.550,18
20260528132200,211.550,211.550,211.350,211.370,34
20260528132300,211.350,211.350,211.150,211.160,72
20260528132400,211.240,211.670,211.230,211.670,8
20260528132500,211.680,211.750,211.670,211.750,11
20260528132600,211.730,211.930,211.600,211.920,13
20260528132700,211.920,211.920,211.800,211.910,14
20260528132800,211.890,211.990,211.750,211.960,63
20260528132900,211.960,211.990,211.750,211.750,24
20260528133000,211.760,211.760,211.500,211.500,51
20260528133100,211.590,211.830,211.420,211.500,39
20260528133200,211.740,211.740,211.360,211.360,12
20260528133300,211.610,211.610,211.420,211.420,17
20260528133400,211.550,211.730,211.550,211.610,16
20260528133500,211.730,211.880,211.530,211.880,16
20260528133600,211.730,212.020,211.730,212.020,71
20260528133700,212.270,212.530,212.030,212.500,40
20260528133800,212.540,212.540,212.110,212.530,15
20260528133900,212.140,212.570,212.140,212.200,57
20260528134000,212.520,212.520,212.190,212.200,12
20260528134100,212.510,212.700,212.300,212.700,14
20260528134200,212.500,212.500,212.110,212.110,28
20260528134300,212.450,212.550,212.450,212.550,10
20260528134400,212.820,213.150,212.820,212.960,73
20260528134500,212.960,213.280,212.960,213.160,34
20260528134600,213.180,213.500,213.180,213.500,16
20260528134700,213.460,213.460,213.220,213.450,12
20260528134800,213.450,213.460,213.260,213.460,19
20260528134900,213.460,213.630,213.180,213.470,94
20260528135000,213.650,213.650,213.300,213.300,62
20260528135100,213.300,213.500,213.150,213.480,24
20260528135200,213.430,213.470,213.390,213.400,24
20260528135300,213.200,213.300,213.200,213.300,7
20260528135400,213.140,213.290,213.140,213.290,20
20260528135500,213.300,213.480,212.980,212.980,9
20260528135600,213.400,213.450,213.400,213.450,8
20260528135700,213.470,213.470,213.090,213.120,14
20260528135800,213.090,213.440,213.060,213.440,12
20260528135900,213.120,213.460,213.120,213.460,10
20260528140000,212.960,212.960,212.660,212.660,75
20260528140100,212.720,213.260,212.710,213.190,18
20260528140200,213.230,213.230,212.970,213.040,20
20260528140300,212.760,213.060,212.730,213.060,26
20260528140400,213.060,213.060,212.790,213.060,6
20260528140500,212.710,212.710,212.200,212.200,48
20260528140600,212.500,212.810,212.250,212.810,10
20260528140700,212.800,212.800,212.210,212.210,30
20260528140800,212.350,212.350,212.160,212.340,8
20260528140900,212.030,212.420,212.030,212.350,25
20260528141000,212.340,212.440,212.070,212.440,18
20260528141100,212.030,212.030,211.730,211.910,73
20260528141200,211.790,211.910,211.580,211.730,33
20260528141300,212.080,212.080,212.060,212.060,6
20260528141400,211.960,212.210,211.650,211.650,21
20260528141500,211.600,211.770,211.550,211.770,18
20260528141600,211.910,212.070,211.760,211.760,14
20260528141700,212.040,212.150,211.760,212.130,28
20260528141800,212.120,212.130,211.800,211.800,15
20260528141900,212.130,212.130,211.790,212.110,12
20260528142000,212.140,212.260,211.800,211.820,23
20260528142100,212.150,212.150,211.770,211.780,21
20260528142200,211.410,211.410,211.230,211.230,81
20260528142300,211.490,211.490,211.200,211.200,16
20260528142400,211.160,211.450,211.140,211.190,41
20260528142500,211.200,211.200,211.140,211.140,37
20260528142600,211.370,211.370,211.170,211.170,7
20260528142700,211.180,211.370,210.930,210.960,205
20260528142800,210.830,210.830,210.760,210.760,60
20260528142900,210.800,211.090,210.780,210.960,23
20260528143000,211.000,211.150,210.960,211.000,14
20260528143100,210.970,211.080,210.800,210.810,60
20260528143200,210.910,211.280,210.810,210.820,64
20260528143300,211.270,211.270,210.820,211.200,35
20260528143400,210.910,210.920,210.900,210.920,15
20260528143500,210.940,210.940,210.920,210.920,8
20260528143600,210.960,211.170,210.950,210.960,17
20260528143700,211.140,211.140,210.100,210.110,703
20260528143800,210.100,210.100,209.500,209.710,413
20260528143900,209.700,209.700,209.300,209.300,138
20260528144000,209.310,209.460,209.300,209.410,190
20260528144100,209.710,209.870,209.480,209.740,232
20260528144200,209.740,210.090,209.570,209.570,112
20260528144300,209.930,210.080,209.410,209.810,224
20260528144400,209.520,209.640,209.160,209.310,168
20260528144500,209.320,209.370,209.120,209.230,130
20260528144600,209.870,210.420,209.870,210.370,86
20260528144700,210.360,210.850,210.360,210.550,85
20260528144800,210.560,210.850,210.560,210.610,31
20260528144900,210.840,210.940,210.840,210.940,36
20260528145000,210.930,211.050,210.860,211.050,71
20260528145100,211.060,211.540,211.010,211.530,59
20260528145200,211.070,211.400,210.880,211.370,126
20260528145300,210.950,211.400,210.950,211.110,43
20260528145400,211.290,211.400,211.100,211.400,125
20260528145500,211.440,211.440,211.100,211.400,56
20260528145600,211.240,211.240,210.600,210.600,41
20260528145700,210.610,211.030,210.590,210.590,69
20260528145800,210.590,210.590,210.590,210.590,0
20260528145900,210.590,210.590,210.590,210.590,0
20260528150000,210.590,210.590,210.590,210.590,55
20260529093000,210.590,210.590,210.590,210.590,23
20260529093100,209.980,211.640,209.980,211.530,117
20260529093200,211.390,212.000,210.790,211.100,84
20260529093300,210.720,210.720,209.210,209.490,142
20260529093400,209.980,209.980,209.700,209.980,48
20260529093500,209.980,210.240,209.810,210.240,30
20260529093600,210.250,210.460,210.160,210.460,17
20260529093700,210.250,210.970,209.980,210.790,106
20260529093800,210.320,211.100,209.950,209.950,166
20260529093900,210.040,210.190,209.850,210.180,54
20260529094000,210.170,210.170,209.820,209.850,40
20260529094100,209.730,210.200,209.730,210.200,49
20260529094200,210.000,210.000,209.600,209.680,69
20260529094300,209.670,209.990,209.670,209.740,71
20260529094400,209.650,209.870,209.510,209.810,12
20260529094500,209.500,210.200,209.500,210.200,64
20260529094600,209.790,210.600,209.790,210.600,71
20260529094700,210.600,211.200,210.590,211.200,62
20260529094800,210.790,211.200,210.710,211.200,32
20260529094900,211.180,211.490,211.010,211.250,34
20260529095000,211.470,211.770,211.120,211.480,75
20260529095100,211.690,211.690,211.470,211.650,38
20260529095200,211.630,211.640,211.270,211.270,56
20260529095300,211.280,211.280,210.480,210.830,40
20260529095400,210.870,210.890,210.530,210.890,15
20260529095500,210.890,210.900,210.580,210.900,17
20260529095600,210.900,211.600,210.900,211.590,53
20260529095700,211.580,211.800,211.580,211.660,44
20260529095800,211.320,211.600,211.190,211.190,26
20260529095900,211.200,211.510,211.200,211.500,12
20260529100000,211.230,211.520,211.170,211.500,24
20260529100100,211.500,211.500,211.080,211.360,24
20260529100200,211.360,211.440,211.350,211.350,12
20260529100300,211.170,211.170,210.920,210.920,16
20260529100400,210.750,211.470,210.750,211.250,26
20260529100500,211.200,211.200,210.940,210.940,22
20260529100600,211.040,211.120,210.880,211.110,20
20260529100700,210.760,211.180,210.760,211.180,38
20260529100800,210.910,210.920,210.620,210.880,55
20260529100900,210.970,211.140,210.970,211.140,16
20260529101000,211.200,211.430,211.200,211.430,30
20260529101100,211.090,211.340,211.090,211.330,8
20260529101200,211.320,211.390,211.300,211.390,39
20260529101300,211.190,211.490,211.190,211.490,39
20260529101400,211.340,211.500,211.190,211.500,28
20260529101500,211.140,211.140,210.440,210.510,91
20260529101600,210.360,210.360,210.060,210.080,31
20260529101700,210.070,210.540,210.070,210.190,13
20260529101800,210.190,210.370,210.000,210.340,49
20260529101900,210.350,210.490,210.350,210.490,9
20260529102000,210.120,210.500,209.780,209.780,69
20260529102100,209.830,209.890,209.780,209.780,14
20260529102200,209.600,209.790,209.520,209.520,30
20260529102300,209.530,209.770,209.500,209.770,38
20260529102400,209.780,209.780,209.500,209.760,32
20260529102500,209.790,210.140,209.730,210.130,30
20260529102600,209.770,210.070,209.770,210.070,10
20260529102700,209.740,209.960,209.510,209.960,29
20260529102800,209.600,209.870,209.590,209.590,65
20260529102900,209.410,209.810,209.200,209.620,152
20260529103000,209.650,209.920,209.650,209.650,9
20260529103100,209.670,209.880,209.650,209.650,35
20260529103200,209.660,209.730,209.540,209.730,66
20260529103300,209.750,209.750,208.770,208.770,389
20260529103400,208.770,209.100,208.550,208.890,524
20260529103500,208.660,209.410,208.650,208.710,57
20260529103600,209.060,209.060,209.000,209.000,10
20260529103700,208.760,208.760,208.650,208.650,39
20260529103800,208.880,208.880,208.210,208.320,126
20260529103900,208.550,208.640,208.400,208.400,14
20260529104000,208.640,208.780,208.460,208.470,125
20260529104100,208.860,208.860,208.480,208.600,14
20260529104200,208.400,208.410,208.220,208.220,36
20260529104300,208.220,208.600,208.120,208.600,103
20260529104400,208.600,208.600,208.580,208.580,53
20260529104500,208.230,208.550,208.120,208.520,33
20260529104600,208.130,208.520,208.130,208.350,67
20260529104700,208.490,209.110,208.200,209.110,58
20260529104800,209.110,209.180,208.800,209.180,34
20260529104900,209.090,209.120,208.890,209.120,36
20260529105000,209.350,209.460,209.190,209.450,54
20260529105100,209.120,209.350,208.900,209.340,18
20260529105200,209.300,209.300,208.650,208.700,33
20260529105300,208.770,209.070,208.770,209.070,17
20260529105400,208.810,209.150,208.700,208.710,28
20260529105500,208.710,208.940,208.650,208.940,35
20260529105600,208.960,208.990,208.960,208.990,8
20260529105700,208.640,208.940,208.550,208.930,30
20260529105800,208.900,209.500,208.790,209.450,108
20260529105900,208.830,209.290,208.820,209.290,8
20260529110000,209.260,209.280,208.770,209.170,14
20260529110100,209.190,209.190,208.660,208.660,32
20260529110200,208.730,208.930,208.640,208.820,43
20260529110300,208.810,208.970,208.810,208.970,39
20260529110400,208.740,208.840,208.550,208.550,36
20260529110500,208.550,208.560,208.540,208.560,27
20260529110600,208.470,208.750,208.260,208.260,37
20260529110700,208.710,208.710,208.210,208.580,46
20260529110800,208.220,208.620,208.120,208.120,75
20260529110900,208.180,208.800,208.120,208.480,107
20260529111000,208.890,209.420,208.870,209.420,30
20260529111100,209.440,209.780,209.030,209.500,82
20260529111200,209.630,209.760,209.520,209.520,48
20260529111300,209.800,209.800,209.410,209.450,76
20260529111400,209.440,209.750,209.430,209.750,45
20260529111500,209.770,210.000,209.760,210.000,52
20260529111600,209.950,209.950,209.430,209.850,68
20260529111700,209.890,210.010,209.850,210.010,30
20260529111800,210.260,210.290,210.000,210.020,84
20260529111900,210.130,210.500,210.130,210.240,27
20260529112000,210.230,211.120,210.230,211.050,136
20260529112100,211.070,211.180,211.020,211.020,52
20260529112200,211.000,211.080,211.000,211.070,28
20260529112300,210.970,211.180,210.420,210.900,30
20260529112400,210.900,210.900,210.330,210.440,100
20260529112500,210.420,210.420,210.330,210.410,22
20260529112600,210.410,210.500,210.340,210.500,13
20260529112700,210.590,210.780,210.590,210.780,33
20260529112800,210.780,210.870,210.600,210.830,10
20260529112900,210.860,210.860,210.570,210.580,18
20260529113000,210.820,211.360,210.460,211.310,110
20260529130100,211.220,212.310,211.210,211.990,220
20260529130200,211.540,211.540,211.250,211.300,44
20260529130300,211.590,211.590,210.740,211.200,152
20260529130400,211.210,211.210,210.350,210.440,50
20260529130500,210.350,210.410,210.010,210.410,37
20260529130600,210.380,210.470,210.380,210.450,30
20260529130700,210.540,210.560,210.410,210.410,16
20260529130800,210.830,210.830,210.540,210.540,18
20260529130900,210.540,211.330,210.540,210.910,171
20260529131000,210.850,210.880,210.850,210.880,72
20260529131100,210.550,210.970,210.550,210.970,45
20260529131200,210.970,210.970,210.050,210.610,241
20260529131300,210.670,210.700,210.310,210.310,92
20260529131400,210.310,210.370,210.310,210.310,25
20260529131500,210.310,210.400,210.220,210.400,56
20260529131600,210.490,210.490,210.300,210.300,31
20260529131700,210.220,210.290,209.750,209.780,100
20260529131800,209.840,210.140,209.560,209.560,58
20260529131900,209.560,209.560,209.560,209.560,0
20260529132000,209.790,210.000,209.770,210.000,30
20260529132100,210.000,210.230,210.000,210.230,88
20260529132200,210.230,210.230,210.130,210.130,33
20260529132300,210.050,210.050,209.830,209.830,31
20260529132400,209.910,209.910,209.910,209.910,26
20260529132500,209.900,209.900,209.780,209.780,40
20260529132600,209.970,209.970,209.810,209.810,31
20260529132700,209.980,210.040,209.880,209.880,20
20260529132800,209.880,209.880,209.100,209.570,140
20260529132900,209.750,209.840,209.750,209.840,33
20260529133000,210.100,210.100,209.870,210.070,8
20260529133100,209.870,209.880,209.750,209.840,26
20260529133200,209.570,209.570,209.490,209.500,46
20260529133300,209.540,209.550,209.400,209.550,20
20260529133400,209.410,209.410,209.000,209.020,50
20260529133500,209.370,209.460,209.210,209.210,106
20260529133600,209.690,209.690,209.250,209.250,18
20260529133700,209.230,209.630,209.200,209.630,52
20260529133800,209.610,209.720,209.610,209.720,35
20260529133900,209.640,209.640,209.600,209.630,38
20260529134000,209.600,209.600,209.460,209.510,30
20260529134100,209.570,209.670,209.570,209.600,43
20260529134200,209.660,209.660,209.480,209.600,22
20260529134300,209.460,209.460,209.150,209.360,94
20260529134400,209.410,209.410,209.230,209.400,27
20260529134500,209.410,209.560,209.270,209.560,49
20260529134600,209.300,209.340,209.230,209.340,20
20260529134700,209.570,210.000,209.500,210.000,89
20260529134800,210.070,210.200,210.070,210.190,76
20260529134900,210.190,210.210,210.050,210.210,31
20260529135000,210.030,210.120,209.970,209.990,41
20260529135100,209.920,209.920,209.460,209.460,42
20260529135200,209.690,209.690,209.470,209.470,12
20260529135300,209.490,209.590,209.260,209.260,59
20260529135400,209.260,209.260,209.000,209.200,34
20260529135500,209.180,209.180,208.310,208.510,106
20260529135600,208.510,209.160,208.510,209.010,32
20260529135700,208.870,208.870,208.500,208.500,54
20260529135800,208.740,208.740,208.560,208.560,18
20260529135900,208.720,208.720,208.560,208.560,21
20260529140000,208.500,208.540,208.320,208.480,33
20260529140100,208.350,208.570,208.350,208.490,79
20260529140200,208.480,208.480,208.120,208.140,83
20260529140300,208.120,208.120,208.050,208.060,44
20260529140400,208.100,208.140,207.130,207.780,296
20260529140500,207.750,207.860,207.750,207.780,28
20260529140600,207.750,207.770,207.400,207.700,40
20260529140700,207.730,207.730,207.430,207.710,43
20260529140800,207.690,207.710,207.460,207.700,61
20260529140900,207.710,208.650,207.710,208.640,67
20260529141000,208.130,208.130,207.720,207.720,53
20260529141100,208.060,208.180,207.780,207.980,61
20260529141200,208.230,208.580,207.970,208.080,76
20260529141300,208.350,208.350,207.830,207.830,23
20260529141400,207.800,207.820,207.460,207.710,77
20260529141500,207.710,207.790,207.500,207.690,63
20260529141600,207.680,207.680,207.410,207.410,91
20260529141700,207.320,207.500,207.200,207.290,19
20260529141800,207.510,207.600,207.310,207.310,55
20260529141900,207.440,207.840,207.340,207.840,60
20260529142000,207.850,207.870,207.240,207.380,42
20260529142100,207.620,207.800,207.500,207.730,49
20260529142200,207.380,207.830,207.380,207.830,14
20260529142300,207.480,207.790,207.240,207.240,77
20260529142400,207.240,207.630,207.200,207.630,69
20260529142500,207.540,207.700,207.200,207.630,76
20260529142600,207.660,207.660,207.650,207.650,12
20260529142700,207.630,207.650,207.230,207.230,51
20260529142800,207.250,207.250,206.970,206.970,170
20260529142900,207.010,207.450,207.010,207.450,41
20260529143000,207.400,207.400,207.130,207.150,24
20260529143100,207.220,207.660,207.220,207.520,67
20260529143200,207.420,207.420,207.160,207.280,95
20260529143300,207.200,207.270,207.160,207.160,17
20260529143400,207.190,207.250,207.180,207.210,44
20260529143500,207.220,207.340,207.070,207.070,54
20260529143600,207.130,207.610,207.010,207.010,95
20260529143700,207.050,207.050,207.000,207.050,43
20260529143800,207.000,207.010,206.720,206.820,93
20260529143900,207.080,207.090,206.870,206.900,66
20260529144000,206.990,206.990,206.780,206.990,83
20260529144100,206.990,206.990,206.800,206.800,46
20260529144200,206.800,206.880,206.590,206.680,117
20260529144300,206.590,206.720,206.590,206.710,53
20260529144400,206.650,206.730,206.550,206.570,79
20260529144500,206.690,206.690,206.500,206.520,42
20260529144600,206.660,206.790,206.450,206.630,122
20260529144700,206.670,206.670,206.480,206.650,68
20260529144800,206.510,207.000,206.460,206.940,65
20260529144900,206.770,207.060,206.600,206.700,51
20260529145000,206.710,207.250,206.710,207.250,98
20260529145100,206.900,207.330,206.890,207.280,131
20260529145200,207.280,207.280,206.570,206.900,146
20260529145300,206.930,207.210,206.740,206.790,97
20260529145400,207.150,207.150,206.620,206.780,96
20260529145500,206.880,207.100,206.620,206.660,96
20260529145600,206.680,207.120,206.510,207.120,132
20260529145700,207.100,207.450,206.500,206.620,134
20260529145800,206.620,206.620,206.620,206.620,0
20260529145900,206.620,206.620,206.620,206.620,0
20260529150000,205.590,205.590,205.590,205.590,629
20260601093000,205.580,205.580,205.580,205.580,27
20260601093100,206.770,206.770,205.120,205.700,82
20260601093200,205.160,205.160,202.000,202.070,290
20260601093300,202.600,203.790,202.080,202.380,345
20260601093400,203.000,203.530,202.500,203.080,276
20260601093500,203.150,205.000,203.090,204.890,268
20260601093600,205.040,206.000,204.910,206.000,248
20260601093700,206.000,206.000,205.040,205.080,234
20260601093800,205.260,205.700,203.540,204.710,162
20260601093900,203.800,206.000,203.790,205.620,136
20260601094000,206.000,206.760,205.460,205.460,186
20260601094100,205.260,206.220,205.110,205.690,196
20260601094200,205.930,206.490,205.030,205.180,173
20260601094300,205.530,205.840,204.680,204.940,218
20260601094400,205.270,205.490,205.020,205.420,95
20260601094500,205.080,205.080,204.040,204.040,130
20260601094600,203.770,203.770,203.340,203.440,137
20260601094700,203.850,204.350,203.850,204.310,79
20260601094800,204.290,204.290,203.480,203.960,73
20260601094900,203.660,203.660,202.640,202.640,145
20260601095000,202.630,203.240,202.360,203.240,134
20260601095100,202.650,203.160,202.490,203.000,72
20260601095200,202.510,202.970,202.280,202.280,72
20260601095300,202.490,202.970,202.390,202.390,76
20260601095400,202.390,202.470,202.300,202.470,36
20260601095500,202.340,202.340,202.180,202.220,124
20260601095600,202.180,202.550,202.140,202.550,69
20260601095700,202.550,202.680,202.250,202.600,64
20260601095800,202.780,202.790,202.570,202.790,137
20260601095900,202.440,202.790,202.440,202.480,29
20260601100000,202.450,202.450,202.260,202.300,57
20260601100100,202.260,202.310,202.180,202.250,92
20260601100200,202.150,202.300,202.150,202.290,41
20260601100300,202.140,202.140,201.430,201.530,316
20260601100400,201.530,201.660,201.530,201.660,59
20260601100500,201.500,202.040,201.490,202.040,75
20260601100600,202.160,202.510,201.980,202.210,95
20260601100700,202.370,202.970,202.370,202.970,67
20260601100800,202.970,203.140,202.750,203.130,26
20260601100900,203.010,203.080,202.710,203.080,50
20260601101000,203.100,203.610,203.100,203.600,75
20260601101100,203.600,203.660,203.380,203.660,88
20260601101200,203.770,204.280,203.380,203.860,57
20260601101300,203.860,204.210,203.470,204.210,103
20260601101400,204.200,204.200,203.860,203.860,61
20260601101500,204.160,204.180,203.830,203.830,57
20260601101600,203.810,204.210,203.440,204.210,117
20260601101700,204.300,204.310,204.270,204.270,62
20260601101800,204.270,204.300,204.240,204.300,53
20260601101900,204.370,204.580,204.270,204.270,46
20260601102000,203.880,204.550,203.880,204.550,81
20260601102100,204.210,204.530,204.000,204.290,58
20260601102200,204.030,206.460,204.030,205.940,233
20260601102300,206.400,206.980,205.940,206.980,181
20260601102400,206.980,206.980,206.550,206.550,73
20260601102500,206.480,207.000,206.260,207.000,149
20260601102600,207.290,207.870,207.290,207.700,154
20260601102700,207.700,208.870,207.700,208.280,249
20260601102800,207.910,208.010,207.430,208.010,186
20260601102900,208.020,208.270,207.850,207.850,94
20260601103000,207.830,207.830,207.500,207.710,34
20260601103100,207.900,208.190,207.790,208.170,229
20260601103200,208.040,208.160,207.500,207.990,118
20260601103300,207.950,207.990,207.650,207.930,44
20260601103400,207.930,207.930,207.660,207.800,93
20260601103500,207.900,208.000,207.640,207.730,115
20260601103600,207.600,208.870,207.600,208.870,384
20260601103700,208.950,209.390,208.320,208.340,229
20260601103800,208.340,208.940,208.340,208.670,85
20260601103900,208.530,209.200,208.390,209.200,113
20260601104000,209.180,209.250,209.040,209.180,94
20260601104100,209.180,209.180,208.650,209.160,99
20260601104200,209.150,209.170,208.900,208.940,55
20260601104300,208.890,208.890,208.340,208.340,48
20260601104400,208.760,208.760,208.350,208.650,113
20260601104500,208.700,208.700,208.590,208.640,53
20260601104600,208.580,209.130,208.580,209.120,86
20260601104700,209.130,209.130,208.350,208.700,89
20260601104800,208.690,208.700,207.940,208.120,114
20260601104900,208.400,208.440,208.140,208.400,37
20260601105000,208.400,208.700,208.400,208.700,50
20260601105100,208.700,208.860,208.700,208.810,76
20260601105200,208.860,208.900,208.720,208.860,38
20260601105300,208.850,209.120,208.840,208.900,137
20260601105400,208.890,209.060,208.500,208.500,91
20260601105500,208.830,208.830,208.320,208.430,88
20260601105600,208.800,208.800,208.490,208.490,68
20260601105700,208.490,208.640,208.140,208.490,106
20260601105800,208.490,208.940,208.420,208.720,123
20260601105900,208.920,208.990,208.720,208.720,70
20260601110000,208.720,208.970,208.720,208.880,65
20260601110100,208.880,209.080,208.000,208.380,176
20260601110200,208.360,208.360,207.010,207.010,111
20260601110300,207.030,207.210,206.520,206.520,70
20260601110400,206.510,206.780,206.510,206.690,19
20260601110500,206.540,206.690,205.990,205.990,80
20260601110600,206.300,206.300,205.990,206.190,52
20260601110700,206.310,206.510,205.540,205.780,90
20260601110800,205.760,205.900,205.420,205.420,26
20260601110900,205.440,205.840,205.420,205.710,81
20260601111000,205.820,205.830,205.420,205.810,26
20260601111100,205.800,205.800,205.770,205.770,25
20260601111200,205.720,205.720,205.150,205.150,49
20260601111300,205.150,205.340,205.140,205.230,36
20260601111400,205.070,205.280,204.620,204.620,63
20260601111500,204.620,205.000,204.620,204.970,33
20260601111600,204.970,205.600,204.970,205.370,70
20260601111700,205.260,205.330,204.960,205.280,70
20260601111800,205.260,205.560,205.260,205.300,69
20260601111900,205.550,205.550,204.930,205.280,108
20260601112000,205.220,205.220,204.840,205.190,24
20260601112100,205.190,205.260,204.870,205.260,39
20260601112200,205.320,205.610,205.320,205.530,70
20260601112300,205.530,205.530,204.890,205.360,25
20260601112400,205.330,205.330,204.900,205.140,37
20260601112500,205.410,205.690,205.150,205.610,77
20260601112600,205.570,205.570,205.150,205.160,35
20260601112700,205.440,205.730,205.230,205.570,223
20260601112800,205.730,205.730,205.240,205.720,28
20260601112900,205.720,205.730,205.610,205.730,33
20260601113000,205.650,205.650,205.260,205.490,34
20260601130100,205.510,206.300,205.250,206.300,431
20260601130200,206.860,206.880,206.350,206.670,57
20260601130300,206.060,206.060,204.870,204.960,135
20260601130400,205.440,205.440,204.990,205.030,22
20260601130500,205.410,205.410,205.090,205.380,49
20260601130600,205.000,205.420,205.000,205.070,45
20260601130700,205.420,205.590,205.130,205.130,79
20260601130800,205.500,205.500,204.500,204.510,100
20260601130900,204.840,204.840,204.220,204.500,22
20260601131000,204.300,204.600,204.300,204.570,36
20260601131100,204.340,204.600,204.340,204.590,38
20260601131200,204.600,204.670,204.340,204.570,56
20260601131300,204.570,204.930,204.340,204.930,112
20260601131400,204.670,204.670,204.330,204.330,44
20260601131500,204.330,204.330,204.000,204.000,99
20260601131600,203.820,204.180,203.820,204.180,57
20260601131700,204.330,204.390,204.080,204.080,54
20260601131800,204.070,204.070,203.800,203.800,43
20260601131900,204.070,204.480,203.800,204.020,92
20260601132000,204.000,204.330,203.980,204.000,33
20260601132100,204.330,204.330,203.900,204.160,35
20260601132200,204.160,204.220,203.800,203.820,79
20260601132300,204.210,204.260,203.860,204.260,33
20260601132400,204.260,204.260,204.060,204.060,24
20260601132500,204.060,204.330,204.000,204.140,85
20260601132600,204.330,204.500,204.330,204.500,27
20260601132700,204.420,204.590,204.140,204.140,39
20260601132800,204.560,205.210,204.080,205.200,169
20260601132900,205.190,205.190,204.840,205.180,26
20260601133000,204.750,205.100,204.750,204.940,17
20260601133100,204.940,204.940,204.620,204.930,37
20260601133200,204.910,205.070,204.910,205.070,56
20260601133300,204.990,205.070,204.690,204.870,46
20260601133400,204.880,205.070,204.870,205.070,18
20260601133500,204.890,205.070,204.880,204.880,19
20260601133600,204.880,204.980,204.870,204.980,16
20260601133700,204.980,204.980,204.560,204.690,39
20260601133800,204.700,204.750,204.190,204.210,79
20260601133900,204.220,204.650,204.210,204.220,27
20260601134000,204.550,204.620,204.250,204.340,46
20260601134100,204.680,204.710,204.340,204.710,17
20260601134200,204.710,204.710,204.550,204.550,11
20260601134300,204.450,204.700,204.420,204.600,38
20260601134400,204.420,204.600,204.260,204.550,49
20260601134500,204.680,204.970,204.540,204.970,66
20260601134600,204.910,205.000,204.650,204.650,18
20260601134700,205.000,205.020,204.820,205.020,37
20260601134800,204.970,204.970,204.250,204.630,35
20260601134900,204.630,204.730,204.400,204.400,47
20260601135000,204.730,204.830,204.530,204.540,24
20260601135100,204.830,204.900,204.830,204.830,21
20260601135200,204.960,205.060,204.860,205.060,50
20260601135300,204.830,204.830,204.570,204.570,24
20260601135400,204.650,204.740,204.630,204.630,15
20260601135500,204.330,204.630,204.250,204.570,26
20260601135600,204.580,204.830,204.260,204.830,57
20260601135700,204.830,204.830,204.680,204.740,16
20260601135800,204.650,204.840,204.600,204.840,43
20260601135900,204.840,205.100,204.570,204.840,27
20260601140000,205.090,205.100,204.840,204.990,32
20260601140100,205.000,205.190,205.000,205.190,24
20260601140200,205.170,205.380,205.010,205.380,38
20260601140300,205.380,205.590,205.290,205.560,36
20260601140400,205.380,205.570,205.380,205.500,43
20260601140500,205.330,205.500,205.290,205.290,16
20260601140600,205.290,205.360,204.860,204.860,34
20260601140700,204.860,205.190,204.840,204.840,20
20260601140800,205.180,205.280,205.180,205.270,27
20260601140900,204.810,205.160,204.680,205.100,33
20260601141000,205.080,205.080,204.650,204.650,17
20260601141100,205.030,205.030,204.560,204.570,60
20260601141200,204.560,204.740,204.510,204.700,22
20260601141300,204.690,204.690,204.370,204.380,29
20260601141400,204.670,204.670,204.250,204.600,30
20260601141500,204.590,204.590,204.260,204.420,17
20260601141600,204.250,204.510,204.250,204.510,30
20260601141700,204.250,204.550,204.250,204.550,36
20260601141800,204.540,204.600,204.300,204.340,34
20260601141900,204.610,204.610,204.360,204.610,21
20260601142000,204.600,204.670,204.380,204.670,34
20260601142100,204.660,204.750,204.620,204.620,47
20260601142200,204.730,204.930,204.730,204.790,32
20260601142300,205.050,205.050,204.800,205.000,52
20260601142400,205.040,205.120,204.810,204.860,41
20260601142500,204.850,204.990,204.560,204.990,65
20260601142600,205.000,205.120,205.000,205.070,31
20260601142700,205.060,205.080,204.660,205.040,60
20260601142800,205.020,205.150,205.020,205.150,43
20260601142900,205.200,205.220,205.040,205.200,50
20260601143000,205.220,205.220,204.890,205.130,25
20260601143100,205.090,205.300,204.920,205.250,52
20260601143200,205.250,205.300,205.000,205.300,68
20260601143300,205.300,205.590,205.300,205.400,66
20260601143400,205.400,205.800,205.400,205.610,249
20260601143500,205.800,205.800,205.390,205.440,47
20260601143600,205.500,205.610,205.440,205.440,61
20260601143700,205.500,205.610,205.110,205.390,54
20260601143800,205.150,205.440,205.130,205.440,47
20260601143900,205.500,205.500,205.130,205.130,83
20260601144000,205.130,205.350,205.130,205.350,50
20260601144100,205.320,205.330,205.280,205.310,43
20260601144200,205.310,205.310,205.180,205.310,64
20260601144300,205.190,205.380,205.190,205.280,81
20260601144400,205.370,205.610,205.370,205.610,66
20260601144500,205.610,205.790,205.530,205.540,50
20260601144600,205.640,205.800,205.640,205.800,73
20260601144700,205.660,205.850,205.500,205.500,95
20260601144800,205.600,205.600,205.300,205.300,47
20260601144900,205.490,205.510,205.300,205.510,45
20260601145000,205.590,205.590,205.500,205.530,52
20260601145100,205.530,205.590,205.490,205.500,54
20260601145200,205.510,206.300,205.510,205.600,469
20260601145300,205.600,205.600,205.400,205.560,104
20260601145400,205.250,205.570,205.250,205.280,58
20260601145500,205.290,205.600,205.000,205.490,72
20260601145600,205.470,205.470,204.570,204.640,113
20260601145700,204.590,205.400,204.570,204.590,76
20260601145800,204.590,204.590,204.590,204.590,0
20260601145900,204.590,204.590,204.590,204.590,0
20260601150000,204.580,204.580,204.580,204.580,198
20260602093000,204.000,204.000,204.000,204.000,14
20260602093100,203.160,204.680,203.160,204.550,52
20260602093200,204.000,206.000,204.000,206.000,356
20260602093300,206.220,208.500,205.060,205.060,334
20260602093400,204.590,204.590,203.300,204.030,67
20260602093500,204.000,204.160,203.480,204.130,58
20260602093600,204.850,205.960,204.250,204.250,123
20260602093700,204.250,204.800,203.200,203.200,748
20260602093800,203.160,203.280,202.590,202.900,92
20260602093900,203.000,203.000,202.420,202.480,71
20260602094000,202.420,202.800,202.300,202.800,58
20260602094100,202.800,202.800,202.110,202.300,44
20260602094200,202.640,202.820,202.460,202.690,67
20260602094300,202.410,202.700,202.410,202.650,24
20260602094400,202.660,203.010,202.340,202.740,34
20260602094500,203.010,203.690,202.640,203.630,87
20260602094600,203.630,203.680,202.410,202.980,92
20260602094700,202.970,202.980,202.110,202.400,150
20260602094800,202.380,202.780,202.310,202.310,42
20260602094900,202.380,202.600,202.160,202.160,42
20260602095000,202.470,202.470,202.170,202.240,35
20260602095100,202.240,202.520,202.240,202.520,36
20260602095200,202.570,202.770,202.330,202.330,56
20260602095300,202.670,202.760,201.480,201.480,208
20260602095400,201.770,202.460,201.700,201.910,129
20260602095500,202.290,202.290,201.690,201.690,50
20260602095600,201.500,201.890,201.500,201.890,72
20260602095700,201.800,201.850,201.120,201.500,128
20260602095800,201.470,201.880,201.110,201.880,89
20260602095900,201.960,201.960,201.480,201.480,70
20260602100000,201.480,201.940,201.480,201.940,49
20260602100100,202.080,202.120,201.740,201.740,42
20260602100200,202.180,202.180,201.480,202.060,100
20260602100300,201.600,202.140,201.600,202.140,68
20260602100400,202.270,202.510,201.710,202.500,57
20260602100500,202.120,202.500,201.940,202.500,56
20260602100600,202.500,202.860,202.500,202.520,50
20260602100700,202.920,202.920,202.470,202.470,53
20260602100800,202.450,202.520,202.110,202.450,41
20260602100900,202.480,202.530,201.700,201.700,92
20260602101000,201.790,201.870,201.600,201.760,33
20260602101100,201.990,202.070,201.540,202.060,32
20260602101200,202.060,202.260,201.950,202.250,29
20260602101300,202.090,202.220,202.020,202.030,38
20260602101400,202.070,202.410,202.070,202.410,32
20260602101500,202.400,202.490,202.140,202.470,44
20260602101600,202.460,202.480,202.150,202.310,32
20260602101700,202.450,202.470,201.810,202.110,74
20260602101800,201.890,202.140,201.890,202.140,23
20260602101900,202.170,202.480,201.920,201.920,81
20260602102000,202.220,202.400,201.910,201.970,29
20260602102100,202.300,202.410,201.970,202.410,42
20260602102200,202.410,202.560,202.410,202.410,56
20260602102300,202.410,202.410,202.110,202.340,29
20260602102400,202.360,202.430,202.050,202.110,59
20260602102500,202.150,202.410,202.050,202.400,34
20260602102600,202.100,202.680,202.100,202.270,30
20260602102700,202.600,202.650,202.270,202.640,23
20260602102800,202.640,202.640,202.640,202.640,22
20260602102900,202.630,202.640,202.410,202.640,30
20260602103000,202.410,202.920,202.410,202.920,38
20260602103100,202.980,204.260,202.980,204.260,86
20260602103200,204.260,204.490,204.050,204.400,37
20260602103300,204.470,204.680,204.240,204.240,64
20260602103400,204.060,204.300,204.060,204.300,22
20260602103500,204.330,206.400,204.240,206.210,521
20260602103600,205.870,206.320,205.700,206.190,66
20260602103700,205.780,205.910,205.550,205.770,44
20260602103800,205.760,205.880,204.830,205.020,142
20260602103900,205.020,205.350,204.950,205.340,33
20260602104000,205.040,205.130,204.380,205.020,78
20260602104100,205.280,205.280,204.910,205.250,52
20260602104200,205.250,205.330,204.930,205.190,50
20260602104300,205.190,205.190,204.930,204.940,33
20260602104400,205.160,205.160,204.840,205.150,35
20260602104500,205.150,205.360,205.150,205.360,31
20260602104600,205.370,205.370,204.910,205.070,30
20260602104700,205.110,205.360,205.010,205.360,46
20260602104800,205.360,205.360,203.990,204.350,169
20260602104900,204.530,204.530,204.140,204.180,38
20260602105000,204.440,204.450,204.330,204.450,26
20260602105100,204.450,204.840,203.800,203.830,120
20260602105200,203.830,204.600,203.600,204.600,133
20260602105300,204.600,204.730,204.330,204.730,45
20260602105400,204.730,205.000,204.730,205.000,34
20260602105500,204.980,204.990,204.660,204.830,37
20260602105600,204.940,205.010,204.500,204.500,58
20260602105700,204.400,204.710,204.300,204.620,42
20260602105800,204.180,204.700,204.180,204.700,24
20260602105900,204.690,204.850,204.300,204.350,45
20260602110000,204.180,204.620,203.800,204.620,74
20260602110100,204.280,204.670,204.230,204.620,37
20260602110200,204.620,204.670,204.380,204.670,28
20260602110300,204.430,205.330,204.330,205.290,88
20260602110400,204.810,205.140,204.810,204.990,31
20260602110500,205.090,205.320,204.830,205.240,38
20260602110600,205.250,205.370,204.900,204.900,47
20260602110700,205.000,205.000,204.580,204.620,164
20260602110800,204.960,205.210,204.860,204.860,33
20260602110900,204.890,204.960,204.580,204.960,20
20260602111000,204.990,205.180,204.810,205.180,27
20260602111100,205.200,205.210,204.700,205.090,81
20260602111200,205.130,205.200,204.830,204.850,41
20260602111300,204.860,205.230,204.860,205.230,23
20260602111400,205.210,205.220,205.140,205.220,29
20260602111500,205.200,205.240,204.830,204.830,45
20260602111600,204.850,204.850,204.610,204.720,41
20260602111700,204.750,205.000,204.390,204.530,267
20260602111800,204.390,204.390,204.300,204.390,24
20260602111900,204.320,204.390,204.230,204.230,38
20260602112000,204.300,204.770,204.300,204.730,41
20260602112100,204.720,204.740,204.650,204.670,30
20260602112200,204.630,204.670,204.570,204.570,61
20260602112300,204.530,204.770,204.530,204.770,66
20260602112400,205.030,205.400,205.030,205.340,72
20260602112500,205.200,205.240,205.050,205.050,17
20260602112600,205.220,205.220,205.050,205.060,27
20260602112700,204.970,205.220,204.720,205.200,132
20260602112800,205.260,205.260,205.260,205.260,36
20260602112900,205.250,205.780,205.200,205.420,67
20260602113000,205.540,205.580,205.320,205.570,36
20260602130100,205.560,206.390,205.380,206.390,358
20260602130200,206.210,206.780,206.050,206.050,204
20260602130300,206.000,206.150,206.000,206.140,48
20260602130400,205.840,206.120,205.760,205.960,54
20260602130500,205.750,205.890,205.390,205.690,85
20260602130600,205.380,205.560,205.290,205.480,61
20260602130700,205.520,205.570,205.470,205.540,37
20260602130800,205.540,205.590,205.470,205.470,31
20260602130900,205.450,205.450,205.300,205.350,62
20260602131000,205.350,205.420,205.100,205.180,88
20260602131100,205.100,205.230,205.100,205.160,57
20260602131200,205.200,205.230,205.130,205.230,14
20260602131300,205.230,205.230,205.200,205.200,14
20260602131400,205.200,205.200,204.660,204.920,211
20260602131500,204.910,204.910,204.610,204.910,21
20260602131600,204.640,205.720,204.640,205.720,81
20260602131700,205.450,205.450,204.940,204.940,51
20260602131800,205.020,205.420,204.810,204.810,44
20260602131900,205.410,205.410,204.840,205.180,31
20260602132000,205.170,205.450,205.000,205.450,56
20260602132100,205.450,205.840,205.450,205.570,31
20260602132200,205.570,205.570,205.270,205.470,52
20260602132300,205.470,205.660,205.470,205.660,11
20260602132400,205.840,205.840,205.660,205.830,36
20260602132500,205.830,205.830,205.590,205.670,25
20260602132600,205.670,205.670,205.150,205.200,49
20260602132700,205.520,205.520,205.430,205.470,21
20260602132800,205.480,205.840,205.480,205.840,31
20260602132900,205.830,205.830,205.230,205.470,119
20260602133000,205.230,205.570,205.180,205.510,36
20260602133100,205.180,206.600,205.180,206.280,330
20260602133200,206.280,206.290,205.900,205.900,47
20260602133300,206.000,206.590,205.810,206.590,257
20260602133400,206.520,206.520,205.740,205.950,91
20260602133500,205.950,206.100,205.940,206.000,118
20260602133600,205.970,206.090,205.970,205.990,34
20260602133700,205.980,206.270,205.980,206.270,209
20260602133800,206.250,206.400,206.080,206.400,102
20260602133900,207.000,207.000,206.160,206.310,341
20260602134000,206.520,206.520,206.180,206.180,300
20260602134100,206.100,206.500,206.100,206.500,230
20260602134200,206.220,206.410,206.000,206.320,190
20260602134300,206.300,206.300,206.090,206.250,204
20260602134400,206.220,206.310,205.940,206.190,35
20260602134500,206.010,206.030,205.850,206.010,54
20260602134600,206.180,206.300,206.000,206.010,44
20260602134700,206.010,206.010,205.860,205.920,31
20260602134800,205.920,206.000,205.810,205.810,13
20260602134900,205.790,205.920,205.790,205.920,51
20260602135000,205.920,206.000,205.920,206.000,43
20260602135100,205.940,206.800,205.920,206.390,600
20260602135200,206.030,206.390,206.010,206.030,135
20260602135300,206.030,207.000,206.020,207.000,838
20260602135400,207.300,208.100,207.210,208.100,236
20260602135500,208.100,208.440,208.090,208.440,47
20260602135600,208.310,208.450,208.150,208.200,132
20260602135700,208.430,208.430,208.080,208.310,40
20260602135800,208.190,208.880,208.190,208.880,185
20260602135900,208.950,208.960,208.880,208.960,101
20260602140000,208.950,209.490,208.950,209.420,137
20260602140100,209.240,209.500,209.240,209.240,115
20260602140200,209.240,209.460,209.240,209.450,25
20260602140300,209.450,209.500,209.430,209.430,184
20260602140400,209.350,209.350,209.050,209.050,59
20260602140500,209.050,209.400,209.020,209.400,58
20260602140600,209.320,209.470,209.060,209.060,51
20260602140700,209.020,209.280,208.940,208.940,52
20260602140800,208.940,208.950,208.850,208.880,57
20260602140900,208.690,208.690,208.550,208.660,49
20260602141000,208.660,208.660,208.450,208.650,37
20260602141100,208.450,208.460,208.280,208.460,79
20260602141200,208.480,208.940,208.480,208.920,77
20260602141300,208.920,208.920,208.680,208.900,17
20260602141400,208.800,208.800,208.210,208.370,132
20260602141500,208.370,208.370,208.060,208.290,34
20260602141600,208.300,208.500,208.300,208.500,21
20260602141700,208.570,208.900,208.570,208.870,105
20260602141800,208.700,208.780,208.700,208.780,23
20260602141900,208.890,209.100,208.890,209.100,52
20260602142000,209.170,209.390,209.150,209.150,112
20260602142100,209.110,209.280,208.780,209.280,58
20260602142200,209.410,209.450,209.150,209.380,65
20260602142300,208.930,209.400,208.930,209.020,64
20260602142400,208.960,208.960,208.800,208.940,60
20260602142500,209.020,209.290,208.710,209.180,67
20260602142600,208.710,209.190,208.710,209.190,76
20260602142700,209.190,209.190,208.890,208.900,38
20260602142800,209.060,209.060,208.670,208.670,86
20260602142900,208.610,208.890,208.610,208.790,55
20260602143000,208.610,208.830,208.380,208.510,66
20260602143100,208.510,208.830,208.510,208.770,71
20260602143200,208.610,208.780,208.610,208.670,111
20260602143300,208.690,208.780,208.550,208.670,59
20260602143400,208.590,208.770,208.540,208.690,76
20260602143500,208.610,208.830,208.440,208.780,188
20260602143600,208.710,209.010,208.710,209.010,95
20260602143700,209.010,209.190,208.930,208.960,114
20260602143800,208.910,209.190,208.910,209.190,72
20260602143900,209.190,209.260,208.950,208.950,89
20260602144000,209.050,209.260,209.050,209.260,79
20260602144100,209.250,209.250,209.070,209.170,93
20260602144200,209.060,209.250,209.060,209.080,102
20260602144300,209.210,209.330,209.210,209.210,85
20260602144400,209.370,209.370,209.030,209.080,94
20260602144500,208.980,209.270,208.980,209.250,65
20260602144600,209.190,209.320,209.160,209.160,109
20260602144700,209.140,209.250,209.100,209.250,64
20260602144800,209.180,209.250,209.100,209.220,128
20260602144900,209.250,209.250,208.710,208.710,119
20260602145000,208.880,209.000,208.710,208.990,40
20260602145100,208.820,209.140,208.820,209.070,78
20260602145200,208.930,209.140,208.820,209.140,79
20260602145300,209.140,209.180,209.140,209.160,51
20260602145400,209.160,209.180,208.960,209.180,97
20260602145500,209.010,209.140,208.720,208.720,70
20260602145600,209.090,209.090,208.710,209.070,43
20260602145700,208.780,209.040,208.710,208.730,26
20260602145800,208.730,208.730,208.730,208.730,0
20260602145900,208.730,208.730,208.730,208.730,0
20260602150000,208.690,208.690,208.690,208.690,108
20260603093000,206.810,206.810,206.810,206.810,12
20260603093100,206.810,207.250,206.290,206.410,220
20260603093200,206.340,206.340,204.020,204.800,231
20260603093300,204.890,205.970,204.890,205.970,190
20260603093400,205.570,205.570,204.890,205.100,113
20260603093500,204.940,205.100,204.500,204.520,70
20260603093600,204.650,205.640,204.650,204.990,74
20260603093700,204.800,205.590,204.500,204.500,83
20260603093800,204.500,204.500,204.360,204.370,28
20260603093900,204.350,205.080,203.800,204.820,250
20260603094000,204.700,205.460,204.700,205.110,72
20260603094100,205.540,205.550,205.120,205.400,36
20260603094200,205.450,205.800,205.130,205.130,29
20260603094300,205.400,205.410,205.010,205.010,14
20260603094400,205.000,205.510,205.000,205.510,74
20260603094500,205.170,205.920,205.170,205.560,38
20260603094600,205.560,205.810,205.300,205.740,57
20260603094700,205.950,205.950,205.490,205.490,20
20260603094800,205.480,205.710,205.480,205.500,35
20260603094900,205.500,205.660,205.300,205.420,53
20260603095000,205.670,205.920,205.230,205.230,30
20260603095100,205.510,205.610,205.180,205.300,33
20260603095200,205.540,205.540,205.010,205.170,30
20260603095300,205.170,205.390,204.610,205.180,221
20260603095400,205.400,205.400,205.200,205.350,43
20260603095500,205.210,205.770,205.210,205.360,36
20260603095600,205.260,205.260,205.210,205.210,41
20260603095700,205.400,205.410,205.010,205.010,33
20260603095800,205.200,205.200,204.800,204.890,123
20260603095900,204.900,205.000,204.680,204.730,50
20260603100000,205.080,205.080,204.680,204.740,24
20260603100100,204.730,205.090,204.700,205.070,41
20260603100200,205.190,206.270,205.190,206.220,62
20260603100300,206.100,206.100,205.430,205.490,26
20260603100400,205.920,205.920,205.160,205.860,34
20260603100500,205.930,206.070,205.410,205.410,41
20260603100600,205.410,205.760,205.170,205.310,107
20260603100700,205.590,205.590,205.200,205.540,14
20260603100800,205.450,205.600,204.770,205.060,80
20260603100900,205.150,205.530,205.150,205.160,12
20260603101000,205.500,205.500,205.000,205.150,30
20260603101100,205.140,205.140,204.870,204.870,45
20260603101200,204.870,204.870,204.000,204.060,181
20260603101300,204.310,204.480,204.090,204.220,24
20260603101400,204.480,204.590,204.150,204.590,31
20260603101500,204.670,204.670,204.240,204.240,68
20260603101600,204.260,204.400,204.150,204.400,14
20260603101700,204.160,204.390,204.060,204.180,32
20260603101800,204.300,204.460,204.300,204.460,18
20260603101900,204.390,204.680,204.390,204.390,14
20260603102000,204.300,204.300,202.500,203.230,880
20260603102100,203.500,203.780,203.410,203.780,31
20260603102200,203.410,203.580,203.400,203.400,57
20260603102300,203.400,203.400,203.260,203.260,23
20260603102400,203.560,203.560,203.190,203.190,47
20260603102500,203.210,203.410,202.870,203.410,122
20260603102600,203.000,203.290,203.000,203.170,28
20260603102700,203.010,203.200,203.010,203.010,26
20260603102800,203.250,203.250,203.010,203.010,9
20260603102900,203.010,203.010,202.510,202.600,100
20260603103000,202.610,202.970,202.110,202.690,484
20260603103100,202.810,202.810,202.370,202.370,44
20260603103200,202.500,202.590,202.370,202.530,151
20260603103300,202.340,202.510,202.300,202.300,30
20260603103400,202.330,202.370,202.200,202.200,65
20260603103500,202.300,202.370,202.240,202.370,34
20260603103600,202.300,202.400,202.210,202.400,52
20260603103700,202.370,202.390,202.120,202.180,160
20260603103800,202.510,202.820,202.250,202.820,37
20260603103900,202.820,202.820,202.500,202.500,26
20260603104000,202.700,202.760,202.700,202.760,23
20260603104100,202.760,202.810,202.520,202.800,18
20260603104200,202.790,202.970,202.790,202.930,26
20260603104300,202.870,203.020,202.800,203.020,19
20260603104400,203.020,203.020,202.670,202.680,38
20260603104500,202.690,202.690,202.650,202.650,13
20260603104600,202.570,202.570,202.340,202.350,111
20260603104700,202.300,202.590,202.000,202.000,529
20260603104800,202.000,202.110,201.000,201.300,527
20260603104900,201.480,201.900,201.000,201.530,161
20260603105000,202.090,202.100,202.090,202.100,8
20260603105100,201.900,201.980,201.900,201.910,8
20260603105200,201.960,202.170,201.950,202.140,27
20260603105300,202.300,202.460,202.130,202.320,44
20260603105400,202.280,202.280,202.130,202.130,4
20260603105500,202.130,202.280,202.130,202.280,11
20260603105600,202.210,202.320,202.180,202.320,19
20260603105700,202.320,202.500,202.320,202.320,6
20260603105800,202.320,202.320,202.120,202.120,34
20260603105900,202.110,202.110,202.000,202.000,12
20260603110000,202.070,202.070,201.900,201.900,66
20260603110100,201.980,202.140,201.900,202.140,65
20260603110200,202.310,202.310,201.840,201.870,16
20260603110300,202.450,202.500,202.070,202.500,32
20260603110400,202.490,202.570,202.470,202.570,15
20260603110500,202.480,202.600,202.160,202.260,18
20260603110600,202.180,202.280,202.180,202.190,10
20260603110700,202.160,202.270,202.160,202.270,8
20260603110800,202.160,202.370,202.060,202.370,22
20260603110900,202.370,202.380,202.370,202.380,16
20260603111000,202.370,202.550,202.060,202.060,16
20260603111100,202.050,202.330,202.050,202.330,25
20260603111200,202.070,202.270,201.970,201.970,39
20260603111300,201.960,201.990,201.900,201.990,8
20260603111400,201.990,201.990,201.810,201.810,31
20260603111500,201.720,201.920,201.720,201.860,12
20260603111600,201.890,202.190,201.890,201.940,20
20260603111700,202.100,202.150,201.870,201.870,18
20260603111800,201.870,202.050,201.780,202.050,21
20260603111900,201.820,202.020,201.800,201.800,16
20260603112000,201.990,201.990,201.730,201.800,15
20260603112100,201.800,202.050,201.800,201.840,49
20260603112200,201.990,201.990,201.820,201.990,17
20260603112300,201.890,202.150,201.690,201.690,22
20260603112400,201.670,201.900,201.670,201.690,14
20260603112500,202.010,202.140,201.740,202.000,24
20260603112600,202.020,202.020,201.770,201.770,12
20260603112700,201.780,202.130,201.780,202.130,14
20260603112800,202.130,202.130,202.130,202.130,0
20260603112900,201.800,202.070,201.800,202.070,11
20260603113000,201.770,201.770,201.530,201.710,24
20260603130100,201.710,202.150,201.710,201.800,49
20260603130200,202.080,202.170,201.730,202.170,48
20260603130300,202.120,202.350,201.950,201.980,16
20260603130400,202.350,202.440,202.120,202.420,30
20260603130500,202.120,202.500,202.120,202.500,28
20260603130600,202.560,202.560,202.170,202.190,20
20260603130700,202.200,202.200,202.190,202.200,6
20260603130800,202.540,202.540,202.130,202.520,18
20260603130900,202.180,202.490,202.180,202.480,29
20260603131000,202.550,202.680,202.390,202.390,23
20260603131100,202.420,202.570,202.400,202.400,16
20260603131200,202.350,202.680,202.350,202.360,27
20260603131300,202.360,202.540,202.350,202.540,21
20260603131400,202.540,202.540,202.190,202.190,0
20260603131500,202.530,202.570,202.210,202.550,10
20260603131600,202.530,202.530,202.180,202.470,87
20260603131700,202.470,202.570,202.470,202.570,10
20260603131800,202.280,202.570,202.260,202.360,16
20260603131900,202.360,202.600,202.260,202.260,39
20260603132000,202.240,202.240,202.170,202.170,8
20260603132100,202.420,202.440,202.270,202.270,38
20260603132200,202.610,202.640,202.300,202.640,10
20260603132300,202.300,202.700,202.010,202.460,472
20260603132400,202.490,202.500,202.150,202.190,19
20260603132500,202.260,202.260,202.180,202.200,28
20260603132600,202.190,202.520,202.110,202.520,86
20260603132700,202.540,202.820,202.540,202.820,25
20260603132800,202.600,202.830,202.510,202.510,25
20260603132900,202.510,202.510,202.010,202.390,337
20260603133000,202.100,202.500,201.740,202.180,333
20260603133100,202.180,202.180,201.960,202.040,29
20260603133200,202.240,202.240,202.000,202.010,13
20260603133300,201.990,202.110,201.990,202.020,28
20260603133400,202.020,202.040,201.920,202.040,79
20260603133500,201.910,201.910,201.790,201.790,54
20260603133600,201.880,201.880,201.770,201.770,17
20260603133700,201.880,201.980,201.880,201.980,48
20260603133800,201.990,202.000,201.990,202.000,10
20260603133900,202.110,202.150,201.780,202.150,83
20260603134000,202.090,202.090,201.890,201.890,4
20260603134100,201.910,201.920,201.850,201.850,36
20260603134200,201.910,201.990,201.860,201.990,28
20260603134300,202.120,202.120,201.850,201.850,41
20260603134400,201.750,201.750,201.500,201.500,76
20260603134500,201.660,201.920,201.660,201.780,55
20260603134600,201.830,201.840,201.740,201.740,31
20260603134700,201.770,201.770,201.670,201.770,39
20260603134800,201.710,201.710,201.650,201.650,20
20260603134900,201.580,201.590,201.500,201.590,41
20260603135000,201.520,201.590,201.520,201.520,21
20260603135100,201.500,201.510,201.500,201.510,13
20260603135200,201.520,201.610,201.520,201.520,45
20260603135300,201.530,201.530,201.420,201.420,39
20260603135400,201.420,201.530,201.320,201.530,58
20260603135500,201.550,201.620,201.550,201.620,34
20260603135600,201.920,202.110,201.640,202.110,32
20260603135700,202.250,202.380,202.010,202.110,95
20260603135800,201.910,202.110,201.910,201.910,51
20260603135900,201.910,201.910,201.580,201.580,216
20260603140000,201.550,201.580,201.550,201.550,52
20260603140100,201.850,202.070,201.850,201.990,51
20260603140200,201.970,201.980,201.830,201.980,21
20260603140300,201.960,202.010,201.600,202.010,76
20260603140400,202.010,202.300,202.010,202.300,20
20260603140500,202.300,202.410,202.300,202.370,25
20260603140600,202.310,202.310,201.990,201.990,56
20260603140700,202.120,202.120,202.020,202.020,78
20260603140800,202.010,202.010,201.680,201.680,54
20260603140900,201.670,201.910,201.610,201.630,59
20260603141000,201.900,201.900,201.550,201.560,40
20260603141100,201.550,201.850,201.540,201.850,14
20260603141200,201.650,202.440,201.600,202.070,77
20260603141300,202.070,202.110,202.040,202.090,23
20260603141400,201.870,201.960,201.490,201.930,639
20260603141500,201.970,202.220,201.970,202.220,14
20260603141600,201.940,202.070,201.930,202.000,22
20260603141700,201.810,201.970,201.580,201.970,29
20260603141800,201.630,202.280,201.630,202.280,53
20260603141900,202.120,202.130,202.110,202.110,25
20260603142000,202.330,202.600,202.330,202.520,45
20260603142100,202.410,202.450,202.080,202.390,42
20260603142200,202.400,202.440,202.010,202.010,24
20260603142300,202.000,202.270,201.970,202.270,36
20260603142400,201.970,202.240,201.970,201.970,8
20260603142500,201.900,202.400,201.870,202.390,73
20260603142600,201.990,202.400,201.970,201.970,18
20260603142700,202.010,202.360,201.930,201.930,37
20260603142800,201.930,202.330,201.930,201.940,32
20260603142900,201.940,202.190,201.940,202.160,15
20260603143000,201.940,202.180,201.880,201.880,34
20260603143100,201.890,202.310,201.890,202.270,65
20260603143200,202.270,202.270,202.000,202.010,32
20260603143300,202.130,202.250,201.970,202.250,85
20260603143400,202.080,202.290,201.970,201.970,57
20260603143500,201.890,201.970,201.660,201.970,48
20260603143600,201.930,201.930,201.320,201.370,136
20260603143700,201.590,201.590,201.290,201.290,56
20260603143800,201.280,201.540,201.110,201.540,111
20260603143900,201.590,201.600,201.400,201.490,88
20260603144000,201.510,201.590,201.510,201.510,46
20260603144100,201.590,201.740,201.590,201.670,30
20260603144200,201.740,201.760,201.670,201.750,52
20260603144300,201.760,202.100,201.760,201.780,90
20260603144400,201.690,201.760,201.420,201.630,40
20260603144500,201.360,202.030,201.350,202.030,62
20260603144600,202.030,202.180,202.020,202.170,43
20260603144700,202.170,202.170,201.860,201.860,45
20260603144800,202.060,202.060,201.750,201.750,38
20260603144900,201.740,202.000,201.740,202.000,53
20260603145000,201.830,202.160,201.830,202.130,39
20260603145100,201.820,202.170,201.820,202.160,75
20260603145200,202.070,202.220,202.070,202.220,46
20260603145300,202.020,202.130,201.640,201.850,111
20260603145400,202.000,202.000,201.740,201.740,56
20260603145500,201.710,201.940,201.560,201.890,102
20260603145600,201.500,201.910,201.480,201.480,67
20260603145700,201.480,201.950,201.480,201.950,48
20260603145800,201.950,201.950,201.950,201.950,0
20260603145900,201.950,201.950,201.950,201.950,0
20260603150000,201.480,201.480,201.480,201.480,155
20260604093000,201.500,201.500,201.500,201.500,15
20260604093100,202.000,202.070,201.090,202.070,180
20260604093200,202.280,203.300,201.890,202.400,196
20260604093300,202.400,202.640,201.780,202.640,76
20260604093400,202.300,202.550,202.200,202.550,31
20260604093500,202.610,202.640,202.330,202.330,43
20260604093600,202.330,202.650,202.330,202.610,38
20260604093700,202.600,203.300,202.090,202.330,165
20260604093800,202.340,202.470,202.210,202.220,26
20260604093900,202.630,203.120,202.630,203.120,116
20260604094000,203.120,203.590,203.110,203.550,173
20260604094100,203.670,203.730,203.170,203.200,189
20260604094200,202.950,203.130,202.480,202.480,18
20260604094300,202.850,202.860,202.200,202.200,82
20260604094400,202.450,202.620,202.000,202.000,30
20260604094500,201.790,201.980,201.400,201.980,51
20260604094600,201.730,202.000,201.420,201.710,42
20260604094700,201.690,202.000,201.640,201.900,24
20260604094800,201.480,201.890,201.380,201.890,44
20260604094900,201.890,202.000,201.890,201.990,36
20260604095000,201.990,202.330,201.870,202.330,39
20260604095100,202.070,202.780,202.070,202.310,34
20260604095200,202.310,202.310,202.090,202.090,13
20260604095300,202.070,202.070,201.710,201.780,19
20260604095400,201.800,201.890,201.800,201.890,14
20260604095500,201.590,201.590,201.200,201.200,42
20260604095600,201.110,201.250,200.390,200.600,165
20260604095700,200.290,200.510,200.220,200.220,19
20260604095800,200.220,200.510,200.220,200.400,51
20260604095900,200.400,200.510,200.380,200.410,21
20260604100000,200.400,200.950,200.400,200.950,41
20260604100100,200.420,200.420,200.050,200.360,134
20260604100200,200.200,200.550,200.200,200.540,56
20260604100300,200.210,200.540,200.200,200.200,35
20260604100400,200.080,200.200,200.050,200.050,87
20260604100500,199.900,200.540,199.800,200.250,189
20260604100600,200.250,200.490,200.200,200.410,34
20260604100700,200.000,200.340,199.920,200.280,24
20260604100800,200.280,200.280,199.880,200.000,144
20260604100900,199.920,201.500,199.920,201.420,277
20260604101000,201.450,201.450,201.030,201.030,20
20260604101100,201.040,201.080,200.990,200.990,18
20260604101200,200.980,200.980,200.730,200.980,49
20260604101300,200.980,200.980,200.660,200.700,67
20260604101400,200.700,201.060,200.700,201.060,42
20260604101500,201.050,201.050,200.710,200.710,4
20260604101600,201.040,201.040,200.710,201.010,58
20260604101700,201.010,201.010,201.000,201.000,15
20260604101800,200.710,200.770,200.590,200.750,28
20260604101900,200.750,200.750,200.750,200.750,2
20260604102000,200.520,200.750,200.500,200.750,23
20260604102100,200.500,200.610,200.500,200.610,38
20260604102200,200.270,200.630,200.230,200.490,89
20260604102300,200.630,200.630,200.520,200.520,9
20260604102400,200.530,200.530,200.280,200.280,6
20260604102500,200.490,200.490,200.350,200.490,12
20260604102600,200.310,200.490,200.260,200.490,48
20260604102700,200.490,200.490,200.360,200.380,31
20260604102800,200.430,200.430,200.200,200.430,15
20260604102900,200.320,200.330,200.240,200.240,6
20260604103000,200.220,200.250,200.100,200.100,58
20260604103100,200.100,200.240,200.020,200.020,32
20260604103200,200.020,200.100,200.010,200.100,37
20260604103300,200.100,200.110,200.060,200.110,33
20260604103400,200.050,200.050,199.800,199.800,69
20260604103500,199.990,200.000,199.820,199.940,10
20260604103600,199.820,200.000,199.820,199.850,17
20260604103700,199.850,199.940,199.820,199.820,15
20260604103800,199.930,200.000,199.840,199.840,24
20260604103900,199.850,200.000,199.850,199.930,24
20260604104000,200.000,200.000,199.990,199.990,68
20260604104100,200.000,200.180,200.000,200.000,33
20260604104200,200.000,200.000,199.870,199.870,8
20260604104300,199.850,200.000,199.850,199.870,8
20260604104400,199.900,200.040,199.900,200.040,35
20260604104500,200.040,200.190,200.040,200.190,46
20260604104600,200.180,200.180,199.880,199.880,23
20260604104700,199.920,200.000,199.920,199.990,8
20260604104800,199.940,199.990,199.940,199.990,12
20260604104900,199.930,199.930,199.850,199.850,8
20260604105000,199.860,200.010,199.860,199.920,82
20260604105100,200.120,200.460,199.990,199.990,37
20260604105200,200.270,200.270,200.020,200.020,8
20260604105300,199.900,199.900,199.840,199.840,20
20260604105400,199.990,200.000,199.720,200.000,49
20260604105500,200.000,200.000,200.000,200.000,20
20260604105600,200.000,200.010,200.000,200.010,36
20260604105700,199.990,199.990,199.830,199.970,29
20260604105800,199.830,199.990,199.810,199.810,12
20260604105900,199.720,199.820,199.720,199.820,18
20260604110000,199.730,199.990,199.730,199.990,16
20260604110100,199.990,199.990,199.990,199.990,6
20260604110200,200.010,201.320,200.000,201.320,273
20260604110300,200.920,201.230,200.900,201.200,14
20260604110400,201.120,201.150,200.900,201.150,22
20260604110500,201.150,201.230,201.150,201.230,22
20260604110600,201.010,201.150,201.000,201.150,18
20260604110700,200.980,200.980,200.510,200.890,55
20260604110800,200.530,201.230,200.530,201.230,61
20260604110900,201.200,201.200,200.600,200.600,31
20260604111000,201.180,201.180,201.180,201.180,12
20260604111100,201.170,201.170,201.170,201.170,8
20260604111200,200.870,201.200,200.870,201.170,123
20260604111300,201.170,201.190,200.930,200.930,28
20260604111400,200.930,201.190,200.930,201.150,28
20260604111500,201.150,201.150,201.020,201.020,8
20260604111600,201.150,201.150,201.150,201.150,12
20260604111700,201.150,201.150,200.970,201.140,7
20260604111800,201.140,201.140,200.880,200.920,63
20260604111900,200.920,200.920,200.600,200.670,54
20260604112000,200.670,200.670,200.670,200.670,10
20260604112100,200.410,200.860,200.410,200.860,10
20260604112200,200.560,200.860,200.560,200.610,16
20260604112300,200.600,200.820,200.510,200.820,12
20260604112400,200.820,200.820,200.380,200.380,12
20260604112500,200.340,200.640,200.220,200.640,18
20260604112600,200.670,200.700,200.310,200.660,31
20260604112700,200.200,200.690,200.200,200.680,92
20260604112800,200.680,200.680,200.310,200.310,10
20260604112900,200.310,200.320,200.170,200.240,24
20260604113000,200.050,200.050,200.040,200.040,7
20260604130100,200.190,200.190,200.040,200.040,53
20260604130200,200.150,200.150,200.010,200.010,7
20260604130300,199.900,200.000,199.900,199.990,27
20260604130400,199.930,199.930,199.770,199.770,32
20260604130500,199.510,199.600,199.500,199.600,317
20260604130600,199.590,199.600,199.500,199.500,23
20260604130700,199.530,199.580,199.510,199.570,17
20260604130800,199.570,199.600,199.570,199.600,8
20260604130900,199.570,199.600,198.840,198.840,114
20260604131000,198.630,199.100,198.630,199.050,39
20260604131100,199.050,199.100,198.840,198.840,21
20260604131200,199.160,199.160,198.880,199.150,23
20260604131300,199.150,200.000,199.150,199.840,252
20260604131400,200.000,200.000,199.830,199.830,33
20260604131500,200.000,200.000,199.760,199.760,25
20260604131600,199.930,199.980,199.930,199.980,4
20260604131700,199.990,199.990,199.810,199.970,48
20260604131800,199.970,199.970,199.620,199.960,14
20260604131900,200.050,200.050,200.050,200.050,79
20260604132000,200.090,200.090,199.850,199.850,35
20260604132100,200.000,200.000,200.000,200.000,46
20260604132200,199.990,200.100,199.920,199.920,19
20260604132300,200.100,200.100,199.800,199.880,16
20260604132400,199.990,199.990,199.990,199.990,4
20260604132500,200.100,200.100,200.000,200.000,65
20260604132600,199.660,200.000,199.660,200.000,20
20260604132700,199.960,199.960,199.940,199.940,13
20260604132800,199.990,200.000,199.990,200.000,18
20260604132900,200.000,200.000,199.490,199.490,33
20260604133000,199.410,199.680,199.400,199.680,11
20260604133100,200.000,200.000,199.690,200.000,103
20260604133200,200.240,200.240,200.240,200.240,6
20260604133300,199.790,199.790,199.790,199.790,4
20260604133400,200.090,200.090,200.090,200.090,2
20260604133500,200.100,200.100,200.090,200.090,13
20260604133600,200.090,200.100,200.080,200.100,16
20260604133700,200.100,200.100,199.900,200.000,9
20260604133800,199.900,200.130,199.900,200.100,106
20260604133900,199.940,200.160,199.940,200.160,21
20260604134000,200.150,200.150,200.000,200.000,6
20260604134100,199.990,200.130,199.990,200.130,3
20260604134200,200.140,200.210,200.140,200.210,20
20260604134300,200.170,200.210,200.160,200.210,7
20260604134400,200.220,200.220,200.220,200.220,6
20260604134500,200.300,200.300,200.030,200.300,11
20260604134600,200.330,200.870,200.330,200.460,62
20260604134700,200.370,200.670,200.140,200.670,122
20260604134800,200.300,200.570,200.300,200.460,33
20260604134900,200.460,200.460,200.300,200.300,39
20260604135000,200.300,200.540,200.300,200.540,14
20260604135100,200.320,200.320,200.300,200.300,19
20260604135200,200.300,200.930,200.300,200.550,105
20260604135300,200.550,200.780,200.360,200.700,10
20260604135400,200.410,200.470,200.220,200.470,12
20260604135500,200.300,200.460,200.190,200.190,22
20260604135600,200.190,200.300,200.150,200.300,13
20260604135700,200.220,200.220,200.220,200.220,2
20260604135800,200.140,200.140,200.130,200.130,7
20260604135900,200.220,200.220,200.220,200.220,1
20260604140000,200.010,200.290,200.010,200.120,10
20260604140100,200.080,200.300,200.080,200.290,77
20260604140200,200.280,200.290,200.280,200.280,6
20260604140300,200.300,200.500,200.300,200.300,77
20260604140400,200.300,200.320,200.130,200.300,84
20260604140500,200.300,200.300,200.300,200.300,2
20260604140600,200.300,200.300,200.300,200.300,34
20260604140700,200.300,200.300,200.150,200.150,9
20260604140800,200.130,200.130,200.130,200.130,2
20260604140900,200.240,200.300,200.240,200.300,38
20260604141000,200.500,200.500,200.130,200.130,40
20260604141100,200.300,200.300,200.300,200.300,47
20260604141200,200.120,200.170,200.040,200.040,20
20260604141300,200.040,200.170,200.030,200.030,27
20260604141400,200.030,200.030,200.030,200.030,0
20260604141500,199.990,199.990,199.820,199.820,28
20260604141600,199.900,199.900,199.830,199.870,12
20260604141700,199.700,199.760,199.530,199.760,131
20260604141800,199.760,199.760,199.640,199.640,4
20260604141900,199.630,199.630,199.500,199.500,24
20260604142000,199.520,199.520,199.500,199.500,4
20260604142100,199.370,199.540,199.360,199.540,24
20260604142200,199.450,199.450,199.020,199.020,18
20260604142300,199.000,199.000,198.900,198.900,8
20260604142400,198.910,199.030,198.880,198.880,23
20260604142500,198.780,199.030,198.780,198.810,32
20260604142600,198.950,199.000,198.710,198.710,65
20260604142700,198.620,198.620,198.250,198.520,118
20260604142800,198.580,198.650,198.390,198.620,39
20260604142900,198.620,198.900,198.330,198.330,44
20260604143000,198.340,198.730,198.330,198.730,116
20260604143100,198.400,198.590,198.360,198.520,25
20260604143200,198.520,198.520,198.360,198.390,52
20260604143300,198.490,198.650,198.390,198.650,48
20260604143400,198.400,198.410,198.380,198.380,32
20260604143500,198.450,198.700,198.330,198.700,7
20260604143600,198.470,198.620,198.280,198.280,49
20260604143700,198.560,198.560,198.020,198.070,241
20260604143800,198.200,198.340,198.020,198.020,68
20260604143900,198.030,198.030,198.020,198.020,29
20260604144000,198.320,198.530,198.140,198.220,113
20260604144100,198.220,198.250,198.090,198.100,42
20260604144200,198.110,198.320,198.050,198.200,50
20260604144300,198.290,198.290,198.020,198.080,70
20260604144400,198.030,198.130,198.000,198.130,64
20260604144500,198.140,198.410,198.040,198.410,47
20260604144600,198.160,198.480,198.150,198.470,68
20260604144700,198.450,198.550,198.200,198.550,33
20260604144800,198.230,198.660,198.220,198.430,29
20260604144900,198.750,198.750,198.430,198.430,12
20260604145000,198.720,198.720,198.330,198.690,44
20260604145100,198.500,198.790,198.500,198.790,58
20260604145200,198.830,199.210,198.800,199.050,52
20260604145300,198.790,199.160,198.790,198.800,41
20260604145400,198.810,198.950,198.800,198.910,28
20260604145500,198.830,199.170,198.820,199.150,49
20260604145600,199.060,199.140,198.510,198.800,91
20260604145700,198.560,198.830,198.500,198.830,55
20260604145800,198.590,198.590,198.590,198.590,2
20260604145900,198.590,198.590,198.590,198.590,0
20260604150000,199.020,199.020,199.020,199.020,139
20260605093000,198.890,198.890,198.890,198.890,13
20260605093100,198.660,198.890,198.100,198.670,56
20260605093200,198.540,199.010,198.150,199.000,243
20260605093300,198.880,201.200,198.880,199.900,159
20260605093400,200.000,200.980,200.000,200.110,75
20260605093500,200.070,200.520,199.500,199.500,53
20260605093600,199.500,200.500,199.500,200.390,46
20260605093700,200.400,200.900,200.400,200.840,134
20260605093800,200.800,200.900,200.130,200.900,145
20260605093900,201.190,202.000,201.190,201.210,169
20260605094000,201.220,201.870,201.200,201.370,66
20260605094100,201.250,201.860,201.200,201.800,63
20260605094200,201.860,202.300,201.380,201.380,270
20260605094300,201.730,201.890,201.480,201.890,49
20260605094400,201.670,202.300,201.670,202.300,86
20260605094500,202.190,202.190,201.540,201.640,47
20260605094600,201.550,201.890,201.320,201.890,26
20260605094700,202.000,202.000,201.500,201.500,58
20260605094800,201.300,201.600,201.120,201.210,93
20260605094900,201.600,201.860,201.200,201.860,88
20260605095000,201.620,202.000,201.600,201.600,203
20260605095100,201.250,201.580,201.210,201.570,14
20260605095200,201.600,201.600,201.420,201.420,20
20260605095300,201.640,201.640,201.440,201.440,23
20260605095400,201.520,201.850,201.430,201.850,11
20260605095500,201.960,202.000,201.680,202.000,51
20260605095600,202.000,202.000,201.160,201.630,29
20260605095700,200.900,201.310,200.900,201.310,71
20260605095800,200.890,200.890,200.300,200.420,20
20260605095900,200.920,200.920,200.550,200.550,22
20260605100000,200.530,200.820,200.530,200.820,10
20260605100100,200.320,200.560,200.080,200.550,48
20260605100200,200.530,200.800,200.530,200.800,8
20260605100300,200.260,201.000,200.260,201.000,22
20260605100400,200.690,201.000,200.490,200.500,29
20260605100500,200.500,200.740,199.880,200.180,115
20260605100600,200.200,200.200,199.860,199.860,15
20260605100700,200.150,200.150,199.710,199.710,10
20260605100800,200.060,200.060,199.600,199.600,8
20260605100900,199.970,200.060,199.970,200.060,4
20260605101000,199.600,199.870,199.500,199.820,31
20260605101100,199.450,199.450,199.290,199.450,39
20260605101200,199.810,199.810,198.800,199.110,27
20260605101300,198.690,199.350,198.690,199.350,8
20260605101400,199.350,199.350,199.320,199.320,6
20260605101500,199.040,199.670,199.040,199.500,29
20260605101600,199.600,199.670,199.490,199.490,23
20260605101700,199.120,199.120,199.000,199.000,26
20260605101800,199.330,199.340,199.290,199.340,6
20260605101900,199.420,199.420,199.420,199.420,2
20260605102000,199.120,199.120,199.040,199.040,12
20260605102100,199.400,199.400,199.040,199.050,42
20260605102200,198.680,198.840,198.430,198.820,75
20260605102300,198.830,198.830,198.450,198.460,9
20260605102400,198.890,198.890,198.890,198.890,8
20260605102500,198.880,198.880,198.810,198.840,49
20260605102600,198.770,198.770,198.770,198.770,6
20260605102700,198.760,198.860,198.760,198.800,22
20260605102800,199.170,199.170,198.600,198.900,15
20260605102900,199.000,199.000,199.000,199.000,2
20260605103000,199.110,199.110,198.770,198.770,61
20260605103100,199.100,199.100,198.790,198.790,4
20260605103200,199.020,199.660,199.020,199.360,28
20260605103300,199.350,199.360,199.350,199.360,2
20260605103400,199.380,199.380,199.350,199.350,42
20260605103500,199.360,199.360,199.140,199.230,13
20260605103600,199.220,199.240,199.030,199.030,11
20260605103700,199.080,199.550,199.070,199.550,49
20260605103800,199.550,199.990,199.550,199.960,16
20260605103900,199.970,199.970,199.550,199.550,14
20260605104000,199.550,199.650,199.550,199.650,7
20260605104100,199.880,199.880,199.560,199.560,7
20260605104200,199.520,199.530,199.440,199.440,15
20260605104300,199.520,199.530,199.520,199.520,16
20260605104400,199.520,199.640,199.330,199.640,20
20260605104500,199.650,199.650,199.650,199.650,2
20260605104600,199.850,199.950,199.590,199.950,12
20260605104700,199.970,200.020,199.970,199.980,12
20260605104800,199.980,200.300,199.980,200.250,29
20260605104900,200.270,200.590,200.270,200.570,14
20260605105000,200.470,200.570,200.290,200.570,13
20260605105100,200.600,200.600,200.320,200.320,31
20260605105200,200.320,200.320,200.000,200.010,12
20260605105300,199.990,199.990,199.620,199.620,29
20260605105400,199.620,200.180,199.620,199.770,36
20260605105500,199.770,200.000,199.770,200.000,8
20260605105600,199.770,200.000,199.770,200.000,4
20260605105700,200.130,200.160,199.780,200.160,10
20260605105800,200.120,200.120,199.800,200.120,9
20260605105900,200.130,200.130,200.130,200.130,2
20260605110000,199.830,200.190,199.830,200.190,15
20260605110100,199.770,199.770,199.360,199.360,56
20260605110200,199.680,199.870,199.420,199.550,27
20260605110300,199.550,199.850,199.460,199.800,13
20260605110400,199.550,199.790,199.330,199.690,39
20260605110500,199.330,199.720,199.330,199.710,6
20260605110600,199.540,199.540,199.340,199.350,35
20260605110700,199.800,199.800,199.430,199.430,14
20260605110800,199.320,199.630,199.320,199.630,8
20260605110900,199.660,199.820,199.500,199.820,8
20260605111000,200.090,200.090,199.490,199.630,39
20260605111100,199.630,199.890,199.380,199.450,19
20260605111200,199.380,199.740,199.320,199.740,40
20260605111300,199.740,199.900,199.380,199.540,24
20260605111400,199.900,199.980,199.510,199.560,14
20260605111500,199.560,199.560,199.560,199.560,0
20260605111600,199.920,199.930,199.910,199.910,16
20260605111700,200.000,200.260,199.830,200.200,17
20260605111800,199.870,199.870,199.670,199.760,47
20260605111900,199.480,199.950,199.480,199.510,9
20260605112000,199.510,199.510,199.510,199.510,0
20260605112100,199.560,199.560,199.000,199.000,43
20260605112200,199.430,199.560,199.100,199.550,8
20260605112300,199.660,199.680,199.170,199.200,13
20260605112400,199.450,199.710,199.370,199.700,16
20260605112500,199.590,199.600,199.370,199.370,6
20260605112600,199.700,199.930,199.360,199.880,20
20260605112700,199.890,199.890,199.470,199.840,6
20260605112800,199.860,199.860,199.400,199.400,8
20260605112900,199.740,199.770,199.270,199.390,14
20260605113000,199.350,199.350,199.230,199.230,39
20260605130100,199.640,200.370,199.640,200.040,110
20260605130200,199.740,200.080,199.660,199.660,10
20260605130300,200.040,200.050,199.700,200.050,8
20260605130400,200.050,200.050,199.660,200.040,31
20260605130500,199.810,200.470,199.810,200.460,21
20260605130600,200.440,200.440,199.660,199.660,30
20260605130700,200.190,200.190,200.010,200.010,10
20260605130800,200.170,200.190,199.910,199.990,14
20260605130900,199.990,200.400,199.990,199.990,16
20260605131000,199.960,200.340,199.960,200.340,53
20260605131100,200.850,201.000,200.580,200.990,187
20260605131200,201.000,201.010,200.800,201.010,24
20260605131300,201.210,201.220,201.020,201.020,20
20260605131400,201.000,201.100,200.830,201.100,11
20260605131500,200.940,200.940,200.690,200.800,39
20260605131600,200.850,200.850,200.750,200.790,26
20260605131700,200.640,200.750,200.640,200.740,19
20260605131800,200.710,200.710,200.670,200.670,13
20260605131900,200.700,200.840,200.700,200.750,21
20260605132000,200.740,200.930,200.740,200.740,29
20260605132100,200.760,201.190,200.760,200.770,56
20260605132200,200.910,201.030,200.910,201.030,17
20260605132300,200.970,201.100,200.830,201.100,20
20260605132400,200.900,201.090,200.900,201.090,16
20260605132500,200.900,200.910,200.860,200.880,22
20260605132600,200.830,201.200,200.830,201.200,40
20260605132700,201.100,201.160,201.080,201.080,17
20260605132800,201.280,201.300,201.100,201.210,31
20260605132900,201.210,201.610,201.100,201.530,170
20260605133000,201.500,201.840,201.500,201.690,49
20260605133100,201.690,201.790,201.560,201.790,20
20260605133200,201.650,201.790,201.580,201.590,31
20260605133300,201.620,201.850,201.290,201.850,76
20260605133400,201.510,201.510,201.320,201.320,16
20260605133500,200.960,201.350,200.960,201.180,41
20260605133600,201.280,201.500,201.180,201.500,77
20260605133700,201.300,201.830,201.300,201.830,65
20260605133800,201.700,201.780,201.350,201.780,53
20260605133900,201.490,201.520,201.310,201.330,30
20260605134000,201.580,201.690,201.580,201.660,16
20260605134100,201.660,201.830,201.590,201.630,22
20260605134200,201.660,201.790,201.530,201.560,28
20260605134300,201.590,201.590,201.460,201.470,25
20260605134400,201.550,201.590,201.470,201.470,27
20260605134500,201.440,201.440,201.430,201.430,10
20260605134600,201.280,201.310,201.270,201.280,14
20260605134700,201.470,201.490,201.270,201.310,31
20260605134800,201.360,201.520,201.330,201.520,12
20260605134900,201.300,201.470,201.210,201.310,20
20260605135000,201.460,201.460,201.270,201.270,7
20260605135100,201.260,201.280,201.250,201.250,14
20260605135200,201.210,201.490,201.210,201.300,28
20260605135300,201.320,201.490,201.310,201.480,28
20260605135400,201.350,201.690,201.350,201.510,14
20260605135500,201.410,201.510,201.390,201.510,11
20260605135600,201.490,201.800,201.490,201.770,51
20260605135700,201.790,201.790,201.570,201.750,16
20260605135800,201.570,201.890,201.560,201.890,56
20260605135900,201.890,202.680,201.690,202.030,735
20260605140000,202.000,202.130,202.000,202.120,44
20260605140100,202.120,202.290,202.010,202.010,63
20260605140200,202.170,202.220,201.820,202.040,39
20260605140300,201.790,201.910,201.750,201.760,34
20260605140400,201.660,201.660,201.100,201.100,98
20260605140500,201.160,201.300,201.160,201.290,32
20260605140600,201.100,201.130,201.100,201.100,39
20260605140700,200.860,201.230,200.860,201.230,84
20260605140800,201.160,201.160,200.880,200.880,14
20260605140900,200.740,200.800,200.740,200.770,18
20260605141000,200.790,200.960,200.730,200.730,33
20260605141100,200.730,200.730,200.580,200.580,21
20260605141200,200.580,200.580,200.380,200.390,21
20260605141300,200.390,200.580,200.290,200.330,33
20260605141400,200.550,200.800,200.330,200.730,27
20260605141500,200.930,201.270,200.790,200.840,37
20260605141600,201.050,201.050,200.470,200.570,44
20260605141700,200.570,200.970,200.570,200.610,30
20260605141800,200.610,200.740,200.570,200.570,19
20260605141900,200.600,200.600,200.380,200.540,21
20260605142000,200.690,200.950,200.640,200.640,25
20260605142100,200.700,200.760,200.590,200.590,27
20260605142200,200.660,200.950,200.640,200.650,27
20260605142300,200.940,201.050,200.940,201.040,21
20260605142400,201.040,201.180,200.820,200.820,21
20260605142500,200.950,201.340,200.950,201.340,35
20260605142600,201.020,201.570,201.020,201.500,73
20260605142700,201.530,201.660,201.500,201.660,48
20260605142800,201.670,201.690,201.520,201.680,27
20260605142900,201.470,201.720,201.350,201.720,13
20260605143000,201.730,201.730,201.380,201.470,22
20260605143100,201.460,201.730,201.460,201.720,15
20260605143200,201.710,201.710,201.270,201.470,45
20260605143300,201.670,201.670,201.570,201.570,44
20260605143400,201.350,201.530,201.350,201.380,26
20260605143500,201.500,201.500,201.280,201.480,28
20260605143600,201.330,201.340,201.290,201.340,37
20260605143700,201.260,201.540,201.260,201.430,53
20260605143800,201.440,201.540,201.340,201.340,46
20260605143900,201.270,201.500,201.270,201.500,95
20260605144000,201.330,201.370,201.050,201.370,68
20260605144100,201.370,201.370,201.030,201.250,48
20260605144200,201.250,201.350,201.100,201.350,12
20260605144300,201.100,201.270,200.860,200.880,47
20260605144400,200.830,201.170,200.780,200.890,66
20260605144500,201.160,201.520,200.990,200.990,78
20260605144600,201.430,201.550,201.150,201.460,64
20260605144700,201.010,201.460,201.010,201.450,77
20260605144800,201.450,201.650,201.180,201.650,46
20260605144900,201.370,201.640,201.350,201.580,24
20260605145000,201.350,201.580,201.330,201.540,44
20260605145100,201.130,201.530,201.130,201.380,52
20260605145200,201.540,201.540,201.280,201.390,42
20260605145300,201.490,201.520,200.910,200.950,99
20260605145400,200.960,201.060,200.850,200.850,77
20260605145500,200.980,200.980,200.650,200.750,35
20260605145600,201.050,201.530,200.680,201.530,185
20260605145700,201.490,201.500,200.820,200.820,56
20260605145800,200.820,200.820,200.820,200.820,0
20260605145900,200.820,200.820,200.820,200.820,0
20260605150000,201.530,201.530,201.530,201.530,87
20260608093000,201.300,201.300,201.300,201.300,41
20260608093100,201.290,201.530,199.160,199.160,203
20260608093200,199.640,202.870,199.350,202.810,178
20260608093300,202.000,202.000,199.090,199.180,249
20260608093400,199.770,199.770,198.670,199.500,86
20260608093500,199.350,199.880,198.770,199.880,182
20260608093600,200.560,200.980,200.480,200.480,84
20260608093700,200.480,201.000,200.290,200.570,44
20260608093800,200.600,200.600,199.310,199.310,60
20260608093900,199.200,199.250,198.690,199.250,48
20260608094000,199.320,200.250,199.320,199.920,84
20260608094100,199.930,199.930,199.510,199.520,135
20260608094200,199.390,199.640,199.000,199.640,112
20260608094300,199.540,199.570,199.350,199.360,28
20260608094400,199.370,199.650,199.140,199.340,57
20260608094500,198.980,198.980,198.100,198.420,126
20260608094600,198.420,199.190,197.900,198.410,126
20260608094700,198.310,198.830,198.310,198.540,69
20260608094800,198.810,198.810,198.160,198.400,58
20260608094900,198.420,198.670,198.420,198.620,17
20260608095000,198.620,198.620,198.150,198.370,53
20260608095100,198.470,198.590,197.880,198.180,89
20260608095200,198.140,198.180,197.750,197.750,20
20260608095300,197.740,197.740,197.220,197.460,83
20260608095400,197.310,197.500,196.810,196.810,132
20260608095500,196.670,197.070,196.130,196.130,85
20260608095600,196.590,197.550,196.590,197.550,222
20260608095700,197.500,197.580,197.300,197.300,66
20260608095800,197.130,197.480,196.910,196.910,24
20260608095900,196.980,196.980,196.630,196.950,24
20260608100000,196.650,196.880,196.330,196.480,62
20260608100100,196.490,196.780,196.480,196.780,59
20260608100200,196.600,196.750,196.580,196.750,27
20260608100300,196.500,196.740,196.390,196.440,41
20260608100400,196.390,197.490,196.360,197.490,87
20260608100500,197.170,197.530,197.050,197.050,177
20260608100600,196.990,197.110,196.670,197.080,50
20260608100700,197.080,197.100,197.060,197.060,13
20260608100800,197.090,197.200,196.940,197.200,16
20260608100900,196.790,196.910,196.520,196.910,134
20260608101000,196.990,196.990,196.990,196.990,2
20260608101100,196.660,196.990,196.310,196.310,72
20260608101200,196.500,196.500,196.310,196.310,43
20260608101300,196.480,196.680,196.470,196.500,39
20260608101400,196.790,196.790,196.270,196.390,59
20260608101500,196.480,196.520,196.440,196.500,12
20260608101600,196.500,196.670,196.500,196.670,23
20260608101700,196.680,196.680,196.680,196.680,8
20260608101800,196.620,196.650,196.340,196.380,33
20260608101900,196.380,196.430,196.380,196.430,31
20260608102000,196.350,196.360,196.320,196.320,41
20260608102100,196.320,196.330,196.210,196.330,25
20260608102200,196.200,196.590,195.930,196.590,314
20260608102300,196.290,196.630,196.290,196.610,51
20260608102400,196.330,196.600,196.310,196.600,52
20260608102500,196.590,196.610,196.580,196.600,41
20260608102600,196.350,196.350,195.870,196.120,92
20260608102700,195.900,195.900,195.670,195.670,54
20260608102800,195.600,195.890,195.600,195.890,45
20260608102900,195.810,196.020,195.800,196.020,33
20260608103000,196.120,196.120,195.730,195.730,58
20260608103100,196.030,196.030,196.010,196.010,79
20260608103200,195.780,195.800,195.780,195.780,25
20260608103300,195.760,195.910,195.760,195.780,36
20260608103400,195.780,195.780,195.720,195.720,8
20260608103500,195.960,196.010,195.960,196.010,21
20260608103600,196.010,196.010,196.010,196.010,21
20260608103700,196.010,196.020,195.780,195.780,42
20260608103800,195.760,195.860,195.760,195.860,26
20260608103900,195.750,195.750,195.500,195.500,62
20260608104000,195.660,195.890,195.500,195.890,42
20260608104100,195.850,196.640,195.850,196.630,31
20260608104200,196.270,196.480,196.270,196.270,12
20260608104300,196.480,196.480,196.270,196.340,25
20260608104400,196.410,196.410,196.030,196.030,12
20260608104500,196.060,196.310,195.880,195.900,23
20260608104600,195.880,196.000,195.880,196.000,9
20260608104700,195.890,196.190,195.870,195.870,53
20260608104800,195.870,196.120,195.870,195.870,14
20260608104900,195.870,196.120,195.870,195.870,37
20260608105000,195.870,196.060,195.870,195.870,29
20260608105100,195.870,195.870,195.700,195.700,32
20260608105200,195.720,195.890,195.670,195.890,52
20260608105300,195.670,196.040,195.670,196.040,19
20260608105400,195.690,196.040,195.690,195.800,16
20260608105500,195.800,195.830,195.800,195.800,16
20260608105600,195.800,196.010,195.770,195.990,16
20260608105700,195.770,195.920,195.700,195.760,47
20260608105800,195.680,195.870,195.680,195.850,33
20260608105900,195.900,196.010,195.900,196.010,30
20260608110000,195.800,196.040,195.800,196.040,12
20260608110100,195.800,195.800,195.790,195.790,7
20260608110200,196.040,196.120,195.780,196.120,25
20260608110300,195.950,196.270,195.940,195.950,14
20260608110400,195.950,195.950,195.860,195.860,16
20260608110500,195.860,195.880,195.820,195.880,8
20260608110600,195.760,195.880,195.740,195.880,8
20260608110700,195.740,195.740,195.680,195.680,37
20260608110800,195.680,195.680,195.500,195.640,340
20260608110900,195.540,195.820,195.540,195.820,4
20260608111000,195.570,195.570,195.540,195.540,4
20260608111100,195.540,195.880,195.540,195.880,25
20260608111200,195.870,195.870,195.400,195.400,33
20260608111300,195.380,195.500,195.380,195.420,6
20260608111400,195.370,195.370,195.370,195.370,2
20260608111500,195.380,195.540,195.380,195.400,10
20260608111600,195.380,195.610,195.370,195.610,35
20260608111700,195.640,195.640,195.400,195.410,17
20260608111800,195.350,195.350,195.300,195.330,15
20260608111900,195.250,195.250,195.030,195.030,37
20260608112000,195.020,195.020,195.000,195.010,169
20260608112100,195.000,195.050,194.900,194.980,76
20260608112200,195.200,195.370,194.990,194.990,41
20260608112300,195.150,195.150,194.990,194.990,4
20260608112400,195.000,195.000,195.000,195.000,25
20260608112500,194.990,194.990,194.990,194.990,6
20260608112600,195.000,195.000,194.990,194.990,9
20260608112700,195.000,195.070,194.930,194.930,12
20260608112800,194.940,194.940,194.800,194.800,30
20260608112900,194.700,194.740,194.700,194.740,10
20260608113000,194.700,194.710,194.620,194.710,14
20260608130100,194.740,194.850,194.500,194.610,177
20260608130200,194.650,195.000,194.650,194.950,12
20260608130300,194.570,194.880,194.510,194.510,48
20260608130400,194.510,194.510,194.380,194.500,28
20260608130500,194.500,194.550,194.350,194.550,22
20260608130600,194.650,194.650,194.650,194.650,5
20260608130700,194.650,194.650,194.650,194.650,0
20260608130800,194.360,194.360,194.080,194.080,79
20260608130900,194.110,194.110,194.000,194.020,60
20260608131000,194.020,194.090,194.000,194.090,17
20260608131100,194.130,194.340,193.800,193.800,18
20260608131200,193.850,194.080,193.850,194.080,6
20260608131300,194.080,194.180,194.080,194.180,16
20260608131400,193.980,194.160,193.750,193.750,20
20260608131500,193.680,193.850,193.680,193.850,14
20260608131600,193.920,193.920,193.840,193.840,7
20260608131700,193.960,194.090,193.890,193.990,41
20260608131800,194.090,194.440,194.090,194.440,63
20260608131900,194.130,194.330,194.130,194.310,18
20260608132000,194.290,194.290,194.070,194.070,14
20260608132100,194.210,194.290,194.080,194.080,21
20260608132200,194.080,194.080,193.960,194.050,26
20260608132300,194.130,194.160,193.870,194.160,11
20260608132400,194.120,194.160,194.010,194.160,29
20260608132500,194.020,194.160,194.020,194.100,16
20260608132600,194.150,194.160,194.130,194.160,28
20260608132700,193.960,193.960,193.960,193.960,8
20260608132800,193.980,194.110,193.980,193.980,13
20260608132900,194.140,194.140,193.810,193.810,27
20260608133000,193.920,194.030,193.810,193.810,20
20260608133100,194.040,194.430,194.040,194.430,109
20260608133200,194.430,194.490,194.240,194.240,13
20260608133300,194.220,194.360,193.860,194.070,31
20260608133400,194.230,194.240,194.020,194.240,14
20260608133500,194.240,194.240,193.770,193.940,20
20260608133600,193.950,193.950,193.750,193.750,13
20260608133700,193.990,193.990,193.560,193.560,30
20260608133800,193.750,193.750,193.450,193.500,32
20260608133900,193.380,193.380,193.340,193.340,15
20260608134000,193.300,193.390,193.180,193.290,61
20260608134100,193.260,193.600,193.260,193.600,30
20260608134200,193.430,193.550,193.350,193.350,101
20260608134300,193.280,193.350,193.150,193.160,50
20260608134400,193.300,193.300,192.900,193.050,75
20260608134500,192.960,193.090,192.960,193.090,36
20260608134600,193.190,193.330,192.900,193.210,121
20260608134700,193.220,193.220,192.900,193.210,51
20260608134800,193.230,193.580,193.230,193.580,37
20260608134900,193.420,193.580,193.130,193.130,46
20260608135000,193.110,193.580,193.110,193.580,57
20260608135100,193.390,194.160,193.390,193.850,39
20260608135200,194.150,195.260,193.830,194.950,166
20260608135300,195.220,195.240,195.170,195.240,17
20260608135400,195.070,195.550,195.050,195.500,52
20260608135500,195.490,195.500,195.110,195.110,28
20260608135600,195.460,196.180,195.450,195.600,108
20260608135700,195.780,195.910,195.770,195.770,13
20260608135800,195.900,195.990,195.650,195.770,58
20260608135900,195.970,195.980,195.680,195.680,14
20260608140000,195.940,195.940,195.690,195.690,15
20260608140100,195.930,195.940,195.710,195.910,26
20260608140200,195.920,196.150,195.790,195.790,41
20260608140300,195.790,195.790,195.620,195.770,47
20260608140400,196.130,196.460,196.130,196.460,42
20260608140500,196.180,196.230,195.810,196.230,30
20260608140600,195.950,196.270,195.930,195.940,18
20260608140700,196.240,196.550,196.170,196.360,134
20260608140800,196.480,196.700,196.440,196.680,43
20260608140900,196.660,196.690,196.250,196.690,50
20260608141000,196.690,197.390,196.690,197.250,85
20260608141100,197.240,197.250,197.170,197.250,54
20260608141200,197.300,197.690,197.250,197.420,72
20260608141300,197.580,197.980,197.480,197.560,57
20260608141400,197.560,197.890,197.560,197.780,67
20260608141500,197.410,197.730,197.270,197.630,92
20260608141600,197.630,197.730,197.630,197.730,55
20260608141700,197.730,197.930,197.730,197.870,138
20260608141800,197.950,198.000,197.680,198.000,61
20260608141900,198.250,198.250,197.860,197.940,86
20260608142000,197.940,198.470,197.940,198.400,64
20260608142100,198.470,198.480,198.140,198.260,55
20260608142200,198.380,198.450,198.380,198.440,55
20260608142300,198.450,198.500,198.430,198.460,52
20260608142400,198.500,198.990,198.250,198.800,103
20260608142500,198.800,198.800,198.330,198.330,72
20260608142600,198.620,198.700,198.350,198.700,50
20260608142700,198.770,198.890,198.440,198.800,96
20260608142800,198.800,199.270,198.610,199.000,70
20260608142900,198.630,198.990,198.480,198.480,80
20260608143000,198.760,198.940,198.430,198.710,85
20260608143100,198.750,199.000,198.750,199.000,81
20260608143200,199.000,199.180,198.960,199.030,129
20260608143300,199.020,199.160,198.950,198.950,106
20260608143400,199.100,199.100,198.950,199.080,125
20260608143500,198.630,199.060,198.500,198.890,79
20260608143600,198.800,198.800,198.470,198.780,69
20260608143700,198.680,199.000,198.510,199.000,163
20260608143800,198.930,198.990,198.460,198.790,98
20260608143900,198.400,198.570,198.400,198.500,116
20260608144000,198.410,198.770,197.960,198.770,107
20260608144100,198.350,198.800,198.350,198.800,81
20260608144200,198.810,198.890,198.770,198.890,93
20260608144300,198.700,199.050,198.520,199.050,151
20260608144400,199.030,199.470,199.030,199.470,152
20260608144500,199.210,199.440,199.030,199.030,155
20260608144600,199.030,199.470,199.030,199.400,86
20260608144700,199.290,199.460,199.090,199.370,65
20260608144800,199.360,199.460,199.070,199.190,96
20260608144900,198.940,199.290,198.940,199.110,65
20260608145000,199.120,199.130,198.680,198.680,64
20260608145100,198.770,198.910,198.220,198.500,111
20260608145200,198.760,198.840,198.610,198.700,86
20260608145300,198.800,198.840,198.350,198.820,134
20260608145400,198.840,198.900,198.650,198.890,87
20260608145500,198.920,198.970,198.440,198.600,116
20260608145600,198.970,198.970,198.440,198.900,45
20260608145700,198.440,198.990,198.010,198.010,120
20260608145800,198.010,198.010,198.010,198.010,0
20260608145900,198.010,198.010,198.010,198.010,0
20260608150000,199.000,199.000,199.000,199.000,64
20260609093000,199.770,199.770,199.770,199.770,20
20260609093100,199.720,199.720,196.510,196.680,105
20260609093200,196.300,196.990,195.120,196.150,463
20260609093300,196.950,196.950,195.960,196.840,167
20260609093400,196.900,196.900,196.270,196.600,66
20260609093500,196.530,197.050,196.440,196.610,60
20260609093600,196.440,196.970,196.370,196.900,68
20260609093700,196.460,197.530,196.460,196.540,124
20260609093800,197.120,197.120,196.730,196.740,59
20260609093900,196.740,196.740,196.300,196.310,85
20260609094000,196.030,196.490,196.030,196.270,28
20260609094100,196.500,197.000,196.350,197.000,85
20260609094200,197.070,197.200,196.750,196.860,57
20260609094300,196.760,196.760,196.270,196.490,33
20260609094400,196.340,196.890,196.280,196.870,49
20260609094500,196.670,197.360,196.670,196.880,134
20260609094600,196.860,197.130,196.550,196.700,28
20260609094700,196.490,196.870,196.490,196.770,18
20260609094800,196.770,196.770,196.060,196.200,48
20260609094900,196.070,196.070,195.580,195.590,34
20260609095000,195.830,195.830,195.250,195.550,27
20260609095100,195.490,195.980,195.300,195.520,26
20260609095200,195.520,195.730,195.420,195.720,10
20260609095300,195.840,195.840,195.450,195.810,50
20260609095400,196.340,197.010,196.190,196.720,136
20260609095500,196.700,197.000,196.660,197.000,35
20260609095600,196.910,197.100,196.710,197.100,54
20260609095700,197.100,197.300,197.000,197.000,8
20260609095800,197.280,197.880,197.000,197.540,38
20260609095900,197.390,197.390,197.110,197.140,20
20260609100000,197.090,197.480,196.890,197.480,27
20260609100100,197.500,197.500,197.080,197.350,10
20260609100200,197.110,197.110,196.450,196.450,47
20260609100300,196.360,197.230,196.280,196.780,27
20260609100400,197.220,197.220,196.780,197.090,26
20260609100500,197.500,197.590,197.350,197.350,34
20260609100600,197.590,197.600,196.940,196.940,43
20260609100700,196.940,197.230,196.540,196.830,44
20260609100800,197.230,197.240,196.750,196.750,19
20260609100900,196.750,196.750,196.500,196.690,15
20260609101000,196.410,196.750,196.340,196.690,24
20260609101100,196.600,196.950,196.600,196.950,19
20260609101200,196.610,196.960,196.600,196.960,14
20260609101300,197.140,197.140,196.600,196.600,35
20260609101400,196.580,197.380,196.580,197.160,115
20260609101500,197.100,197.420,196.880,197.110,36
20260609101600,197.110,197.460,197.110,197.460,14
20260609101700,197.620,198.000,197.100,197.100,59
20260609101800,197.000,197.000,196.880,196.960,19
20260609101900,197.320,197.510,196.990,197.510,19
20260609102000,197.150,197.600,197.150,197.510,24
20260609102100,197.900,197.920,197.670,197.900,32
20260609102200,197.660,197.860,197.590,197.690,48
20260609102300,197.750,198.390,197.750,198.390,67
20260609102400,198.000,198.610,198.000,198.430,86
20260609102500,198.430,198.520,198.320,198.320,21
20260609102600,198.420,198.420,198.230,198.230,6
20260609102700,198.230,198.230,198.080,198.080,9
20260609102800,198.080,198.470,198.080,198.080,18
20260609102900,198.450,198.450,198.420,198.420,10
20260609103000,198.080,198.350,198.080,198.350,35
20260609103100,198.410,198.410,198.100,198.100,8
20260609103200,198.400,198.400,198.090,198.310,14
20260609103300,198.100,198.100,197.520,197.520,30
20260609103400,197.900,197.900,197.150,197.150,27
20260609103500,197.420,197.420,196.510,196.510,78
20260609103600,196.300,196.640,196.050,196.120,61
20260609103700,196.550,196.770,196.550,196.770,18
20260609103800,196.770,197.400,196.430,196.620,39
20260609103900,196.630,196.630,196.630,196.630,5
20260609104000,196.960,197.090,196.590,197.090,113
20260609104100,196.890,197.080,196.890,197.030,12
20260609104200,197.100,197.400,197.090,197.220,39
20260609104300,197.480,197.500,197.220,197.500,11
20260609104400,197.490,197.490,197.240,197.240,4
20260609104500,197.500,197.600,197.500,197.600,19
20260609104600,197.200,197.550,197.030,197.170,84
20260609104700,196.820,197.160,196.820,197.160,10
20260609104800,197.150,197.150,196.920,196.920,7
20260609104900,197.100,197.100,196.400,196.580,42
20260609105000,196.330,196.530,196.280,196.530,31
20260609105100,196.620,196.780,196.430,196.430,35
20260609105200,196.720,196.720,196.450,196.450,14
20260609105300,196.720,196.720,196.440,196.450,7
20260609105400,196.440,196.440,195.950,195.950,72
20260609105500,195.710,195.710,195.220,195.300,18
20260609105600,195.610,195.610,195.360,195.360,4
20260609105700,195.630,195.630,195.330,195.330,12
20260609105800,195.630,195.630,195.610,195.610,10
20260609105900,195.640,196.030,195.640,196.000,20
20260609110000,196.000,196.030,195.890,195.890,16
20260609110100,196.210,196.630,196.210,196.630,10
20260609110200,196.610,196.610,196.210,196.210,11
20260609110300,196.200,196.530,196.080,196.080,16
20260609110400,196.070,196.070,195.750,196.050,25
20260609110500,196.050,196.050,196.050,196.050,0
20260609110600,195.750,196.090,195.730,196.090,36
20260609110700,195.690,195.690,195.690,195.690,2
20260609110800,195.700,195.970,195.550,195.550,30
20260609110900,195.600,195.920,195.600,195.920,11
20260609111000,195.920,195.930,195.610,195.680,24
20260609111100,195.620,195.850,194.500,194.930,250
20260609111200,194.630,194.960,194.630,194.960,26
20260609111300,194.700,194.860,194.690,194.860,22
20260609111400,194.700,194.860,194.700,194.860,18
20260609111500,194.850,194.850,194.670,194.730,24
20260609111600,194.700,194.850,194.700,194.710,9
20260609111700,194.710,194.710,194.710,194.710,13
20260609111800,194.700,194.700,194.670,194.670,13
20260609111900,194.950,194.960,194.690,194.960,6
20260609112000,194.700,194.970,194.490,194.490,40
20260609112100,194.400,194.550,194.010,194.010,114
20260609112200,194.200,194.230,194.200,194.210,8
20260609112300,194.540,194.800,194.470,194.470,29
20260609112400,194.470,194.820,194.400,194.820,44
20260609112500,194.830,194.830,194.500,194.500,8
20260609112600,194.460,194.870,194.460,194.830,14
20260609112700,194.500,194.880,194.500,194.830,16
20260609112800,194.940,194.940,194.480,194.830,20
20260609112900,194.480,194.980,194.480,194.650,25
20260609113000,195.000,195.000,194.610,194.610,19
20260609130100,194.960,195.400,194.610,195.020,133
20260609130200,194.630,195.670,194.630,195.210,56
20260609130300,195.610,195.610,195.210,195.600,10
20260609130400,195.160,195.620,195.150,195.150,8
20260609130500,195.370,195.530,195.210,195.240,44
20260609130600,195.490,195.490,195.240,195.240,6
20260609130700,195.220,195.220,195.110,195.110,158
20260609130800,195.110,195.110,194.690,194.750,173
20260609130900,194.610,194.700,194.610,194.610,24
20260609131000,194.620,195.500,194.460,195.500,227
20260609131100,195.160,195.470,195.160,195.440,10
20260609131200,195.130,195.140,195.130,195.140,7
20260609131300,195.130,195.580,195.000,195.280,65
20260609131400,195.140,195.200,194.830,194.830,14
20260609131500,195.190,195.330,194.800,195.330,14
20260609131600,194.930,195.000,194.930,194.990,10
20260609131700,194.980,194.980,194.590,194.590,27
20260609131800,194.680,194.800,194.620,194.620,15
20260609131900,194.610,194.630,194.610,194.630,6
20260609132000,194.850,194.860,194.590,194.850,24
20260609132100,194.530,195.020,194.520,195.020,22
20260609132200,194.710,195.170,194.700,194.710,16
20260609132300,194.720,195.050,194.720,195.050,10
20260609132400,194.810,194.820,194.740,194.740,16
20260609132500,194.740,194.740,194.710,194.710,6
20260609132600,194.670,194.970,194.670,194.960,10
20260609132700,194.640,194.900,194.550,194.590,59
20260609132800,194.600,194.840,194.600,194.840,6
20260609132900,194.830,194.830,194.680,194.680,14
20260609133000,194.840,194.840,194.680,194.690,8
20260609133100,194.830,194.960,194.790,194.790,18
20260609133200,194.790,194.960,194.600,194.960,19
20260609133300,194.950,195.010,194.640,195.010,15
20260609133400,195.060,195.370,195.010,195.010,25
20260609133500,195.390,195.490,195.390,195.490,7
20260609133600,195.040,195.400,195.010,195.010,8
20260609133700,195.410,195.410,195.410,195.410,9
20260609133800,195.160,195.410,195.150,195.410,8
20260609133900,195.410,196.080,195.070,196.080,165
20260609134000,196.010,196.010,195.740,195.810,27
20260609134100,195.810,195.810,195.690,195.690,37
20260609134200,195.440,195.790,195.370,195.390,29
20260609134300,195.700,196.380,195.700,196.050,181
20260609134400,196.300,196.310,196.270,196.270,22
20260609134500,196.250,196.270,195.900,195.900,14
20260609134600,196.210,196.210,195.890,195.890,4
20260609134700,196.180,196.260,195.970,196.260,35
20260609134800,196.260,196.260,196.040,196.040,8
20260609134900,196.030,196.030,195.960,195.960,8
20260609135000,196.200,196.700,195.760,196.310,370
20260609135100,195.680,195.680,195.110,195.570,184
20260609135200,195.570,195.570,194.740,195.210,96
20260609135300,195.470,195.470,194.900,194.900,26
20260609135400,194.900,194.900,194.900,194.900,12
20260609135500,195.230,195.270,194.920,195.250,33
20260609135600,194.880,195.230,194.880,194.890,17
20260609135700,195.030,195.030,194.860,194.860,13
20260609135800,194.860,195.010,194.840,194.970,39
20260609135900,194.850,195.090,194.780,195.090,31
20260609140000,194.900,194.900,194.900,194.900,6
20260609140100,194.910,195.170,194.900,195.170,6
20260609140200,195.180,195.180,194.910,194.910,110
20260609140300,195.000,195.000,194.850,194.850,17
20260609140400,194.870,194.980,194.860,194.980,21
20260609140500,194.980,194.980,194.880,194.880,14
20260609140600,194.920,195.000,194.890,194.890,41
20260609140700,194.900,195.010,194.880,194.970,88
20260609140800,195.010,195.010,194.730,194.740,95
20260609140900,194.940,195.000,194.720,194.860,22
20260609141000,194.700,194.740,194.660,194.660,143
20260609141100,194.800,194.810,194.630,194.630,29
20260609141200,194.610,194.930,194.610,194.820,47
20260609141300,194.800,194.800,194.730,194.760,12
20260609141400,194.760,194.780,194.750,194.770,13
20260609141500,194.810,194.900,194.790,194.900,27
20260609141600,194.820,194.840,194.770,194.790,23
20260609141700,194.910,194.930,194.620,194.680,59
20260609141800,194.680,194.940,194.680,194.940,21
20260609141900,194.800,194.940,194.800,194.830,18
20260609142000,194.840,194.880,194.840,194.880,23
20260609142100,194.900,194.900,194.700,194.700,48
20260609142200,194.760,194.950,194.610,194.950,20
20260609142300,194.940,194.950,194.650,194.790,28
20260609142400,194.960,195.000,194.710,194.970,110
20260609142500,194.960,195.000,194.940,194.940,20
20260609142600,195.190,195.440,194.970,194.970,449
20260609142700,194.970,195.180,194.930,194.930,19
20260609142800,194.940,195.090,194.930,195.090,119
20260609142900,195.030,195.180,194.980,195.100,267
20260609143000,195.000,195.100,194.900,195.030,48
20260609143100,195.100,195.100,194.930,194.930,110
20260609143200,195.000,195.000,194.900,194.970,49
20260609143300,194.900,195.040,194.900,195.000,60
20260609143400,194.940,194.940,194.900,194.900,94
20260609143500,194.900,194.980,194.900,194.930,25
20260609143600,194.930,194.930,194.890,194.890,41
20260609143700,194.920,194.920,194.840,194.840,15
20260609143800,194.840,194.840,194.780,194.780,12
20260609143900,194.790,194.880,194.780,194.870,37
20260609144000,194.870,194.870,194.770,194.770,6
20260609144100,194.870,195.000,194.790,194.790,152
20260609144200,194.830,194.950,194.830,194.950,12
20260609144300,194.950,194.950,194.820,194.820,41
20260609144400,194.820,194.890,194.780,194.780,28
20260609144500,194.880,194.880,194.800,194.850,42
20260609144600,194.890,195.000,194.700,194.800,103
20260609144700,194.800,194.900,194.770,194.780,66
20260609144800,194.780,194.780,194.680,194.680,121
20260609144900,194.690,194.920,194.570,194.920,158
20260609145000,194.680,194.920,194.680,194.900,41
20260609145100,194.750,195.000,194.700,194.720,58
20260609145200,194.760,194.980,194.730,194.980,62
20260609145300,195.000,195.000,194.600,194.600,57
20260609145400,194.780,194.820,194.780,194.820,32
20260609145500,195.020,195.020,194.820,194.870,40
20260609145600,195.020,195.630,194.720,195.280,92
20260609145700,194.720,194.860,194.600,194.600,51
20260609145800,194.600,194.600,194.600,194.600,0
20260609145900,194.600,194.600,194.600,194.600,0
20260609150000,194.600,194.600,194.600,194.600,98
20260610093000,193.500,193.500,193.500,193.500,8
20260610093100,194.130,194.500,193.570,193.650,68
20260610093200,193.550,193.550,191.820,192.250,262
20260610093300,192.660,194.130,192.390,193.670,131
20260610093400,193.670,194.120,192.500,193.420,94
20260610093500,193.970,193.970,193.020,193.020,58
20260610093600,192.930,193.660,192.930,193.640,278
20260610093700,193.590,193.870,193.210,193.420,104
20260610093800,193.180,193.310,192.770,193.310,44
20260610093900,192.740,192.740,192.250,192.610,78
20260610094000,192.720,192.750,192.240,192.540,99
20260610094100,192.490,193.380,192.490,193.130,28
20260610094200,193.530,193.530,192.300,192.510,70
20260610094300,192.450,192.750,192.400,192.410,36
20260610094400,192.720,193.090,192.430,192.550,39
20260610094500,192.830,193.190,192.570,192.570,55
20260610094600,192.780,193.320,192.780,192.980,73
20260610094700,193.400,193.400,192.810,193.170,37
20260610094800,192.880,192.880,192.400,192.400,31
20260610094900,192.720,192.760,192.330,192.690,36
20260610095000,192.690,192.830,192.690,192.720,80
20260610095100,192.750,192.750,192.310,192.620,50
20260610095200,192.540,192.570,192.330,192.370,62
20260610095300,192.500,192.680,192.330,192.670,109
20260610095400,192.490,192.490,192.020,192.060,53
20260610095500,192.090,192.130,192.000,192.000,65
20260610095600,192.140,192.240,192.000,192.240,45
20260610095700,192.210,192.680,192.210,192.380,29
20260610095800,192.340,192.800,192.250,192.610,84
20260610095900,192.450,192.950,192.450,192.650,37
20260610100000,192.990,192.990,192.650,192.700,30
20260610100100,192.950,192.950,192.590,192.600,26
20260610100200,192.590,193.200,192.590,192.620,49
20260610100300,192.910,192.910,192.040,192.160,166
20260610100400,192.150,192.330,192.000,192.300,38
20260610100500,192.300,192.860,192.300,192.860,33
20260610100600,192.900,193.200,192.790,193.150,145
20260610100700,193.140,193.150,192.630,192.630,22
20260610100800,192.630,192.830,192.550,192.550,24
20260610100900,192.550,192.700,192.270,192.590,26
20260610101000,192.220,192.440,192.170,192.440,32
20260610101100,192.440,193.550,192.430,193.230,122
20260610101200,193.310,193.560,193.010,193.560,38
20260610101300,193.650,193.800,193.440,193.490,16
20260610101400,193.720,193.720,193.120,193.120,14
20260610101500,193.110,193.170,192.890,193.170,10
20260610101600,192.790,193.300,192.790,192.990,29
20260610101700,192.960,192.960,192.520,192.900,46
20260610101800,192.830,193.090,192.830,192.900,200
20260610101900,192.900,192.990,192.550,192.550,68
20260610102000,192.490,192.530,192.430,192.430,19
20260610102100,192.520,192.660,192.520,192.540,23
20260610102200,192.550,192.660,192.440,192.440,24
20260610102300,192.440,192.920,192.420,192.910,103
20260610102400,192.490,193.290,192.490,193.280,34
20260610102500,192.870,192.880,192.780,192.780,47
20260610102600,192.770,193.020,192.460,192.460,105
20260610102700,192.810,193.000,192.450,193.000,15
20260610102800,192.580,193.090,192.580,193.080,44
20260610102900,192.690,193.090,192.690,192.700,14
20260610103000,192.690,193.340,192.690,193.340,54
20260610103100,193.100,193.410,193.050,193.050,36
20260610103200,193.140,193.140,193.040,193.040,19
20260610103300,193.290,193.300,192.690,192.690,22
20260610103400,192.710,192.710,192.600,192.600,21
20260610103500,192.860,192.860,192.240,192.290,87
20260610103600,192.110,192.150,191.820,191.820,522
20260610103700,191.820,191.820,191.500,191.510,27
20260610103800,191.530,191.530,191.500,191.500,21
20260610103900,191.510,191.650,191.410,191.650,19
20260610104000,191.650,191.650,191.400,191.400,23
20260610104100,191.490,191.500,191.030,191.030,140
20260610104200,191.040,191.370,191.040,191.210,40
20260610104300,191.190,191.380,191.150,191.170,52
20260610104400,191.160,191.460,191.070,191.070,54
20260610104500,191.420,191.460,191.180,191.430,36
20260610104600,191.430,191.570,191.410,191.500,57
20260610104700,191.620,191.690,191.460,191.690,50
20260610104800,191.700,191.960,191.430,191.960,59
20260610104900,191.960,192.260,191.910,191.910,21
20260610105000,191.970,191.970,191.470,191.470,30
20260610105100,191.800,192.220,191.480,192.220,221
20260610105200,192.690,192.690,191.780,191.780,185
20260610105300,191.680,191.680,191.510,191.620,22
20260610105400,191.690,191.690,191.450,191.510,48
20260610105500,191.500,191.550,191.390,191.390,22
20260610105600,191.400,191.400,191.210,191.210,13
20260610105700,191.250,191.250,191.040,191.040,53
20260610105800,191.030,191.110,191.030,191.060,24
20260610105900,191.040,191.040,190.800,191.000,128
20260610110000,190.810,190.810,190.800,190.800,20
20260610110100,190.880,190.960,190.610,190.730,96
20260610110200,190.730,190.890,190.730,190.880,18
20260610110300,191.000,191.000,190.830,190.970,50
20260610110400,190.850,190.960,190.510,190.860,211
20260610110500,190.840,190.840,190.790,190.790,4
20260610110600,190.620,190.840,190.620,190.770,54
20260610110700,190.770,190.770,190.630,190.720,13
20260610110800,190.650,190.650,190.520,190.640,99
20260610110900,190.510,190.930,190.510,190.600,92
20260610111000,190.880,191.340,190.600,190.640,176
20260610111100,190.990,191.330,190.990,191.040,180
20260610111200,191.050,191.110,191.000,191.000,39
20260610111300,191.110,191.120,190.810,190.810,24
20260610111400,191.080,191.160,191.000,191.020,213
20260610111500,191.380,191.850,191.380,191.850,33
20260610111600,191.390,191.390,191.190,191.190,48
20260610111700,191.640,191.640,191.290,191.290,21
20260610111800,191.810,191.820,191.560,191.560,78
20260610111900,191.600,191.780,191.290,191.290,29
20260610112000,191.910,192.090,191.470,192.090,302
20260610112100,192.050,192.430,192.050,192.070,27
20260610112200,192.330,192.330,192.010,192.010,22
20260610112300,192.030,192.150,191.910,191.910,34
20260610112400,191.920,192.300,191.910,192.260,88
20260610112500,192.260,192.430,191.910,192.260,37
20260610112600,192.460,192.640,192.460,192.630,51
20260610112700,192.610,192.850,192.440,192.450,41
20260610112800,192.720,193.000,192.560,192.640,161
20260610112900,192.590,192.590,192.270,192.270,32
20260610113000,192.140,192.140,192.000,192.070,27
20260610130100,192.070,192.400,191.100,192.400,249
20260610130200,192.740,193.000,192.100,192.100,67
20260610130300,192.440,192.750,192.410,192.410,46
20260610130400,192.750,192.750,192.190,192.560,64
20260610130500,192.520,192.520,191.950,192.190,59
20260610130600,192.190,192.190,191.640,191.640,51
20260610130700,191.960,192.090,191.720,192.050,41
20260610130800,191.820,191.820,191.600,191.640,38
20260610130900,191.640,191.650,191.520,191.520,24
20260610131000,191.710,191.710,191.500,191.500,22
20260610131100,191.360,191.490,191.350,191.490,52
20260610131200,191.450,191.450,191.340,191.340,19
20260610131300,191.540,191.540,191.280,191.490,30
20260610131400,191.260,191.390,191.100,191.130,62
20260610131500,191.110,191.230,191.000,191.000,79
20260610131600,191.000,191.420,191.000,191.340,78
20260610131700,191.750,191.750,191.380,191.380,11
20260610131800,191.310,191.360,191.310,191.310,22
20260610131900,191.270,191.530,191.270,191.490,37
20260610132000,191.360,191.360,191.290,191.290,23
20260610132100,191.390,191.750,191.270,191.270,57
20260610132200,191.280,191.350,191.100,191.310,28
20260610132300,191.280,191.500,191.100,191.500,61
20260610132400,191.790,192.200,191.390,192.200,36
20260610132500,191.860,191.860,191.550,191.550,29
20260610132600,191.580,191.700,191.430,191.430,48
20260610132700,191.660,191.660,191.420,191.420,31
20260610132800,191.580,191.580,191.170,191.380,90
20260610132900,191.500,191.700,191.500,191.510,45
20260610133000,191.700,191.790,191.660,191.790,31
20260610133100,192.040,192.040,191.560,191.560,46
20260610133200,191.710,191.710,191.320,191.380,34
20260610133300,191.660,191.820,191.400,191.660,41
20260610133400,191.620,191.790,191.510,191.790,50
20260610133500,191.640,191.750,191.420,191.420,30
20260610133600,191.390,191.700,191.390,191.650,58
20260610133700,191.590,191.910,191.590,191.620,15
20260610133800,191.860,192.100,191.820,192.100,52
20260610133900,191.870,191.870,191.620,191.620,27
20260610134000,191.470,191.700,191.470,191.510,17
20260610134100,191.550,191.740,191.510,191.740,44
20260610134200,191.740,191.870,191.660,191.790,42
20260610134300,192.100,192.220,191.860,192.020,37
20260610134400,192.280,192.330,192.100,192.300,29
20260610134500,192.120,192.260,192.020,192.020,86
20260610134600,192.060,192.260,192.060,192.200,35
20260610134700,192.040,192.190,191.830,191.830,60
20260610134800,191.820,191.820,191.510,191.690,43
20260610134900,191.690,191.690,191.490,191.500,18
20260610135000,191.610,191.610,191.310,191.320,40
20260610135100,191.320,191.400,191.320,191.400,14
20260610135200,191.350,191.450,191.150,191.450,57
20260610135300,191.450,191.450,191.360,191.450,32
20260610135400,191.490,191.660,191.370,191.660,37
20260610135500,191.360,191.610,191.340,191.610,34
20260610135600,191.680,191.950,191.610,191.950,54
20260610135700,192.710,192.850,192.540,192.640,62
20260610135800,192.630,192.640,192.440,192.630,17
20260610135900,192.460,192.670,192.320,192.360,399
20260610140000,192.210,192.500,192.210,192.500,14
20260610140100,192.500,192.530,192.430,192.430,62
20260610140200,192.270,192.530,192.270,192.380,12
20260610140300,192.290,192.290,192.290,192.290,10
20260610140400,192.460,192.510,192.460,192.510,20
20260610140500,192.350,192.350,192.340,192.340,12
20260610140600,192.500,192.770,192.500,192.770,29
20260610140700,192.700,192.700,192.530,192.690,23
20260610140800,192.700,192.700,192.610,192.640,12
20260610140900,192.760,192.950,192.760,192.950,45
20260610141000,192.950,193.380,192.950,192.960,91
20260610141100,193.050,193.050,192.830,192.830,17
20260610141200,193.090,193.290,193.040,193.290,33
20260610141300,193.290,193.320,193.090,193.090,18
20260610141400,193.090,193.240,193.050,193.050,6
20260610141500,193.010,193.010,192.850,192.860,27
20260610141600,192.950,192.960,192.840,192.940,35
20260610141700,192.930,193.040,192.920,192.920,34
20260610141800,193.180,193.180,192.930,193.170,15
20260610141900,193.160,193.170,193.120,193.120,13
20260610142000,193.020,193.120,192.950,193.110,10
20260610142100,193.100,193.570,193.100,193.510,89
20260610142200,193.320,193.320,193.150,193.150,87
20260610142300,193.290,193.300,193.130,193.300,18
20260610142400,193.140,193.290,193.090,193.090,87
20260610142500,193.080,193.080,192.860,192.860,22
20260610142600,192.860,192.940,192.790,192.940,32
20260610142700,192.900,192.900,192.840,192.850,7
20260610142800,193.110,193.300,193.070,193.300,36
20260610142900,193.200,193.200,193.110,193.110,11
20260610143000,193.100,193.100,192.800,192.800,51
20260610143100,192.800,193.070,192.800,192.830,24
20260610143200,193.010,193.490,192.830,193.460,199
20260610143300,193.500,193.650,193.490,193.650,74
20260610143400,193.710,193.800,193.680,193.740,170
20260610143500,193.790,193.880,193.740,193.780,88
20260610143600,193.780,193.880,193.720,193.880,58
20260610143700,193.790,193.950,193.790,193.940,15
20260610143800,193.900,193.980,193.770,193.960,46
20260610143900,193.970,193.970,193.810,193.960,48
20260610144000,193.960,194.260,193.960,194.000,109
20260610144100,194.190,194.190,193.800,193.800,35
20260610144200,194.020,194.180,194.000,194.170,49
20260610144300,194.150,194.180,194.150,194.170,17
20260610144400,194.110,194.140,194.000,194.060,21
20260610144500,194.140,194.290,194.140,194.290,91
20260610144600,194.250,194.480,194.100,194.180,36
20260610144700,194.180,194.290,194.060,194.290,40
20260610144800,194.290,194.340,194.290,194.340,71
20260610144900,194.340,194.430,194.300,194.430,51
20260610145000,194.420,194.500,194.400,194.500,65
20260610145100,194.500,194.610,194.500,194.610,56
20260610145200,194.600,194.610,194.350,194.350,25
20260610145300,194.350,194.420,194.350,194.360,37
20260610145400,194.430,194.540,194.360,194.540,52
20260610145500,194.560,194.560,194.290,194.290,55
20260610145600,194.290,194.650,194.290,194.370,46
20260610145700,194.650,194.650,194.300,194.440,45
20260610145800,194.440,194.440,194.440,194.440,0
20260610145900,194.440,194.440,194.440,194.440,0
20260610150000,194.410,194.410,194.410,194.410,132
20260611093000,193.080,193.080,193.080,193.080,20
20260611093100,193.180,195.000,193.180,194.990,74
20260611093200,194.500,195.030,193.230,193.230,195
20260611093300,193.440,196.280,192.880,195.850,322
20260611093400,196.000,196.500,195.800,196.210,192
20260611093500,196.490,196.850,196.280,196.500,84
20260611093600,196.500,196.680,195.350,195.380,94
20260611093700,195.410,195.510,194.810,194.810,49
20260611093800,195.180,195.570,194.810,195.370,81
20260611093900,195.370,195.370,194.830,194.830,60
20260611094000,194.830,194.830,193.910,194.490,31
20260611094100,194.040,194.040,193.200,193.200,30
20260611094200,193.560,194.200,193.560,194.200,42
20260611094300,194.360,194.360,193.690,194.180,27
20260611094400,193.820,194.180,193.500,193.670,26
20260611094500,193.500,194.110,193.490,194.110,58
20260611094600,194.190,194.190,193.540,193.560,24
20260611094700,193.100,193.630,193.000,193.540,153
20260611094800,193.560,194.200,193.130,193.990,33
20260611094900,193.620,194.200,193.620,194.200,16
20260611095000,193.810,194.570,193.810,193.930,221
20260611095100,193.840,193.840,193.700,193.710,19
20260611095200,193.700,194.310,193.700,194.310,20
20260611095300,194.180,194.180,193.310,193.770,82
20260611095400,193.320,193.590,193.270,193.550,49
20260611095500,193.550,193.990,193.300,193.990,48
20260611095600,194.260,194.260,193.550,193.680,14
20260611095700,193.300,193.580,193.190,193.190,73
20260611095800,193.500,193.500,193.450,193.470,30
20260611095900,193.460,193.680,193.150,193.680,35
20260611100000,193.940,195.200,193.940,195.200,92
20260611100100,195.200,195.380,194.290,194.290,79
20260611100200,194.820,194.820,194.810,194.810,5
20260611100300,194.810,194.810,194.190,194.190,69
20260611100400,194.120,194.450,194.120,194.120,22
20260611100500,194.110,194.110,193.730,193.740,10
20260611100600,193.730,193.840,193.730,193.840,12
20260611100700,193.790,194.110,193.530,193.760,35
20260611100800,193.760,193.760,193.690,193.690,10
20260611100900,193.500,193.500,193.060,193.240,35
20260611101000,193.430,193.600,193.430,193.600,13
20260611101100,193.240,193.560,193.170,193.540,14
20260611101200,193.210,193.210,193.100,193.110,33
20260611101300,193.460,193.460,193.110,193.390,8
20260611101400,193.460,193.470,193.240,193.240,31
20260611101500,193.460,193.690,193.460,193.690,68
20260611101600,193.690,193.870,193.610,193.870,11
20260611101700,193.630,195.150,193.620,195.000,172
20260611101800,194.690,195.150,194.690,194.690,36
20260611101900,194.600,194.920,194.600,194.920,124
20260611102000,194.940,194.950,194.460,194.830,32
20260611102100,194.830,194.860,194.830,194.860,6
20260611102200,194.650,194.650,194.580,194.580,25
20260611102300,194.560,194.560,194.560,194.560,2
20260611102400,194.580,194.580,194.210,194.210,47
20260611102500,193.880,193.880,193.880,193.880,2
20260611102600,193.880,194.300,193.880,194.300,11
20260611102700,194.390,194.580,194.040,194.580,21
20260611102800,194.650,194.650,194.210,194.460,9
20260611102900,194.330,194.330,194.330,194.330,8
20260611103000,194.320,194.320,194.090,194.090,4
20260611103100,194.090,194.290,193.890,194.070,33
20260611103200,194.190,194.800,194.190,194.700,14
20260611103300,194.650,194.690,194.590,194.650,37
20260611103400,194.270,194.870,194.270,194.870,24
20260611103500,194.680,195.280,194.650,195.070,202
20260611103600,195.250,195.400,195.000,195.400,99
20260611103700,195.400,195.500,195.400,195.500,25
20260611103800,195.210,195.550,195.210,195.500,20
20260611103900,195.500,195.500,195.170,195.500,30
20260611104000,195.500,195.500,195.470,195.470,8
20260611104100,195.500,195.500,195.210,195.490,14
20260611104200,195.480,195.860,195.450,195.850,55
20260611104300,195.850,195.870,195.830,195.830,16
20260611104400,195.830,195.930,195.830,195.930,24
20260611104500,195.900,195.940,195.210,195.210,41
20260611104600,195.500,195.500,195.150,195.280,19
20260611104700,195.510,195.510,195.120,195.120,20
20260611104800,195.130,195.500,195.130,195.500,21
20260611104900,195.490,195.500,195.020,195.500,38
20260611105000,195.500,195.500,195.070,195.170,15
20260611105100,195.500,195.510,195.110,195.490,18
20260611105200,195.480,195.480,195.480,195.480,4
20260611105300,195.480,195.480,195.480,195.480,2
20260611105400,195.470,195.470,195.220,195.330,21
20260611105500,195.460,195.460,195.330,195.330,6
20260611105600,194.910,195.230,194.910,194.940,29
20260611105700,195.200,195.200,195.200,195.200,4
20260611105800,195.210,195.320,195.100,195.100,8
20260611105900,195.370,195.470,195.370,195.470,8
20260611110000,195.460,195.460,195.110,195.440,14
20260611110100,195.120,195.120,195.120,195.120,2
20260611110200,195.430,195.430,195.430,195.430,6
20260611110300,195.160,195.290,195.160,195.290,4
20260611110400,195.140,195.380,195.140,195.380,6
20260611110500,195.360,195.380,195.360,195.380,6
20260611110600,195.370,195.370,195.360,195.360,4
20260611110700,195.360,195.370,195.110,195.310,18
20260611110800,195.110,195.350,195.110,195.310,13
20260611110900,195.320,195.360,195.070,195.300,27
20260611111000,195.380,195.440,195.170,195.400,42
20260611111100,195.370,195.370,194.970,194.970,15
20260611111200,194.870,194.870,194.330,194.330,33
20260611111300,194.700,194.700,194.700,194.700,2
20260611111400,194.940,194.940,194.500,194.730,14
20260611111500,194.720,194.780,194.720,194.780,29
20260611111600,194.780,194.880,194.780,194.880,5
20260611111700,194.620,194.860,194.460,194.460,23
20260611111800,194.460,194.850,194.460,194.490,14
20260611111900,194.540,194.830,194.540,194.830,6
20260611112000,194.840,194.880,194.820,194.880,10
20260611112100,194.890,194.900,194.890,194.900,4
20260611112200,194.960,194.990,194.960,194.990,8
20260611112300,195.050,195.050,195.050,195.050,6
20260611112400,194.720,195.050,194.720,195.010,29
20260611112500,194.740,195.110,194.740,195.060,28
20260611112600,194.860,195.250,194.860,195.250,17
20260611112700,195.250,195.400,195.250,195.250,8
20260611112800,195.250,195.250,195.250,195.250,0
20260611112900,195.010,195.370,195.010,195.370,7
20260611113000,195.030,195.390,195.030,195.390,7
20260611130100,195.000,196.980,195.000,196.640,447
20260611130200,196.640,196.940,196.620,196.940,81
20260611130300,196.930,196.980,196.380,196.640,74
20260611130400,196.660,196.980,196.620,196.620,42
20260611130500,196.620,196.620,196.300,196.300,40
20260611130600,196.390,197.180,196.350,197.180,199
20260611130700,197.280,197.280,196.660,196.830,126
20260611130800,197.030,197.030,197.000,197.030,16
20260611130900,196.570,196.950,196.280,196.950,55
20260611131000,196.280,196.290,195.950,195.950,37
20260611131100,195.970,196.620,195.970,196.580,14
20260611131200,196.470,196.470,196.180,196.450,16
20260611131300,196.480,196.970,196.470,196.970,58
20260611131400,196.990,197.280,196.980,196.980,42
20260611131500,197.100,197.100,197.100,197.100,16
20260611131600,197.140,198.820,197.140,198.550,271
20260611131700,198.550,199.680,198.550,199.580,112
20260611131800,199.580,199.580,198.590,198.840,74
20260611131900,198.500,199.150,198.500,198.660,114
20260611132000,199.140,199.150,198.900,199.100,53
20260611132100,199.150,199.500,199.150,199.250,97
20260611132200,199.480,199.480,199.380,199.420,26
20260611132300,199.120,199.390,199.110,199.190,30
20260611132400,199.080,199.100,198.320,198.890,66
20260611132500,198.500,198.960,198.500,198.780,34
20260611132600,198.790,198.790,198.540,198.770,46
20260611132700,198.800,199.000,198.390,198.390,49
20260611132800,198.500,198.810,198.500,198.810,58
20260611132900,198.560,198.810,198.560,198.810,16
20260611133000,198.630,198.630,198.110,198.520,80
20260611133100,198.560,198.600,198.220,198.600,22
20260611133200,198.630,199.800,198.620,199.450,480
20260611133300,199.470,199.490,199.160,199.160,92
20260611133400,199.470,199.470,199.240,199.240,14
20260611133500,199.110,199.110,199.110,199.110,4
20260611133600,199.100,199.100,198.750,198.860,32
20260611133700,198.480,198.660,198.480,198.660,8
20260611133800,198.500,198.660,198.490,198.600,27
20260611133900,198.500,198.800,198.500,198.560,24
20260611134000,198.480,198.610,198.440,198.440,13
20260611134100,198.430,199.150,198.140,199.140,104
20260611134200,198.230,199.080,198.230,198.900,34
20260611134300,198.950,198.950,198.400,198.570,50
20260611134400,198.530,198.580,198.150,198.510,19
20260611134500,198.410,198.510,198.240,198.250,17
20260611134600,198.510,198.560,198.310,198.500,50
20260611134700,198.410,198.650,198.370,198.370,60
20260611134800,198.280,198.510,198.280,198.510,12
20260611134900,198.540,198.850,198.320,198.660,63
20260611135000,198.850,198.850,198.730,198.730,40
20260611135100,198.540,198.980,198.540,198.980,31
20260611135200,198.580,198.660,198.500,198.660,32
20260611135300,198.660,198.660,198.150,198.150,33
20260611135400,198.470,198.470,198.090,198.380,35
20260611135500,198.440,198.500,198.090,198.500,37
20260611135600,198.520,198.840,198.380,198.580,72
20260611135700,198.590,198.800,198.530,198.800,15
20260611135800,198.590,198.660,198.280,198.280,35
20260611135900,198.280,198.480,198.220,198.480,17
20260611140000,198.220,198.550,198.220,198.420,33
20260611140100,198.310,198.560,198.230,198.510,70
20260611140200,198.660,199.200,198.660,199.200,67
20260611140300,199.030,199.200,199.000,199.110,41
20260611140400,198.740,199.280,198.740,199.200,17
20260611140500,198.800,199.120,198.700,198.990,50
20260611140600,198.680,198.990,198.680,198.990,27
20260611140700,198.710,199.180,198.700,199.180,21
20260611140800,198.870,199.160,198.870,198.870,32
20260611140900,198.870,198.870,198.690,198.690,19
20260611141000,198.690,198.690,198.660,198.680,27
20260611141100,198.640,198.660,198.640,198.660,16
20260611141200,198.660,199.100,198.600,198.900,32
20260611141300,198.900,199.060,198.770,198.770,41
20260611141400,198.760,199.100,198.760,199.100,35
20260611141500,199.100,199.110,198.830,199.100,18
20260611141600,198.810,199.110,198.800,198.990,69
20260611141700,199.090,199.090,198.760,198.980,50
20260611141800,198.790,199.000,198.790,199.000,27
20260611141900,198.780,199.090,198.780,199.060,6
20260611142000,199.050,199.050,198.790,198.990,14
20260611142100,198.990,199.040,198.990,198.990,16
20260611142200,198.990,199.060,198.990,199.000,17
20260611142300,198.990,200.420,198.990,200.000,782
20260611142400,200.100,200.390,199.780,199.790,50
20260611142500,199.800,200.250,199.800,200.230,13
20260611142600,199.670,200.130,199.670,200.040,32
20260611142700,199.780,200.040,199.780,199.970,14
20260611142800,199.960,200.070,199.910,200.070,31
20260611142900,200.070,200.100,199.910,199.940,30
20260611143000,200.130,200.200,200.090,200.200,26
20260611143100,200.200,200.340,200.200,200.230,90
20260611143200,200.340,200.450,200.330,200.330,75
20260611143300,200.380,200.390,200.220,200.320,27
20260611143400,200.220,200.370,200.220,200.320,94
20260611143500,200.160,200.310,200.160,200.170,23
20260611143600,200.180,200.300,200.090,200.300,55
20260611143700,200.300,200.300,200.170,200.170,16
20260611143800,200.300,200.300,199.920,199.920,108
20260611143900,199.930,199.930,199.350,199.510,46
20260611144000,199.700,199.910,199.560,199.910,78
20260611144100,199.930,199.940,199.790,199.910,66
20260611144200,199.910,199.970,199.510,199.970,67
20260611144300,199.930,199.930,199.440,199.440,41
20260611144400,199.460,199.730,199.460,199.730,27
20260611144500,199.730,199.730,199.500,199.500,25
20260611144600,199.730,199.740,199.580,199.580,51
20260611144700,199.730,199.730,199.530,199.540,45
20260611144800,199.400,199.790,199.400,199.790,107
20260611144900,199.820,199.960,199.680,199.960,98
20260611145000,199.740,199.960,199.740,199.740,20
20260611145100,199.940,199.950,199.530,199.790,61
20260611145200,199.600,199.800,199.550,199.570,81
20260611145300,199.530,199.530,199.320,199.390,65
20260611145400,199.370,199.550,199.350,199.550,64
20260611145500,199.370,199.960,199.350,199.960,199
20260611145600,199.830,199.830,199.430,199.830,93
20260611145700,199.640,199.860,199.640,199.860,78
20260611145800,199.860,199.860,199.860,199.860,0
20260611145900,199.860,199.860,199.860,199.860,0
20260611150000,199.660,199.660,199.660,199.660,195
20260612093000,200.000,200.000,200.000,200.000,12
20260612093100,198.000,199.300,198.000,198.020,60
20260612093200,197.800,197.800,195.100,195.100,273
20260612093300,196.000,196.850,195.020,196.850,228
20260612093400,196.750,196.750,195.370,195.510,113
20260612093500,195.520,196.010,195.520,195.780,42
20260612093600,195.580,196.210,195.580,196.200,93
20260612093700,195.720,196.290,195.720,196.100,40
20260612093800,195.800,197.500,195.720,197.220,161
20260612093900,197.480,197.480,195.750,196.090,225
20260612094000,196.590,197.790,196.500,196.500,334
20260612094100,197.230,197.230,196.330,196.330,45
20260612094200,196.580,197.040,196.470,197.040,39
20260612094300,197.040,197.610,197.040,197.550,66
20260612094400,197.550,198.160,197.530,197.850,65
20260612094500,198.540,198.880,198.460,198.870,49
20260612094600,198.850,198.850,198.000,198.000,76
20260612094700,198.160,198.260,197.480,197.620,118
20260612094800,197.610,197.970,197.600,197.970,31
20260612094900,197.970,198.490,197.970,198.490,17
20260612095000,198.400,199.500,198.180,199.500,116
20260612095100,199.400,199.880,199.400,199.850,24
20260612095200,199.790,199.790,199.300,199.300,58
20260612095300,199.730,199.740,199.310,199.730,41
20260612095400,199.390,199.780,199.210,199.290,30
20260612095500,199.000,199.000,198.680,198.990,62
20260612095600,198.950,198.950,198.590,198.620,13
20260612095700,198.610,199.740,198.610,199.510,51
20260612095800,199.740,201.000,199.740,200.470,171
20260612095900,200.470,200.800,200.340,200.800,41
20260612100000,200.790,200.790,200.100,200.520,66
20260612100100,200.120,200.400,200.110,200.400,10
20260612100200,200.420,200.900,200.070,200.330,123
20260612100300,200.440,201.000,200.400,200.990,93
20260612100400,201.000,201.000,200.590,200.600,64
20260612100500,200.950,201.450,200.950,200.990,71
20260612100600,201.000,201.340,200.880,201.040,82
20260612100700,200.830,202.000,200.780,201.980,331
20260612100800,201.460,201.490,201.440,201.490,55
20260612100900,201.880,201.880,201.420,201.420,16
20260612101000,201.000,201.570,201.000,201.570,9
20260612101100,200.970,201.330,200.970,201.000,21
20260612101200,201.280,201.410,201.190,201.390,31
20260612101300,201.390,201.430,201.390,201.430,12
20260612101400,201.400,201.430,201.300,201.400,25
20260612101500,201.400,201.920,201.400,201.920,66
20260612101600,201.920,202.610,201.920,202.340,491
20260612101700,202.080,202.110,201.310,202.110,92
20260612101800,202.000,202.000,201.650,201.650,28
20260612101900,201.650,202.180,201.650,202.180,24
20260612102000,202.140,202.140,201.320,201.320,53
20260612102100,201.320,201.700,201.320,201.370,60
20260612102200,201.480,201.480,201.480,201.480,6
20260612102300,201.840,201.870,201.480,201.870,7
20260612102400,201.510,201.840,201.300,201.790,76
20260612102500,201.880,202.150,201.840,202.130,33
20260612102600,201.870,202.130,201.870,201.870,15
20260612102700,201.870,201.870,201.840,201.850,20
20260612102800,201.840,201.930,201.830,201.900,29
20260612102900,201.920,202.110,201.660,202.080,124
20260612103000,202.110,202.680,201.870,202.480,219
20260612103100,202.470,202.670,202.230,202.610,28
20260612103200,202.610,203.620,202.310,203.490,240
20260612103300,204.210,204.470,203.450,204.090,241
20260612103400,204.090,204.300,203.430,203.430,137
20260612103500,203.980,203.980,203.440,203.490,106
20260612103600,203.500,203.500,202.640,202.640,56
20260612103700,202.780,202.870,202.630,202.850,31
20260612103800,202.870,203.410,202.870,202.890,21
20260612103900,202.900,203.350,202.900,203.320,18
20260612104000,202.900,203.320,202.870,203.320,49
20260612104100,202.830,202.830,202.730,202.730,31
20260612104200,202.820,203.750,202.820,203.740,94
20260612104300,203.750,203.770,202.730,202.730,61
20260612104400,202.610,202.610,202.580,202.580,11
20260612104500,203.840,203.840,202.780,203.330,128
20260612104600,203.230,203.250,202.520,202.710,77
20260612104700,203.240,203.250,202.810,203.230,21
20260612104800,203.230,203.280,202.920,203.240,30
20260612104900,203.240,203.320,202.930,203.320,18
20260612105000,203.320,203.380,202.950,203.340,48
20260612105100,202.970,203.380,202.970,202.990,32
20260612105200,203.280,203.290,203.010,203.010,8
20260612105300,202.980,203.380,202.980,203.280,44
20260612105400,203.290,203.800,202.980,203.770,79
20260612105500,203.400,203.980,203.400,203.720,132
20260612105600,203.820,203.960,203.420,203.890,38
20260612105700,203.880,203.880,203.550,203.840,18
20260612105800,203.840,203.850,203.320,203.320,125
20260612105900,203.720,203.760,203.420,203.760,51
20260612110000,203.850,203.850,203.380,203.680,83
20260612110100,203.680,203.680,203.320,203.540,67
20260612110200,203.640,203.860,203.290,203.290,42
20260612110300,203.820,203.830,203.450,203.480,22
20260612110400,203.830,203.860,203.510,203.850,33
20260612110500,203.850,204.470,203.850,203.870,239
20260612110600,203.870,204.200,203.870,204.200,27
20260612110700,204.200,204.280,203.940,203.940,16
20260612110800,203.960,204.200,203.450,203.450,69
20260612110900,203.700,203.910,203.330,203.910,45
20260612111000,203.990,204.250,203.750,204.250,80
20260612111100,204.240,204.240,203.760,204.220,35
20260612111200,204.240,204.890,204.180,204.880,129
20260612111300,204.480,204.860,203.910,204.330,75
20260612111400,204.330,204.760,204.130,204.760,92
20260612111500,204.240,204.690,204.240,204.670,14
20260612111600,204.670,204.730,204.280,204.680,33
20260612111700,204.670,204.780,204.320,204.780,73
20260612111800,204.780,204.860,204.780,204.860,24
20260612111900,204.890,204.900,204.560,204.900,53
20260612112000,204.960,204.960,204.550,204.930,99
20260612112100,205.110,205.360,204.930,205.320,480
20260612112200,205.350,205.360,204.900,204.900,163
20260612112300,204.900,205.360,204.900,205.010,45
20260612112400,204.910,205.300,204.910,205.290,15
20260612112500,204.910,205.300,204.910,204.910,59
20260612112600,204.910,205.490,204.780,205.070,80
20260612112700,205.070,205.070,204.340,204.340,97
20260612112800,204.350,204.580,204.340,204.580,46
20260612112900,204.600,205.040,204.500,204.960,25
20260612113000,204.620,204.930,204.500,204.930,19
20260612130100,204.520,205.000,204.280,205.000,233
20260612130200,205.350,205.870,204.990,204.990,227
20260612130300,205.600,205.600,204.960,204.960,97
20260612130400,204.950,205.340,204.570,205.340,64
20260612130500,205.340,205.340,204.320,204.340,113
20260612130600,204.960,204.970,204.000,204.000,56
20260612130700,203.990,204.190,203.950,204.190,27
20260612130800,204.190,204.190,203.900,203.900,19
20260612130900,203.910,203.910,203.570,203.570,53
20260612131000,203.580,203.580,203.100,203.160,83
20260612131100,203.370,203.500,203.290,203.430,91
20260612131200,203.490,203.490,203.290,203.460,20
20260612131300,203.480,204.170,203.480,203.570,53
20260612131400,204.080,204.080,203.640,203.650,35
20260612131500,204.030,204.040,203.640,203.660,49
20260612131600,203.760,203.970,203.660,203.950,30
20260612131700,203.920,203.950,203.620,203.950,41
20260612131800,203.950,204.030,203.740,204.020,23
20260612131900,204.020,204.070,203.790,204.030,20
20260612132000,204.030,204.030,203.790,203.860,44
20260612132100,203.860,204.170,203.800,203.980,38
20260612132200,203.980,204.600,203.880,204.580,36
20260612132300,204.040,204.500,204.040,204.120,34
20260612132400,204.100,204.130,203.660,203.660,65
20260612132500,203.660,204.030,203.560,203.560,16
20260612132600,204.020,204.020,203.550,203.560,31
20260612132700,203.550,203.960,203.450,203.450,45
20260612132800,203.470,203.900,203.310,203.320,30
20260612132900,203.310,203.790,203.300,203.330,44
20260612133000,203.320,203.790,203.310,203.790,32
20260612133100,203.780,203.790,203.380,203.760,25
20260612133200,203.390,203.760,203.360,203.360,35
20260612133300,203.600,203.790,203.360,203.700,29
20260612133400,204.030,204.470,203.730,204.470,36
20260612133500,204.500,204.830,203.850,204.080,37
20260612133600,204.160,205.140,204.160,204.280,49
20260612133700,204.770,205.040,204.280,204.960,32
20260612133800,204.940,204.950,203.410,203.980,127
20260612133900,203.980,204.720,203.450,204.010,183
20260612134000,204.020,204.840,204.020,204.640,37
20260612134100,204.100,204.580,203.840,203.840,110
20260612134200,203.470,203.780,203.470,203.780,17
20260612134300,203.480,203.690,203.310,203.310,57
20260612134400,203.790,203.790,203.300,203.590,14
20260612134500,203.330,203.480,203.320,203.470,25
20260612134600,203.470,203.780,203.320,203.780,51
20260612134700,203.780,203.880,203.730,203.880,39
20260612134800,203.920,204.450,203.600,203.600,53
20260612134900,203.720,204.270,203.580,203.740,52
20260612135000,203.740,204.000,203.700,203.700,17
20260612135100,204.000,204.000,203.640,203.660,30
20260612135200,203.580,204.070,203.580,203.600,25
20260612135300,203.600,203.990,203.600,203.610,34
20260612135400,203.620,203.960,203.020,203.300,101
20260612135500,203.160,203.760,203.160,203.160,17
20260612135600,203.150,203.720,203.150,203.190,38
20260612135700,203.190,203.610,203.160,203.610,17
20260612135800,203.600,203.620,203.100,203.100,44
20260612135900,203.120,203.490,203.060,203.490,21
20260612140000,203.070,203.490,203.060,203.100,33
20260612140100,203.030,203.450,203.010,203.080,127
20260612140200,203.460,203.460,203.180,203.210,20
20260612140300,203.210,203.480,203.210,203.480,18
20260612140400,203.210,203.480,203.210,203.240,22
20260612140500,203.530,203.760,203.270,203.760,34
20260612140600,203.990,203.990,203.640,203.910,39
20260612140700,203.910,203.910,203.460,203.460,35
20260612140800,203.470,203.830,203.360,203.490,81
20260612140900,204.000,204.040,203.570,203.990,36
20260612141000,203.990,204.010,203.810,203.910,23
20260612141100,204.030,204.450,204.030,204.450,34
20260612141200,204.500,204.580,204.130,204.400,28
20260612141300,204.400,204.530,204.190,204.520,19
20260612141400,204.190,204.520,204.080,204.190,62
20260612141500,203.980,204.190,203.880,203.880,33
20260612141600,203.880,204.170,203.690,204.170,52
20260612141700,203.690,204.170,203.600,204.150,28
20260612141800,204.150,204.170,203.610,204.130,30
20260612141900,204.130,204.140,203.640,204.130,33
20260612142000,203.810,204.140,203.810,204.140,16
20260612142100,203.880,204.430,203.880,204.060,40
20260612142200,204.420,204.490,204.050,204.070,26
20260612142300,204.060,204.380,203.990,204.380,26
20260612142400,203.990,204.380,203.890,203.890,33
20260612142500,203.890,204.220,203.690,203.690,36
20260612142600,204.120,204.120,203.460,203.460,32
20260612142700,203.450,203.830,203.450,203.790,40
20260612142800,203.690,203.690,203.290,203.320,78
20260612142900,203.320,203.790,203.320,203.790,49
20260612143000,203.290,203.870,203.290,203.870,37
20260612143100,203.390,204.040,203.390,203.820,68
20260612143200,203.960,204.040,203.270,203.670,71
20260612143300,203.190,203.650,203.050,203.650,46
20260612143400,203.650,203.650,203.020,203.630,42
20260612143500,203.640,203.640,203.100,203.470,58
20260612143600,203.470,203.570,203.120,203.570,39
20260612143700,203.170,203.520,203.080,203.100,53
20260612143800,203.470,203.570,203.100,203.100,68
20260612143900,203.090,203.560,203.090,203.170,102
20260612144000,203.500,203.540,203.120,203.540,49
20260612144100,203.550,203.650,203.190,203.610,33
20260612144200,203.620,203.810,203.420,203.810,117
20260612144300,203.810,203.840,203.440,203.820,67
20260612144400,203.450,203.870,203.450,203.650,63
20260612144500,203.650,204.000,203.550,204.000,61
20260612144600,203.730,204.040,203.470,203.470,65
20260612144700,203.460,203.510,203.270,203.390,39
20260612144800,203.390,203.500,203.270,203.500,74
20260612144900,203.630,203.990,203.630,203.990,66
20260612145000,203.980,204.040,203.530,203.720,69
20260612145100,203.720,203.950,203.550,203.790,50
20260612145200,203.810,203.810,203.650,203.800,69
20260612145300,203.920,203.990,203.770,203.990,84
20260612145400,203.940,204.050,203.860,203.900,59
20260612145500,204.030,204.500,203.340,204.210,84
20260612145600,204.450,204.450,203.630,204.450,102
20260612145700,203.700,204.550,203.690,204.540,135
20260612145800,204.540,204.540,204.540,204.540,0
20260612145900,204.540,204.540,204.540,204.540,0
20260612150000,205.000,205.000,205.000,205.000,410
20260615093000,204.900,204.900,204.900,204.900,27
20260615093100,204.900,204.900,202.650,202.660,135
20260615093200,202.450,204.840,200.890,204.190,376
20260615093300,203.550,206.490,203.550,205.680,308
20260615093400,206.500,208.760,206.500,208.210,244
20260615093500,208.210,208.980,207.290,208.800,243
20260615093600,208.020,208.800,208.020,208.200,170
20260615093700,208.200,208.770,207.510,207.510,149
20260615093800,207.520,208.250,207.010,207.860,112
20260615093900,207.190,207.540,207.000,207.540,98
20260615094000,207.940,208.050,207.010,207.010,148
20260615094100,207.200,207.360,206.650,206.750,68
20260615094200,206.720,208.410,206.720,208.280,241
20260615094300,208.270,208.270,207.960,208.170,113
20260615094400,208.160,208.190,207.700,208.180,253
20260615094500,207.870,207.880,207.180,207.180,142
20260615094600,207.120,207.120,206.740,207.100,104
20260615094700,207.110,207.440,206.190,206.230,197
20260615094800,206.340,206.340,206.200,206.250,43
20260615094900,206.290,206.320,205.960,206.300,48
20260615095000,205.940,206.500,205.940,206.500,113
20260615095100,206.500,206.600,205.970,206.600,89
20260615095200,206.580,206.580,206.080,206.120,110
20260615095300,206.130,206.130,205.200,205.490,110
20260615095400,205.490,205.950,205.460,205.950,49
20260615095500,206.000,206.000,205.200,205.450,58
20260615095600,205.480,205.950,205.440,205.950,69
20260615095700,205.940,206.460,205.940,205.940,76
20260615095800,205.580,205.880,205.000,205.200,265
20260615095900,205.020,205.380,205.020,205.380,19
20260615100000,205.110,205.400,204.590,204.810,118
20260615100100,204.820,204.820,204.130,204.330,56
20260615100200,204.060,204.600,204.060,204.560,77
20260615100300,204.560,204.600,204.500,204.500,54
20260615100400,204.150,204.390,204.080,204.170,91
20260615100500,204.170,204.580,204.000,204.580,90
20260615100600,204.170,204.170,204.100,204.100,138
20260615100700,204.120,204.450,204.100,204.290,146
20260615100800,204.290,204.370,203.830,204.080,395
20260615100900,203.700,204.070,203.700,204.070,13
20260615101000,204.300,204.360,204.020,204.340,175
20260615101100,204.360,204.810,204.300,204.310,148
20260615101200,204.340,204.740,204.340,204.740,17
20260615101300,204.400,204.990,204.400,204.430,17
20260615101400,204.420,204.900,204.420,204.880,18
20260615101500,204.490,204.840,204.420,204.830,48
20260615101600,204.840,205.340,204.830,205.310,31
20260615101700,205.090,205.260,205.060,205.060,48
20260615101800,205.080,205.690,205.080,205.690,42
20260615101900,205.710,205.710,205.340,205.660,22
20260615102000,205.690,206.230,205.410,206.230,62
20260615102100,206.300,206.340,205.830,206.330,51
20260615102200,206.280,206.280,206.260,206.260,7
20260615102300,206.280,206.290,206.000,206.290,8
20260615102400,206.300,206.300,205.440,205.880,23
20260615102500,205.830,205.830,205.800,205.800,8
20260615102600,205.510,205.800,205.510,205.520,21
20260615102700,205.790,205.810,205.540,205.540,30
20260615102800,205.520,206.010,205.520,206.010,141
20260615102900,206.010,206.010,205.630,205.630,57
20260615103000,205.730,205.730,205.460,205.460,15
20260615103100,205.240,205.240,204.990,204.990,25
20260615103200,204.990,205.260,204.650,204.650,10
20260615103300,204.640,205.000,204.640,204.660,14
20260615103400,204.700,205.000,204.700,204.700,14
20260615103500,204.700,204.700,204.420,204.600,81
20260615103600,204.700,204.970,204.430,204.800,41
20260615103700,204.860,205.000,204.860,205.000,17
20260615103800,205.000,205.000,204.500,204.500,25
20260615103900,204.700,205.000,204.700,205.000,14
20260615104000,204.600,204.910,204.600,204.600,19
20260615104100,204.900,204.900,204.900,204.900,12
20260615104200,204.650,205.150,204.650,204.960,54
20260615104300,204.610,204.960,204.610,204.650,74
20260615104400,204.960,204.960,204.600,204.960,19
20260615104500,204.960,205.190,204.680,205.190,22
20260615104600,205.080,205.320,204.990,205.320,47
20260615104700,205.290,205.290,204.500,204.990,78
20260615104800,204.990,205.010,204.790,205.010,23
20260615104900,204.700,205.000,204.660,204.660,10
20260615105000,204.980,205.200,204.830,205.200,45
20260615105100,205.170,205.170,204.760,204.760,22
20260615105200,204.760,205.090,204.720,204.810,44
20260615105300,204.670,204.830,204.660,204.810,18
20260615105400,204.660,205.040,204.630,205.040,23
20260615105500,204.980,204.980,204.670,204.970,11
20260615105600,204.690,204.950,204.690,204.950,11
20260615105700,204.950,205.010,204.310,204.450,168
20260615105800,204.500,204.560,204.490,204.560,60
20260615105900,204.540,204.600,204.270,204.600,56
20260615110000,204.310,204.600,204.310,204.600,18
20260615110100,204.600,205.280,204.330,205.280,215
20260615110200,205.300,205.600,205.300,205.570,76
20260615110300,205.300,205.580,205.300,205.570,79
20260615110400,204.960,205.450,204.960,205.360,17
20260615110500,205.280,205.280,205.280,205.280,2
20260615110600,205.270,205.270,205.270,205.270,2
20260615110700,205.260,205.280,204.950,205.280,19
20260615110800,205.280,205.510,204.990,205.510,14
20260615110900,205.580,205.920,205.400,205.400,23
20260615111000,205.860,205.880,205.440,205.530,39
20260615111100,205.440,205.570,205.090,205.400,43
20260615111200,205.120,205.120,205.120,205.120,6
20260615111300,205.120,205.400,205.120,205.120,32
20260615111400,205.390,205.390,204.870,204.870,22
20260615111500,204.870,205.190,204.510,205.190,15
20260615111600,204.540,205.010,204.540,204.760,22
20260615111700,204.540,204.950,204.540,204.950,8
20260615111800,204.940,205.000,204.940,204.960,9
20260615111900,205.180,205.510,204.980,205.500,17
20260615112000,205.010,205.460,205.010,205.460,25
20260615112100,205.260,205.460,205.150,205.410,25
20260615112200,204.880,205.220,204.880,204.890,13
20260615112300,205.220,205.260,204.960,204.960,9
20260615112400,205.250,205.250,205.250,205.250,2
20260615112500,205.250,205.420,205.250,205.420,8
20260615112600,205.400,205.440,205.050,205.430,31
20260615112700,205.040,205.230,204.800,205.080,77
20260615112800,204.740,205.020,204.700,205.020,24
20260615112900,205.020,205.240,205.020,205.220,13
20260615113000,205.220,205.220,205.220,205.220,0
20260615130100,204.800,204.800,204.300,204.700,136
20260615130200,204.420,204.720,204.420,204.720,14
20260615130300,204.400,204.710,204.300,204.300,14
20260615130400,204.700,204.700,204.310,204.330,18
20260615130500,204.660,204.730,204.400,204.410,20
20260615130600,204.420,204.700,204.410,204.700,28
20260615130700,204.670,204.680,204.400,204.680,11
20260615130800,204.360,204.360,204.000,204.180,69
20260615130900,203.950,204.220,203.950,204.220,15
20260615131000,203.980,204.210,203.900,204.000,24
20260615131100,204.220,204.220,204.000,204.200,18
20260615131200,204.010,204.220,204.010,204.200,20
20260615131300,204.200,204.230,203.760,203.760,26
20260615131400,204.220,204.230,204.220,204.230,5
20260615131500,203.770,204.240,203.770,204.240,24
20260615131600,203.850,204.310,203.850,204.300,15
20260615131700,204.310,204.310,204.300,204.300,4
20260615131800,204.300,204.300,204.300,204.300,0
20260615131900,204.280,204.280,203.810,204.000,63
20260615132000,203.820,204.000,203.000,203.880,145
20260615132100,203.300,203.820,203.300,203.820,143
20260615132200,203.820,203.870,203.480,203.480,21
20260615132300,203.470,203.840,203.000,203.490,371
20260615132400,203.490,204.290,203.480,204.210,69
20260615132500,204.210,204.400,203.890,203.890,73
20260615132600,203.590,204.370,203.160,203.160,82
20260615132700,203.640,203.640,203.090,203.590,8
20260615132800,203.110,203.560,203.110,203.560,9
20260615132900,203.580,203.660,203.180,203.660,25
20260615133000,204.020,204.080,204.020,204.080,31
20260615133100,203.530,203.980,203.520,203.600,32
20260615133200,203.600,203.930,203.400,203.470,48
20260615133300,203.500,203.980,203.500,203.980,111
20260615133400,204.030,204.040,203.400,203.500,99
20260615133500,203.520,203.690,203.240,203.690,69
20260615133600,203.260,203.260,203.260,203.260,4
20260615133700,203.260,203.260,203.240,203.240,7
20260615133800,203.600,203.620,203.600,203.620,28
20260615133900,203.740,203.740,203.530,203.530,14
20260615134000,203.670,203.720,203.480,203.720,15
20260615134100,203.720,203.970,203.480,203.870,36
20260615134200,204.000,204.000,203.740,203.740,40
20260615134300,204.040,204.190,204.040,204.190,20
20260615134400,204.200,205.000,204.200,204.580,53
20260615134500,204.730,204.730,204.310,204.310,8
20260615134600,204.280,204.280,204.280,204.280,3
20260615134700,204.730,204.980,204.330,204.970,78
20260615134800,204.560,204.980,204.560,204.950,17
20260615134900,204.880,204.930,204.880,204.930,9
20260615135000,204.930,204.980,204.590,204.880,87
20260615135100,204.940,205.000,204.940,204.980,36
20260615135200,204.960,204.960,204.600,204.950,19
20260615135300,204.870,204.870,204.590,204.590,4
20260615135400,204.490,205.000,204.480,204.480,48
20260615135500,204.940,204.940,204.540,204.550,18
20260615135600,204.530,204.840,204.530,204.840,6
20260615135700,204.540,204.810,204.540,204.800,20
20260615135800,204.840,204.930,204.680,204.930,24
20260615135900,204.950,204.970,204.680,204.900,13
20260615140000,204.900,205.170,204.900,204.950,88
20260615140100,204.660,205.140,204.660,204.720,51
20260615140200,205.120,205.120,205.120,205.120,5
20260615140300,204.830,204.980,204.690,204.980,12
20260615140400,205.000,205.120,204.740,205.120,60
20260615140500,205.140,205.140,204.790,205.110,23
20260615140600,205.110,205.110,205.110,205.110,2
20260615140700,205.110,205.280,205.110,205.270,87
20260615140800,205.100,205.250,204.770,205.200,70
20260615140900,205.010,205.200,204.910,204.910,10
20260615141000,205.240,205.240,204.890,204.890,11
20260615141100,205.240,205.460,205.240,205.290,29
20260615141200,205.250,205.300,205.250,205.300,6
20260615141300,205.270,205.280,204.970,204.970,11
20260615141400,204.970,205.250,204.850,204.850,64
20260615141500,204.850,204.850,204.560,204.560,11
20260615141600,204.560,204.740,204.550,204.730,25
20260615141700,204.550,204.550,204.460,204.550,35
20260615141800,204.040,204.550,204.040,204.500,7
20260615141900,204.250,204.540,204.250,204.540,10
20260615142000,204.250,204.650,204.250,204.650,13
20260615142100,204.640,204.880,204.640,204.860,77
20260615142200,204.860,205.190,204.760,205.190,24
20260615142300,204.840,205.130,204.840,205.130,6
20260615142400,205.130,205.130,205.090,205.090,9
20260615142500,205.070,205.070,204.550,204.830,199
20260615142600,204.830,205.020,204.790,204.940,62
20260615142700,204.940,204.940,204.940,204.940,0
20260615142800,204.920,204.930,204.910,204.930,18
20260615142900,204.930,204.930,204.380,204.380,32
20260615143000,204.480,204.480,204.270,204.270,26
20260615143100,204.260,204.260,203.770,203.780,66
20260615143200,203.930,203.930,203.930,203.930,2
20260615143300,204.010,204.200,204.010,204.200,20
20260615143400,204.180,204.180,203.830,203.830,42
20260615143500,204.100,204.100,204.080,204.080,4
20260615143600,203.940,203.960,203.880,203.880,50
20260615143700,204.070,204.070,203.900,203.920,67
20260615143800,204.130,204.130,203.970,203.970,9
20260615143900,204.030,204.460,204.030,204.160,98
20260615144000,204.160,204.250,204.160,204.250,12
20260615144100,204.450,204.630,204.430,204.630,84
20260615144200,204.740,204.740,204.420,204.440,69
20260615144300,204.710,204.710,204.530,204.700,36
20260615144400,204.530,204.680,204.430,204.490,43
20260615144500,204.430,204.490,204.430,204.490,14
20260615144600,204.350,204.500,204.260,204.500,75
20260615144700,204.710,205.000,204.550,204.970,43
20260615144800,205.030,205.030,204.780,204.790,114
20260615144900,204.790,204.980,204.790,204.980,47
20260615145000,205.010,205.100,204.710,205.060,47
20260615145100,204.740,205.030,204.740,205.020,42
20260615145200,204.910,205.110,204.910,205.060,55
20260615145300,204.900,205.210,204.900,205.200,40
20260615145400,205.160,205.460,205.080,205.400,61
20260615145500,205.230,205.230,204.830,204.840,85
20260615145600,205.140,205.200,205.030,205.060,48
20260615145700,205.020,205.460,204.850,205.460,56
20260615145800,205.460,205.460,205.460,205.460,0
20260615145900,205.460,205.460,205.460,205.460,0
20260615150000,205.400,205.400,205.400,205.400,34
20260616093000,202.000,202.000,202.000,202.000,113
20260616093100,204.100,204.740,202.160,202.910,85
20260616093200,203.940,203.940,201.550,201.550,284
20260616093300,201.260,201.500,200.090,201.310,220
20260616093400,201.590,203.510,201.310,202.960,120
20260616093500,202.960,202.960,202.150,202.480,44
20260616093600,202.550,202.990,202.550,202.960,90
20260616093700,202.880,202.880,202.160,202.490,39
20260616093800,202.160,202.940,202.160,202.530,43
20260616093900,202.150,202.270,201.520,201.530,82
20260616094000,201.530,202.010,201.220,201.430,278
20260616094100,201.430,201.780,201.200,201.200,73
20260616094200,201.200,201.600,201.160,201.480,26
20260616094300,201.480,201.480,200.540,200.800,108
20260616094400,200.880,201.000,200.230,200.980,46
20260616094500,200.470,200.780,200.380,200.710,46
20260616094600,200.710,200.890,200.420,200.890,45
20260616094700,200.990,200.990,200.090,200.090,166
20260616094800,200.240,200.510,200.020,200.510,88
20260616094900,200.390,200.390,200.080,200.080,46
20260616095000,200.100,200.330,200.050,200.160,33
20260616095100,200.160,200.370,200.150,200.180,64
20260616095200,200.240,200.370,200.090,200.090,30
20260616095300,200.160,200.480,199.900,200.230,318
20260616095400,200.650,200.650,200.040,200.040,56
20260616095500,200.010,200.010,199.430,199.980,32
20260616095600,199.600,199.920,199.590,199.600,24
20260616095700,199.520,199.580,198.860,199.000,191
20260616095800,199.000,199.380,199.000,199.370,15
20260616095900,199.370,199.370,198.500,198.990,41
20260616100000,199.040,199.460,199.000,199.440,139
20260616100100,199.070,199.440,199.070,199.200,77
20260616100200,199.240,199.370,199.200,199.280,31
20260616100300,199.200,199.480,199.000,199.000,40
20260616100400,199.000,199.100,198.950,199.100,70
20260616100500,198.950,199.010,198.950,199.000,25
20260616100600,198.930,199.060,198.780,199.060,49
20260616100700,199.010,199.090,198.760,198.760,35
20260616100800,198.760,198.760,198.600,198.600,16
20260616100900,198.580,198.980,198.580,198.980,38
20260616101000,198.870,198.990,198.550,198.550,108
20260616101100,198.550,198.550,198.500,198.520,48
20260616101200,198.530,198.670,198.490,198.580,47
20260616101300,198.420,198.480,198.320,198.360,25
20260616101400,198.450,198.450,198.180,198.180,41
20260616101500,198.170,198.170,197.550,197.550,272
20260616101600,197.450,197.600,196.400,196.960,288
20260616101700,196.610,196.650,196.400,196.410,103
20260616101800,196.320,196.340,196.100,196.160,86
20260616101900,196.250,197.410,196.160,197.400,108
20260616102000,197.720,197.720,196.970,196.970,33
20260616102100,196.990,196.990,196.420,196.420,93
20260616102200,196.420,196.790,196.420,196.590,33
20260616102300,196.750,196.930,196.580,196.580,35
20260616102400,196.970,196.980,196.590,196.600,63
20260616102500,196.600,196.790,196.400,196.790,233
20260616102600,196.810,196.810,196.400,196.650,44
20260616102700,196.400,196.470,196.400,196.400,43
20260616102800,196.470,196.510,196.410,196.410,26
20260616102900,196.400,196.500,196.400,196.400,47
20260616103000,196.400,196.740,196.400,196.460,40
20260616103100,196.460,196.930,196.410,196.580,28
20260616103200,196.980,196.990,196.590,196.650,19
20260616103300,196.660,196.800,196.650,196.650,20
20260616103400,196.700,196.700,196.700,196.700,5
20260616103500,196.700,197.090,196.700,196.830,28
20260616103600,196.700,197.310,196.700,197.300,27
20260616103700,197.050,197.100,197.050,197.050,12
20260616103800,197.300,197.310,197.060,197.310,25
20260616103900,197.310,197.330,197.100,197.110,11
20260616104000,197.370,197.370,197.100,197.160,13
20260616104100,197.100,197.100,197.070,197.080,18
20260616104200,197.070,197.100,196.800,196.950,75
20260616104300,196.810,197.000,196.700,197.000,43
20260616104400,197.000,197.000,197.000,197.000,22
20260616104500,197.200,197.200,197.000,197.200,10
20260616104600,197.010,197.200,196.720,196.720,46
20260616104700,196.840,196.840,196.710,196.710,11
20260616104800,196.960,196.960,196.600,196.600,43
20260616104900,196.510,196.630,196.500,196.500,92
20260616105000,196.500,196.500,196.210,196.360,146
20260616105100,196.400,196.470,196.400,196.400,10
20260616105200,196.470,196.470,196.280,196.280,21
20260616105300,196.270,196.280,196.170,196.170,29
20260616105400,196.180,196.260,196.170,196.260,56
20260616105500,196.610,196.610,196.210,196.400,26
20260616105600,196.610,196.620,196.610,196.620,12
20260616105700,196.660,196.990,196.660,196.970,22
20260616105800,196.980,196.980,196.680,196.680,11
20260616105900,196.770,196.870,196.700,196.870,21
20260616110000,196.870,196.910,196.700,196.750,18
20260616110100,196.790,196.950,196.220,196.220,55
20260616110200,196.410,196.620,196.220,196.220,13
20260616110300,196.400,196.620,196.400,196.620,36
20260616110400,196.640,196.710,196.640,196.650,15
20260616110500,196.800,196.800,196.640,196.640,19
20260616110600,196.780,196.980,196.780,196.900,23
20260616110700,196.900,197.020,196.800,196.800,10
20260616110800,196.800,196.890,196.700,196.740,11
20260616110900,196.800,197.110,196.740,196.740,20
20260616111000,196.710,196.860,196.710,196.860,9
20260616111100,196.700,197.040,196.630,196.630,25
20260616111200,196.790,196.820,196.600,196.600,11
20260616111300,196.600,196.850,196.550,196.600,10
20260616111400,196.700,196.700,196.560,196.560,7
20260616111500,196.700,196.700,196.560,196.560,4
20260616111600,196.560,196.890,196.550,196.890,37
20260616111700,196.790,196.890,196.790,196.890,4
20260616111800,196.890,196.890,196.560,196.560,28
20260616111900,196.560,196.630,196.470,196.470,27
20260616112000,196.420,196.830,196.420,196.830,17
20260616112100,196.430,196.820,196.430,196.450,22
20260616112200,196.460,196.830,196.460,196.740,31
20260616112300,196.740,197.020,196.510,196.550,20
20260616112400,197.000,197.000,196.610,197.000,20
20260616112500,196.660,196.670,196.580,196.580,8
20260616112600,196.580,196.920,196.580,196.620,54
20260616112700,196.630,196.630,196.510,196.510,71
20260616112800,196.500,196.810,196.330,196.330,128
20260616112900,196.330,196.490,196.050,196.050,211
20260616113000,196.060,196.090,196.010,196.010,60
20260616130100,196.010,196.230,195.660,196.070,302
20260616130200,196.060,196.090,195.610,195.750,65
20260616130300,195.750,195.750,195.200,195.510,130
20260616130400,195.510,195.510,195.040,195.250,121
20260616130500,195.250,195.710,195.100,195.350,72
20260616130600,195.350,195.700,194.900,194.940,284
20260616130700,194.990,194.990,194.580,194.580,91
20260616130800,194.620,195.450,194.620,195.380,68
20260616130900,195.410,195.460,195.110,195.460,44
20260616131000,195.300,195.370,195.020,195.020,78
20260616131100,195.010,195.510,194.980,195.400,141
20260616131200,195.560,195.570,195.020,195.400,271
20260616131300,195.600,195.600,194.980,195.170,501
20260616131400,195.230,195.270,195.120,195.270,26
20260616131500,195.270,195.270,195.020,195.140,245
20260616131600,195.550,195.550,194.970,195.100,344
20260616131700,195.100,195.190,195.100,195.170,71
20260616131800,195.190,195.280,195.190,195.200,60
20260616131900,195.270,195.330,195.200,195.200,95
20260616132000,195.200,195.430,195.200,195.430,70
20260616132100,195.520,195.720,195.520,195.720,26
20260616132200,195.620,195.660,195.240,195.310,40
20260616132300,195.470,195.520,195.210,195.250,49
20260616132400,195.250,195.520,195.100,195.480,98
20260616132500,195.100,195.330,195.100,195.330,8
20260616132600,195.180,195.990,195.080,195.990,103
20260616132700,195.900,196.500,195.810,195.920,75
20260616132800,196.380,196.430,196.300,196.410,16
20260616132900,196.310,196.370,196.090,196.370,41
20260616133000,196.400,196.400,195.450,195.610,83
20260616133100,196.080,196.090,196.040,196.040,33
20260616133200,196.040,196.090,195.490,195.490,50
20260616133300,195.550,195.830,195.140,195.800,143
20260616133400,195.280,195.650,195.160,195.160,51
20260616133500,195.610,195.610,195.000,195.010,99
20260616133600,195.000,195.570,195.000,195.140,111
20260616133700,195.520,195.570,195.150,195.210,30
20260616133800,195.190,195.550,194.800,195.090,117
20260616133900,194.870,195.220,194.820,194.820,29
20260616134000,194.700,195.150,194.650,194.670,70
20260616134100,194.680,195.040,194.650,194.800,37
20260616134200,194.670,195.100,194.650,194.670,174
20260616134300,194.640,194.640,194.600,194.600,56
20260616134400,194.640,194.850,194.640,194.750,61
20260616134500,194.730,194.730,194.600,194.600,33
20260616134600,194.670,195.400,194.600,195.080,101
20260616134700,195.310,195.310,194.640,194.650,97
20260616134800,194.620,194.660,194.550,194.660,57
20260616134900,194.690,194.690,194.500,194.500,34
20260616135000,194.510,194.600,194.500,194.510,53
20260616135100,194.500,194.600,194.500,194.600,61
20260616135200,194.500,194.680,194.130,194.130,138
20260616135300,194.130,194.450,194.090,194.290,95
20260616135400,194.060,195.530,194.060,194.840,468
20260616135500,194.810,195.200,194.660,194.660,55
20260616135600,194.660,194.980,194.630,194.640,71
20260616135700,194.600,194.680,194.600,194.630,123
20260616135800,194.980,195.700,194.790,195.340,67
20260616135900,195.050,195.540,195.010,195.540,52
20260616140000,195.540,195.550,194.790,194.910,70
20260616140100,194.930,195.300,194.600,194.600,48
20260616140200,194.790,194.790,194.590,194.590,36
20260616140300,194.590,194.600,194.470,194.530,122
20260616140400,194.480,195.390,194.480,195.380,61
20260616140500,195.360,195.410,195.000,195.000,73
20260616140600,195.160,195.620,195.160,195.370,60
20260616140700,195.690,195.690,195.310,195.310,24
20260616140800,195.580,195.600,194.900,195.590,112
20260616140900,195.020,195.460,194.990,195.010,40
20260616141000,195.420,195.430,195.040,195.410,34
20260616141100,195.410,195.490,195.180,195.220,91
20260616141200,195.030,195.500,195.030,195.500,22
20260616141300,195.160,195.510,195.140,195.220,80
20260616141400,195.190,195.600,195.140,195.500,73
20260616141500,195.680,195.690,195.370,195.370,55
20260616141600,195.640,195.640,195.320,195.630,44
20260616141700,195.630,196.000,195.630,195.750,132
20260616141800,195.750,195.830,195.700,195.700,23
20260616141900,195.820,195.960,195.820,195.960,94
20260616142000,195.970,196.290,195.970,196.290,110
20260616142100,196.200,196.200,195.650,195.960,71
20260616142200,195.910,196.030,195.800,196.030,26
20260616142300,196.040,196.040,195.450,195.560,58
20260616142400,195.570,195.990,195.420,195.420,96
20260616142500,195.370,195.770,195.300,195.760,81
20260616142600,195.360,195.770,195.310,195.640,46
20260616142700,195.320,195.320,195.290,195.290,54
20260616142800,195.270,195.400,195.010,195.020,52
20260616142900,195.480,195.480,195.010,195.440,71
20260616143000,195.190,195.770,195.020,195.770,100
20260616143100,195.380,195.670,195.380,195.480,12
20260616143200,195.470,195.470,195.170,195.170,30
20260616143300,195.170,195.460,195.030,195.360,130
20260616143400,195.450,195.570,195.070,195.470,25
20260616143500,195.070,195.560,195.040,195.520,60
20260616143600,195.140,195.600,195.140,195.550,66
20260616143700,195.520,195.520,195.180,195.330,6
20260616143800,195.490,195.530,195.150,195.510,98
20260616143900,195.140,195.430,195.140,195.400,40
20260616144000,195.450,195.450,195.140,195.140,24
20260616144100,195.340,195.420,195.040,195.320,118
20260616144200,195.330,195.330,195.100,195.100,36
20260616144300,195.080,195.290,195.080,195.180,48
20260616144400,195.020,195.250,195.000,195.220,89
20260616144500,195.160,195.420,194.950,194.950,130
20260616144600,194.910,194.910,194.580,194.880,39
20260616144700,194.820,194.960,194.810,194.940,59
20260616144800,194.620,195.090,194.620,194.880,206
20260616144900,194.690,195.120,194.550,195.030,202
20260616145000,195.030,195.090,194.560,194.840,83
20260616145100,194.840,195.450,194.840,195.230,41
20260616145200,195.200,195.590,195.190,195.560,172
20260616145300,195.520,195.670,195.200,195.670,82
20260616145400,195.710,195.710,195.470,195.680,60
20260616145500,195.660,195.670,195.220,195.290,45
20260616145600,195.290,195.590,195.060,195.590,58
20260616145700,195.570,195.610,195.310,195.610,99
20260616145800,195.310,195.310,195.310,195.310,9
20260616145900,195.310,195.310,195.310,195.310,0
20260616150000,195.900,195.900,195.900,195.900,88
20260617093000,194.000,194.000,194.000,194.000,14
20260617093100,195.000,195.670,195.000,195.000,143
20260617093200,194.990,194.990,193.020,193.020,205
20260617093300,193.040,194.830,192.690,194.830,118
20260617093400,194.810,195.960,193.740,194.060,90
20260617093500,194.170,194.690,194.000,194.520,69
20260617093600,194.200,195.540,194.200,194.720,116
20260617093700,194.360,194.870,194.000,194.110,294
20260617093800,194.490,194.900,194.340,194.340,191
20260617093900,194.800,195.530,194.800,195.130,111
20260617094000,195.150,195.680,195.150,195.650,37
20260617094100,195.670,195.800,195.250,195.360,29
20260617094200,195.320,195.880,195.130,195.300,96
20260617094300,195.290,195.290,194.510,194.910,21
20260617094400,194.920,194.920,194.510,194.510,31
20260617094500,194.430,194.870,193.480,193.480,157
20260617094600,193.600,194.150,193.600,194.150,19
20260617094700,194.350,195.050,193.930,194.830,147
20260617094800,194.900,195.190,194.770,195.190,50
20260617094900,195.590,195.590,194.780,194.780,54
20260617095000,195.100,195.260,195.100,195.260,8
20260617095100,195.270,195.880,195.150,195.880,29
20260617095200,195.470,195.860,195.470,195.860,8
20260617095300,196.200,196.950,196.000,196.600,233
20260617095400,196.600,197.650,196.600,197.230,160
20260617095500,197.020,197.640,197.020,197.640,110
20260617095600,197.640,197.660,197.010,197.510,109
20260617095700,197.000,198.450,197.000,198.430,200
20260617095800,198.450,198.500,198.130,198.400,90
20260617095900,198.410,198.690,198.060,198.060,132
20260617100000,197.970,198.310,197.970,198.250,28
20260617100100,198.250,198.250,197.720,197.900,33
20260617100200,197.900,197.900,197.070,197.800,30
20260617100300,197.340,198.250,197.340,197.980,61
20260617100400,197.960,198.220,197.960,198.160,71
20260617100500,198.210,198.220,197.870,197.870,35
20260617100600,197.870,198.050,197.580,197.680,46
20260617100700,198.080,198.220,197.800,198.190,36
20260617100800,197.970,198.230,197.350,197.350,79
20260617100900,197.340,197.990,197.340,197.980,67
20260617101000,197.980,197.980,197.540,197.550,32
20260617101100,197.970,198.510,197.960,198.510,149
20260617101200,198.330,199.250,198.330,198.900,277
20260617101300,199.170,199.200,198.840,199.200,155
20260617101400,199.200,199.200,198.910,199.180,34
20260617101500,199.200,199.750,199.200,199.750,94
20260617101600,199.440,199.500,198.750,198.750,159
20260617101700,198.830,199.000,198.750,198.750,15
20260617101800,198.980,199.000,198.980,199.000,18
20260617101900,198.640,198.980,198.610,198.610,24
20260617102000,199.070,199.290,198.970,198.970,57
20260617102100,199.270,199.270,198.980,199.050,23
20260617102200,198.840,198.980,198.830,198.980,6
20260617102300,199.000,199.000,198.640,198.650,26
20260617102400,198.970,199.300,198.620,199.300,97
20260617102500,199.300,199.300,198.910,198.910,25
20260617102600,199.140,199.190,198.910,199.140,40
20260617102700,198.750,199.100,198.750,199.100,43
20260617102800,199.090,199.150,198.920,199.150,41
20260617102900,199.200,199.200,198.920,199.150,51
20260617103000,198.790,199.000,198.750,198.750,42
20260617103100,198.700,198.750,198.650,198.750,25
20260617103200,198.670,198.670,198.380,198.640,37
20260617103300,198.370,198.640,198.370,198.380,8
20260617103400,198.390,198.630,198.390,198.630,4
20260617103500,198.400,198.630,198.240,198.390,62
20260617103600,198.060,198.370,198.060,198.370,19
20260617103700,198.040,198.430,198.020,198.430,13
20260617103800,198.030,198.590,198.030,198.590,18
20260617103900,198.300,198.460,198.120,198.440,35
20260617104000,198.440,198.600,198.180,198.600,14
20260617104100,198.230,198.590,198.070,198.590,64
20260617104200,198.580,198.600,198.580,198.600,4
20260617104300,198.350,198.550,198.080,198.080,33
20260617104400,198.260,198.570,198.130,198.130,67
20260617104500,198.070,198.350,197.860,198.350,33
20260617104600,198.260,198.260,198.260,198.260,3
20260617104700,198.260,198.300,197.500,198.210,61
20260617104800,197.590,197.590,197.510,197.510,17
20260617104900,197.480,197.480,197.470,197.480,14
20260617105000,197.140,197.140,196.550,196.810,143
20260617105100,197.000,197.250,196.700,196.700,35
20260617105200,197.190,197.260,196.730,197.230,24
20260617105300,197.220,197.220,196.850,197.160,14
20260617105400,197.160,197.160,196.810,197.140,132
20260617105500,196.690,196.690,196.660,196.660,12
20260617105600,196.710,196.770,196.660,196.660,14
20260617105700,196.830,197.160,196.830,197.150,74
20260617105800,197.390,197.400,197.390,197.400,7
20260617105900,197.290,197.990,197.290,197.990,110
20260617110000,197.680,197.990,197.680,197.690,15
20260617110100,197.570,197.570,197.260,197.260,43
20260617110200,197.260,197.260,197.220,197.220,9
20260617110300,197.180,197.340,197.180,197.340,6
20260617110400,197.140,197.460,197.080,197.460,28
20260617110500,197.370,197.370,197.290,197.290,18
20260617110600,197.250,197.250,197.100,197.100,20
20260617110700,197.040,197.620,197.040,197.610,62
20260617110800,197.420,197.620,197.380,197.380,15
20260617110900,197.220,197.550,197.170,197.240,18
20260617111000,197.580,197.580,197.240,197.240,26
20260617111100,197.200,197.200,196.770,196.990,20
20260617111200,197.270,197.500,197.020,197.500,34
20260617111300,197.220,197.220,197.000,197.000,10
20260617111400,196.990,197.120,196.930,197.120,12
20260617111500,197.030,197.030,196.930,196.930,13
20260617111600,196.910,197.720,196.870,197.720,52
20260617111700,197.520,197.520,197.480,197.480,14
20260617111800,197.180,197.490,197.160,197.280,25
20260617111900,197.690,197.940,197.660,197.740,45
20260617112000,198.000,198.500,197.700,198.230,44
20260617112100,197.760,197.760,197.650,197.650,11
20260617112200,198.080,198.170,197.810,197.810,38
20260617112300,198.100,198.150,197.810,197.810,18
20260617112400,197.770,198.060,197.550,198.030,42
20260617112500,197.580,197.970,197.580,197.970,15
20260617112600,198.010,198.230,197.980,198.230,40
20260617112700,197.650,197.650,197.640,197.640,6
20260617112800,197.640,197.990,197.600,197.990,10
20260617112900,197.560,197.560,197.500,197.500,12
20260617113000,197.700,197.700,197.410,197.500,15
20260617130100,197.500,198.230,197.480,197.680,185
20260617130200,197.450,198.130,197.450,197.980,26
20260617130300,197.540,198.260,197.540,197.710,24
20260617130400,197.670,198.270,197.670,198.270,61
20260617130500,197.940,198.190,197.860,197.860,24
20260617130600,198.180,198.440,197.810,197.930,38
20260617130700,198.370,198.370,197.890,197.970,34
20260617130800,198.320,198.340,197.820,198.340,57
20260617130900,198.340,198.340,198.060,198.150,37
20260617131000,198.150,198.480,198.110,198.110,28
20260617131100,198.060,198.060,197.500,197.880,73
20260617131200,197.890,197.890,197.580,197.580,25
20260617131300,197.580,197.930,197.250,197.260,103
20260617131400,197.270,197.710,197.270,197.340,31
20260617131500,197.640,197.640,197.310,197.320,33
20260617131600,197.320,197.320,197.230,197.230,23
20260617131700,197.250,197.670,197.210,197.350,32
20260617131800,197.320,197.620,197.230,197.230,34
20260617131900,197.220,197.600,197.180,197.180,26
20260617132000,197.180,197.180,196.700,197.110,44
20260617132100,197.290,197.400,197.150,197.400,25
20260617132200,197.410,197.440,197.130,197.130,24
20260617132300,197.660,197.870,197.560,197.670,37
20260617132400,197.870,198.160,197.830,198.150,34
20260617132500,198.170,198.170,197.830,197.830,13
20260617132600,197.840,197.920,197.610,197.920,64
20260617132700,197.610,197.990,197.610,197.610,25
20260617132800,197.580,197.840,197.280,197.280,18
20260617132900,197.280,197.280,197.200,197.200,22
20260617133000,197.550,197.590,197.350,197.590,35
20260617133100,197.250,197.830,197.250,197.820,44
20260617133200,197.820,197.900,197.380,197.820,27
20260617133300,197.390,198.000,197.390,198.000,61
20260617133400,198.720,199.130,198.380,199.130,767
20260617133500,199.160,199.160,198.150,198.150,190
20260617133600,198.100,198.530,198.100,198.530,23
20260617133700,198.320,198.600,198.320,198.600,26
20260617133800,198.470,198.470,198.110,198.470,31
20260617133900,198.470,198.470,198.290,198.470,23
20260617134000,198.360,198.470,198.230,198.470,30
20260617134100,198.340,198.600,198.300,198.600,32
20260617134200,198.380,198.570,198.300,198.300,28
20260617134300,198.420,198.420,198.320,198.330,28
20260617134400,198.200,198.200,197.800,197.800,63
20260617134500,197.850,198.120,197.760,198.090,20
20260617134600,197.660,197.930,197.650,197.930,20
20260617134700,197.760,197.760,197.000,197.330,543
20260617134800,197.140,197.140,196.700,196.740,51
20260617134900,196.890,196.890,196.660,196.850,63
20260617135000,197.320,197.320,197.090,197.090,34
20260617135100,197.050,197.300,197.040,197.270,18
20260617135200,197.040,197.040,196.350,196.350,77
20260617135300,196.230,196.230,195.370,195.370,94
20260617135400,196.000,196.410,195.580,196.410,856
20260617135500,195.880,195.990,195.880,195.960,229
20260617135600,195.960,196.510,195.960,196.510,42
20260617135700,196.210,196.480,195.960,196.480,16
20260617135800,196.100,196.290,196.040,196.290,29
20260617135900,196.330,196.640,196.230,196.240,26
20260617140000,196.250,196.640,196.250,196.270,70
20260617140100,196.610,196.610,196.610,196.610,5
20260617140200,196.330,196.330,196.280,196.280,25
20260617140300,196.600,196.630,195.940,195.940,96
20260617140400,195.800,195.800,195.560,195.560,26
20260617140500,195.620,195.710,195.560,195.660,27
20260617140600,195.660,195.660,195.620,195.620,14
20260617140700,195.620,195.650,195.570,195.580,36
20260617140800,195.750,195.900,195.670,195.670,20
20260617140900,195.900,195.900,195.630,195.630,18
20260617141000,195.900,196.000,195.660,196.000,36
20260617141100,195.650,195.990,195.650,195.650,16
20260617141200,195.700,195.980,195.700,195.810,39
20260617141300,195.900,195.910,195.600,195.860,43
20260617141400,195.600,195.940,195.560,195.560,871
20260617141500,195.590,195.970,195.000,195.910,1068
20260617141600,195.970,196.520,195.500,196.400,114
20260617141700,196.480,196.500,196.040,196.450,116
20260617141800,196.490,196.660,196.270,196.270,46
20260617141900,196.270,196.270,196.230,196.230,6
20260617142000,196.620,196.620,195.670,195.670,61
20260617142100,196.090,196.150,195.690,196.150,27
20260617142200,195.750,196.170,195.750,196.170,18
20260617142300,195.750,195.990,195.720,195.840,47
20260617142400,196.140,196.140,195.840,196.140,11
20260617142500,196.140,196.480,196.140,196.480,46
20260617142600,196.260,196.450,196.020,196.020,44
20260617142700,196.430,196.660,196.110,196.660,73
20260617142800,196.890,196.890,196.240,196.690,72
20260617142900,196.250,196.250,196.200,196.200,22
20260617143000,196.230,196.390,195.930,196.390,89
20260617143100,196.390,196.390,195.980,196.160,25
20260617143200,196.350,196.670,196.350,196.670,139
20260617143300,196.690,196.690,196.000,196.100,60
20260617143400,196.110,196.590,195.980,195.980,63
20260617143500,195.980,195.980,195.980,195.980,0
20260617143600,196.230,196.340,196.160,196.190,65
20260617143700,196.440,196.500,196.230,196.400,37
20260617143800,196.350,196.350,195.910,195.930,97
20260617143900,196.280,196.290,195.970,195.970,52
20260617144000,195.970,196.660,195.940,196.140,84
20260617144100,196.150,196.530,196.050,196.510,76
20260617144200,196.070,196.500,196.070,196.300,21
20260617144300,196.300,196.470,196.130,196.470,56
20260617144400,196.440,196.640,196.210,196.230,63
20260617144500,196.600,196.610,196.180,196.610,58
20260617144600,196.430,196.610,196.430,196.500,77
20260617144700,196.610,196.660,196.010,196.010,201
20260617144800,196.380,196.410,195.980,196.410,104
20260617144900,196.000,196.380,195.960,195.970,49
20260617145000,196.340,196.800,195.970,196.420,106
20260617145100,196.420,196.780,196.420,196.450,74
20260617145200,196.450,196.820,196.440,196.510,40
20260617145300,196.900,197.000,196.520,196.710,47
20260617145400,197.000,197.010,196.680,196.830,48
20260617145500,196.690,196.700,196.420,196.700,57
20260617145600,196.630,196.890,196.490,196.890,51
20260617145700,196.890,197.000,196.550,196.550,81
20260617145800,196.550,196.550,196.550,196.550,0
20260617145900,196.550,196.550,196.550,196.550,0
20260617150000,196.400,196.400,196.400,196.400,138
20260618093000,194.030,194.030,194.030,194.030,29
20260618093100,196.010,196.200,194.100,195.840,83
20260618093200,196.080,196.080,194.050,194.050,212
20260618093300,194.040,194.040,192.720,193.500,195
20260618093400,193.730,195.400,193.720,195.330,97
20260618093500,195.460,195.460,195.260,195.330,197
20260618093600,194.980,196.040,194.460,194.460,59
20260618093700,195.020,195.020,193.500,194.000,413
20260618093800,194.050,194.710,193.350,193.930,290
20260618093900,193.680,193.910,193.300,193.300,93
20260618094000,193.000,193.770,193.000,193.410,42
20260618094100,193.410,193.750,193.000,193.000,67
20260618094200,193.080,193.080,192.500,192.520,100
20260618094300,192.500,193.080,192.220,193.080,110
20260618094400,193.200,193.200,192.800,192.830,34
20260618094500,192.830,193.200,192.800,193.200,35
20260618094600,193.300,193.960,193.200,193.920,112
20260618094700,193.440,193.590,192.950,193.580,74
20260618094800,193.860,194.400,193.850,193.900,116
20260618094900,193.850,193.850,192.510,192.510,238
20260618095000,192.510,192.950,192.510,192.590,57
20260618095100,192.550,192.920,192.520,192.580,74
20260618095200,192.570,192.790,192.570,192.580,19
20260618095300,192.780,192.850,192.580,192.600,27
20260618095400,192.610,192.610,192.030,192.580,243
20260618095500,192.830,193.100,192.560,193.100,56
20260618095600,193.000,193.000,192.450,192.480,53
20260618095700,192.460,192.730,191.560,191.800,296
20260618095800,192.170,192.710,192.170,192.640,118
20260618095900,192.350,192.690,192.330,192.340,176
20260618100000,192.350,192.350,191.800,191.800,47
20260618100100,191.810,192.130,191.710,191.820,49
20260618100200,191.820,192.460,191.820,192.460,210
20260618100300,192.350,192.950,192.340,192.880,197
20260618100400,192.710,193.440,192.710,192.900,161
20260618100500,193.170,193.440,193.170,193.430,109
20260618100600,193.270,193.740,193.270,193.400,200
20260618100700,193.440,193.700,193.440,193.440,130
20260618100800,193.270,193.540,193.220,193.450,79
20260618100900,193.530,193.740,193.530,193.740,107
20260618101000,193.470,193.900,193.470,193.610,37
20260618101100,193.870,194.460,193.530,194.310,139
20260618101200,194.450,194.760,193.650,194.180,126
20260618101300,194.130,194.300,193.870,193.870,56
20260618101400,194.220,194.220,193.890,194.200,18
20260618101500,193.870,194.440,193.840,194.200,99
20260618101600,194.200,194.720,193.930,194.720,73
20260618101700,194.500,194.500,194.070,194.070,41
20260618101800,194.380,194.400,194.120,194.120,43
20260618101900,194.340,194.420,193.840,194.300,69
20260618102000,194.650,194.810,194.350,194.810,146
20260618102100,194.960,195.770,194.960,195.660,126
20260618102200,195.650,196.010,195.620,196.010,119
20260618102300,195.910,196.000,195.620,195.710,71
20260618102400,195.730,196.150,195.730,195.990,129
20260618102500,196.140,196.700,195.890,196.500,146
20260618102600,196.460,196.880,196.180,196.880,89
20260618102700,196.710,197.380,196.360,196.950,78
20260618102800,196.880,197.010,196.520,196.790,45
20260618102900,196.470,196.860,196.460,196.570,75
20260618103000,196.150,196.570,196.080,196.340,49
20260618103100,195.960,195.960,195.200,195.200,50
20260618103200,195.260,195.260,194.390,194.660,58
20260618103300,194.660,194.660,194.160,194.170,56
20260618103400,194.310,194.730,194.170,194.730,65
20260618103500,194.780,194.780,194.490,194.740,41
20260618103600,194.500,195.020,194.470,195.020,55
20260618103700,195.120,195.870,195.120,195.870,104
20260618103800,195.580,195.580,195.040,195.380,48
20260618103900,195.400,195.400,194.220,194.570,106
20260618104000,194.930,195.210,194.650,194.710,59
20260618104100,195.130,195.150,194.740,194.740,33
20260618104200,194.650,194.650,194.180,194.600,47
20260618104300,194.580,194.580,194.220,194.220,15
20260618104400,194.010,194.010,193.600,193.980,85
20260618104500,193.700,193.700,193.600,193.600,21
20260618104600,193.040,193.690,193.040,193.160,40
20260618104700,193.650,194.230,193.170,194.230,72
20260618104800,193.950,193.970,193.810,193.810,34
20260618104900,193.690,193.690,193.270,193.400,38
20260618105000,193.400,193.450,193.200,193.450,35
20260618105100,193.500,193.500,193.470,193.470,12
20260618105200,193.210,193.560,193.200,193.200,14
20260618105300,193.190,193.680,193.000,193.660,91
20260618105400,193.360,193.760,193.350,193.760,57
20260618105500,193.620,193.850,193.620,193.850,55
20260618105600,193.630,193.630,193.560,193.560,49
20260618105700,193.430,193.670,192.640,192.640,169
20260618105800,192.700,193.000,192.700,192.730,22
20260618105900,193.090,193.300,192.890,193.090,160
20260618110000,193.120,193.400,192.770,193.400,182
20260618110100,193.420,193.890,193.420,193.890,34
20260618110200,194.280,194.380,194.030,194.030,30
20260618110300,194.370,194.530,194.030,194.090,101
20260618110400,194.190,194.660,194.120,194.420,54
20260618110500,194.390,194.840,194.390,194.830,38
20260618110600,194.540,194.840,194.540,194.840,15
20260618110700,194.570,194.570,194.110,194.320,76
20260618110800,194.320,194.320,193.610,194.190,79
20260618110900,194.190,194.210,193.900,194.040,18
20260618111000,194.040,194.350,193.840,194.350,50
20260618111100,193.940,193.940,193.770,193.770,20
20260618111200,193.760,194.020,193.690,193.930,25
20260618111300,193.710,193.990,193.110,193.330,37
20260618111400,193.380,193.840,193.350,193.840,37
20260618111500,193.840,193.840,193.100,193.770,67
20260618111600,193.320,193.760,193.320,193.370,33
20260618111700,193.670,193.740,193.410,193.410,20
20260618111800,193.670,193.680,193.410,193.410,27
20260618111900,193.620,193.830,193.410,193.820,33
20260618112000,193.860,193.960,193.860,193.960,25
20260618112100,193.880,193.990,193.880,193.990,28
20260618112200,193.990,193.990,193.400,193.400,36
20260618112300,193.400,193.680,193.400,193.600,31
20260618112400,193.610,193.980,193.400,193.980,23
20260618112500,193.990,193.990,193.580,193.830,18
20260618112600,194.070,194.550,194.070,194.550,184
20260618112700,194.310,194.310,193.570,193.570,36
20260618112800,194.190,194.190,193.700,193.780,28
20260618112900,193.690,194.090,193.690,193.860,30
20260618113000,193.960,194.150,193.960,194.140,13
20260618130100,194.040,194.040,193.620,193.630,49
20260618130200,193.700,193.790,193.630,193.710,36
20260618130300,193.470,193.750,193.470,193.750,51
20260618130400,193.850,193.870,193.850,193.870,15
20260618130500,193.870,193.870,193.500,193.500,32
20260618130600,193.520,193.800,193.520,193.800,21
20260618130700,193.670,194.150,193.670,194.150,40
20260618130800,193.780,194.200,193.780,193.810,48
20260618130900,193.630,194.000,193.480,194.000,59
20260618131000,193.770,193.990,193.740,193.930,24
20260618131100,193.960,194.070,193.920,194.060,45
20260618131200,194.070,194.390,194.070,194.390,70
20260618131300,194.220,194.220,193.990,193.990,42
20260618131400,193.920,193.920,193.750,193.750,33
20260618131500,193.890,193.960,193.890,193.960,10
20260618131600,193.790,194.000,193.790,194.000,14
20260618131700,193.900,194.060,193.900,193.990,23
20260618131800,193.930,194.080,193.930,194.060,27
20260618131900,194.080,194.170,193.890,194.170,59
20260618132000,194.260,194.500,194.260,194.500,39
20260618132100,194.190,194.190,194.020,194.100,36
20260618132200,194.000,194.000,193.730,193.740,35
20260618132300,194.060,194.060,193.740,193.750,12
20260618132400,193.960,193.960,193.690,193.690,24
20260618132500,193.860,193.950,193.710,193.940,15
20260618132600,193.940,194.050,193.850,193.850,67
20260618132700,193.850,194.000,193.800,194.000,14
20260618132800,194.000,194.070,193.760,193.760,39
20260618132900,193.730,193.730,193.470,193.720,36
20260618133000,193.720,193.770,193.490,193.770,26
20260618133100,193.830,193.920,193.540,193.920,30
20260618133200,193.970,193.990,193.630,193.840,25
20260618133300,193.640,193.850,193.640,193.790,30
20260618133400,193.790,193.910,193.670,193.800,38
20260618133500,193.680,193.800,193.630,193.640,36
20260618133600,193.800,193.800,193.800,193.800,26
20260618133700,193.740,193.740,193.390,193.720,52
20260618133800,193.610,193.720,193.450,193.450,32
20260618133900,193.610,193.720,193.450,193.580,37
20260618134000,193.680,193.760,193.460,193.460,17
20260618134100,193.670,193.670,193.390,193.580,45
20260618134200,193.580,193.590,193.400,193.490,47
20260618134300,193.390,193.390,193.360,193.390,33
20260618134400,193.490,193.490,193.350,193.440,20
20260618134500,193.440,193.610,193.440,193.610,20
20260618134600,193.510,193.720,193.480,193.650,54
20260618134700,193.760,193.770,193.510,193.510,33
20260618134800,193.440,193.610,193.060,193.610,74
20260618134900,193.520,193.520,193.160,193.160,8
20260618135000,192.900,192.900,192.500,192.500,133
20260618135100,192.500,192.650,192.500,192.530,16
20260618135200,192.670,192.770,192.610,192.770,35
20260618135300,192.780,192.850,192.700,192.850,22
20260618135400,192.840,192.870,192.700,192.700,43
20260618135500,192.670,192.780,192.500,192.780,18
20260618135600,192.630,192.630,192.520,192.540,22
20260618135700,192.540,192.910,192.540,192.910,31
20260618135800,192.920,192.920,192.830,192.830,8
20260618135900,192.920,192.920,192.720,192.760,57
20260618140000,192.720,192.890,192.720,192.740,12
20260618140100,192.880,192.910,192.880,192.890,11
20260618140200,192.820,192.920,192.220,192.250,110
20260618140300,192.300,192.550,192.300,192.550,10
20260618140400,192.540,192.550,192.230,192.550,62
20260618140500,192.260,192.650,192.260,192.520,32
20260618140600,192.550,192.550,192.460,192.550,16
20260618140700,192.560,192.590,192.500,192.500,28
20260618140800,192.550,192.570,192.280,192.280,53
20260618140900,192.380,192.380,191.700,191.710,290
20260618141000,192.000,192.030,191.740,192.030,100
20260618141100,192.320,192.320,191.960,191.960,64
20260618141200,191.960,192.050,191.960,192.000,69
20260618141300,192.000,192.220,191.980,192.120,108
20260618141400,192.110,192.220,192.110,192.220,92
20260618141500,192.480,192.480,192.220,192.240,53
20260618141600,192.240,192.380,192.170,192.320,137
20260618141700,192.480,192.590,192.200,192.200,71
20260618141800,192.220,192.220,192.130,192.180,43
20260618141900,192.180,192.220,192.180,192.180,77
20260618142000,192.140,192.400,192.030,192.400,174
20260618142100,192.230,192.400,192.230,192.310,35
20260618142200,192.220,192.220,192.190,192.190,72
20260618142300,192.190,192.290,192.150,192.220,85
20260618142400,192.220,192.390,192.220,192.390,58
20260618142500,192.270,192.280,192.190,192.190,43
20260618142600,192.210,192.400,192.000,192.250,194
20260618142700,192.240,192.660,192.200,192.660,236
20260618142800,192.640,192.640,192.440,192.440,45
20260618142900,192.420,192.640,192.420,192.640,105
20260618143000,192.640,192.640,192.510,192.510,50
20260618143100,192.510,192.800,192.510,192.660,107
20260618143200,192.660,192.660,192.650,192.660,79
20260618143300,192.650,192.660,192.620,192.660,82
20260618143400,192.660,192.700,192.640,192.640,74
20260618143500,192.640,192.650,192.600,192.600,50
20260618143600,192.590,192.820,192.570,192.780,133
20260618143700,192.630,192.740,192.620,192.620,102
20260618143800,192.620,192.820,192.610,192.820,98
20260618143900,192.680,192.680,192.610,192.610,63
20260618144000,192.610,192.640,192.510,192.510,160
20260618144100,192.500,192.560,192.450,192.470,82
20260618144200,192.510,192.680,192.460,192.540,92
20260618144300,192.550,192.660,192.540,192.540,96
20260618144400,192.530,192.900,192.530,192.620,100
20260618144500,192.620,192.980,192.620,192.820,105
20260618144600,193.130,193.130,192.830,192.890,86
20260618144700,192.880,192.960,192.800,192.960,93
20260618144800,192.960,193.140,192.960,193.020,116
20260618144900,192.960,193.000,192.780,193.000,91
20260618145000,192.840,192.840,192.670,192.670,120
20260618145100,192.670,192.670,192.600,192.600,75
20260618145200,192.590,192.590,192.430,192.430,206
20260618145300,192.430,192.690,192.200,192.690,604
20260618145400,192.690,193.090,192.570,193.030,55
20260618145500,192.640,192.730,192.190,192.340,179
20260618145600,192.340,192.340,192.110,192.110,97
20260618145700,192.100,192.320,192.000,192.320,180
20260618145800,192.040,192.040,192.040,192.040,2
20260618145900,192.040,192.040,192.040,192.040,0
20260618150000,191.640,191.640,191.640,191.640,282
20260622093000,192.000,192.000,192.000,192.000,28
20260622093100,192.080,192.680,190.000,190.800,184
20260622093200,190.770,192.000,189.080,189.080,217
20260622093300,189.780,189.780,188.320,189.110,317
20260622093400,189.470,189.470,188.180,188.490,113
20260622093500,188.330,188.520,188.010,188.520,165
20260622093600,188.530,188.970,188.410,188.410,119
20260622093700,188.590,188.940,187.700,187.700,174
20260622093800,188.040,188.810,187.200,187.200,75
20260622093900,187.580,187.580,187.010,187.060,103
20260622094000,187.520,188.260,187.030,187.990,85
20260622094100,187.980,188.260,187.650,187.680,85
20260622094200,187.650,187.650,187.110,187.450,177
20260622094300,187.440,187.480,186.500,186.500,145
20260622094400,186.500,186.710,185.760,186.360,301
20260622094500,186.510,186.900,186.070,186.380,124
20260622094600,186.380,186.450,186.200,186.360,86
20260622094700,186.370,186.560,185.260,185.740,190
20260622094800,185.630,185.630,185.250,185.340,84
20260622094900,185.370,185.650,185.150,185.150,129
20260622095000,184.990,185.130,184.860,185.130,156
20260622095100,185.360,186.000,185.360,186.000,77
20260622095200,186.010,186.580,185.880,186.170,181
20260622095300,186.080,186.090,185.500,185.800,122
20260622095400,185.550,185.840,185.230,185.230,114
20260622095500,185.420,185.420,184.900,184.900,64
20260622095600,184.860,185.120,184.670,185.020,57
20260622095700,185.010,185.160,185.010,185.020,37
20260622095800,185.110,185.110,184.690,184.730,77
20260622095900,184.930,185.130,184.880,184.940,56
20260622100000,184.920,184.990,184.730,184.730,66
20260622100100,184.710,184.760,184.080,184.170,98
20260622100200,184.470,184.620,184.160,184.160,88
20260622100300,184.380,184.380,183.810,184.200,156
20260622100400,184.430,184.430,183.770,184.120,288
20260622100500,183.800,184.120,183.800,184.040,38
20260622100600,184.020,184.050,183.710,183.820,147
20260622100700,184.000,184.000,183.300,183.830,134
20260622100800,183.900,184.140,183.720,183.720,82
20260622100900,183.660,184.440,183.660,184.010,109
20260622101000,184.370,184.370,183.710,184.190,87
20260622101100,184.310,184.620,183.860,184.610,71
20260622101200,184.640,184.960,184.570,184.570,80
20260622101300,184.570,184.940,184.490,184.500,117
20260622101400,184.300,184.570,184.200,184.230,42
20260622101500,184.550,184.550,184.250,184.290,57
20260622101600,184.650,185.110,184.650,185.110,209
20260622101700,185.100,185.200,184.810,185.200,87
20260622101800,184.820,185.000,184.760,184.820,64
20260622101900,184.630,184.800,184.490,184.800,41
20260622102000,184.650,185.820,184.650,185.770,309
20260622102100,185.770,186.740,185.390,186.570,146
20260622102200,186.950,187.580,186.500,187.580,209
20260622102300,187.670,187.930,187.450,187.620,122
20260622102400,187.600,187.610,187.190,187.290,56
20260622102500,187.560,187.590,187.250,187.250,36
20260622102600,187.230,187.590,187.190,187.590,86
20260622102700,187.600,187.700,187.590,187.700,58
20260622102800,187.660,187.670,187.300,187.300,28
20260622102900,187.360,187.600,187.190,187.600,164
20260622103000,187.710,187.880,186.700,187.100,263
20260622103100,186.700,187.180,186.700,187.060,83
20260622103200,186.770,187.060,186.770,187.060,43
20260622103300,187.030,187.300,187.020,187.070,50
20260622103400,187.230,187.300,186.940,187.220,114
20260622103500,187.290,187.340,187.240,187.340,56
20260622103600,187.380,187.380,186.600,186.920,65
20260622103700,187.040,187.060,186.620,186.830,45
20260622103800,186.630,186.820,186.190,186.190,76
20260622103900,186.530,186.550,186.000,186.320,63
20260622104000,186.320,186.450,186.320,186.380,14
20260622104100,186.380,187.300,186.240,186.820,103
20260622104200,186.820,187.290,186.820,186.870,48
20260622104300,186.860,187.290,186.860,187.290,67
20260622104400,187.140,187.300,186.930,186.930,19
20260622104500,187.050,187.470,187.050,187.470,48
20260622104600,187.320,187.780,187.320,187.780,125
20260622104700,187.800,187.970,187.580,187.630,66
20260622104800,187.890,187.890,187.860,187.860,22
20260622104900,187.800,187.850,187.550,187.840,73
20260622105000,187.620,187.750,187.370,187.650,53
20260622105100,187.310,187.560,187.060,187.530,105
20260622105200,187.500,187.630,187.420,187.610,58
20260622105300,187.610,187.660,187.140,187.420,65
20260622105400,187.520,187.520,187.180,187.190,42
20260622105500,187.470,187.480,186.980,187.210,58
20260622105600,187.210,187.210,186.780,186.910,62
20260622105700,186.700,186.960,186.700,186.960,8
20260622105800,186.950,186.950,186.570,186.840,90
20260622105900,186.890,186.940,186.740,186.850,18
20260622110000,186.850,186.850,186.660,186.800,41
20260622110100,186.800,186.940,186.680,186.720,65
20260622110200,186.720,186.920,186.720,186.910,59
20260622110300,186.780,186.830,186.700,186.830,33
20260622110400,186.680,186.680,186.210,186.500,38
20260622110500,186.210,186.310,186.160,186.160,38
20260622110600,186.320,186.570,186.320,186.570,72
20260622110700,186.980,187.260,186.660,187.050,71
20260622110800,187.050,187.180,186.720,187.130,106
20260622110900,187.050,187.050,186.520,186.750,43
20260622111000,186.320,186.740,186.300,186.640,40
20260622111100,186.320,187.000,186.320,187.000,57
20260622111200,187.180,187.540,187.180,187.220,35
20260622111300,187.230,187.270,186.760,186.760,47
20260622111400,186.970,187.030,186.440,187.030,36
20260622111500,187.530,187.530,186.980,186.980,60
20260622111600,187.370,187.540,187.230,187.230,84
20260622111700,187.900,187.900,187.330,187.330,45
20260622111800,187.630,187.640,187.400,187.430,43
20260622111900,187.970,188.210,187.570,188.080,134
20260622112000,188.080,188.170,187.860,188.090,55
20260622112100,188.210,188.210,187.800,187.800,51
20260622112200,188.070,188.070,187.700,187.700,45
20260622112300,187.380,187.610,187.110,187.610,84
20260622112400,187.990,187.990,187.530,187.980,43
20260622112500,187.990,188.000,187.720,187.720,42
20260622112600,187.750,188.000,187.750,188.000,46
20260622112700,188.000,188.000,187.340,187.340,40
20260622112800,187.610,188.000,187.610,187.670,42
20260622112900,187.670,188.390,187.610,188.390,95
20260622113000,188.330,188.790,188.100,188.100,69
20260622130100,188.080,188.860,188.080,188.170,404
20260622130200,188.490,188.590,188.320,188.320,232
20260622130300,188.160,188.290,187.830,187.880,41
20260622130400,188.270,188.270,187.250,187.250,66
20260622130500,187.640,187.640,187.320,187.330,44
20260622130600,187.640,187.720,187.290,187.680,143
20260622130700,187.660,188.000,187.660,188.000,25
20260622130800,187.580,187.630,187.450,187.630,22
20260622130900,187.440,187.570,187.220,187.220,30
20260622131000,187.510,187.520,187.020,187.020,13
20260622131100,187.450,187.940,187.450,187.910,124
20260622131200,188.000,188.000,187.790,187.800,36
20260622131300,187.980,187.980,187.780,187.890,31
20260622131400,187.820,188.050,187.770,187.780,352
20260622131500,188.220,188.220,188.010,188.010,48
20260622131600,188.220,188.670,188.130,188.590,45
20260622131700,188.560,188.830,188.420,188.800,42
20260622131800,188.680,188.830,188.490,188.830,52
20260622131900,188.830,189.060,188.800,189.020,114
20260622132000,189.330,189.430,189.210,189.430,39
20260622132100,189.430,189.430,189.090,189.260,37
20260622132200,189.600,189.700,189.350,189.350,61
20260622132300,189.310,189.350,188.600,188.640,47
20260622132400,188.990,189.340,188.990,189.340,41
20260622132500,189.350,189.350,189.210,189.270,32
20260622132600,189.270,189.350,189.270,189.270,173
20260622132700,189.350,189.770,189.350,189.770,202
20260622132800,189.770,191.000,189.770,190.970,279
20260622132900,190.670,190.720,189.930,190.010,69
20260622133000,190.010,190.010,189.850,189.850,50
20260622133100,190.010,190.010,189.370,189.540,55
20260622133200,189.860,189.860,189.270,189.480,102
20260622133300,189.280,189.480,189.280,189.480,21
20260622133400,189.300,189.480,188.150,188.150,79
20260622133500,188.780,188.780,188.250,188.250,20
20260622133600,188.630,188.630,188.360,188.630,22
20260622133700,188.310,188.350,188.240,188.320,93
20260622133800,188.320,188.660,188.300,188.660,134
20260622133900,188.430,188.650,188.430,188.650,19
20260622134000,188.650,188.650,188.510,188.510,18
20260622134100,188.650,188.650,188.580,188.650,24
20260622134200,188.660,188.740,188.310,188.330,64
20260622134300,188.540,188.610,188.470,188.610,14
20260622134400,188.580,188.580,188.360,188.580,24
20260622134500,188.390,188.580,188.380,188.580,26
20260622134600,188.730,189.240,188.730,188.830,103
20260622134700,188.960,188.960,188.900,188.900,12
20260622134800,188.900,188.900,188.590,188.830,17
20260622134900,188.600,188.600,188.600,188.600,10
20260622135000,188.820,188.820,188.590,188.820,44
20260622135100,188.810,188.810,188.100,188.130,70
20260622135200,188.470,188.680,188.280,188.680,118
20260622135300,188.700,188.700,188.350,188.680,45
20260622135400,188.330,188.900,188.330,188.710,131
20260622135500,188.900,188.900,188.900,188.900,2
20260622135600,188.900,189.050,188.780,188.780,48
20260622135700,188.770,189.220,188.770,189.220,12
20260622135800,189.190,189.190,188.700,189.060,60
20260622135900,188.370,188.380,188.370,188.380,10
20260622140000,188.370,188.790,188.370,188.790,10
20260622140100,188.790,188.810,188.520,188.740,55
20260622140200,188.510,188.510,188.040,188.160,49
20260622140300,188.310,188.570,188.170,188.450,99
20260622140400,188.450,188.600,188.450,188.600,60
20260622140500,188.600,188.850,188.600,188.740,36
20260622140600,188.980,189.290,188.980,189.290,56
20260622140700,189.350,189.350,189.050,189.250,49
20260622140800,189.180,189.430,189.080,189.340,26
20260622140900,189.350,189.350,189.090,189.090,21
20260622141000,189.390,189.390,189.260,189.260,58
20260622141100,189.260,189.390,189.260,189.390,46
20260622141200,189.350,189.370,189.270,189.370,19
20260622141300,189.200,189.330,188.870,188.870,63
20260622141400,189.250,189.500,189.250,189.500,59
20260622141500,189.700,189.760,189.490,189.490,20
20260622141600,189.750,189.760,189.390,189.520,65
20260622141700,189.670,189.750,189.590,189.750,22
20260622141800,189.460,189.760,189.460,189.480,84
20260622141900,189.390,189.390,189.040,189.280,36
20260622142000,189.280,189.370,189.090,189.370,35
20260622142100,189.130,189.350,189.130,189.320,100
20260622142200,189.070,189.260,188.820,189.160,37
20260622142300,189.250,189.300,188.940,188.940,35
20260622142400,189.280,189.280,189.100,189.280,19
20260622142500,189.300,189.590,189.230,189.560,76
20260622142600,189.550,189.550,189.190,189.280,35
20260622142700,189.410,189.410,189.100,189.100,20
20260622142800,189.270,189.270,188.680,188.680,51
20260622142900,188.750,189.080,188.710,188.720,41
20260622143000,189.220,189.520,188.760,189.260,42
20260622143100,189.270,189.540,189.270,189.540,39
20260622143200,189.540,189.540,189.450,189.540,21
20260622143300,189.470,189.470,189.240,189.240,30
20260622143400,189.240,189.360,189.090,189.360,25
20260622143500,189.380,189.460,189.160,189.330,59
20260622143600,189.190,189.190,189.000,189.000,33
20260622143700,189.110,189.310,189.110,189.150,30
20260622143800,189.210,189.210,189.010,189.010,28
20260622143900,189.150,189.250,189.030,189.250,60
20260622144000,189.120,189.250,189.060,189.250,17
20260622144100,189.070,189.280,189.070,189.240,93
20260622144200,189.310,189.360,189.210,189.230,52
20260622144300,189.220,189.400,189.080,189.390,96
20260622144400,189.480,189.740,189.110,189.110,37
20260622144500,189.400,189.410,189.120,189.140,33
20260622144600,189.150,189.150,189.140,189.140,34
20260622144700,189.140,189.370,189.140,189.210,35
20260622144800,189.360,189.410,189.230,189.230,81
20260622144900,189.410,189.410,189.230,189.230,33
20260622145000,189.250,189.990,189.250,189.820,119
20260622145100,189.890,189.990,189.710,189.770,53
20260622145200,189.830,190.330,189.830,190.240,38
20260622145300,190.000,190.240,190.000,190.230,14
20260622145400,190.240,190.240,190.010,190.220,20
20260622145500,190.020,190.220,190.000,190.100,44
20260622145600,190.320,190.320,190.010,190.110,81
20260622145700,190.100,190.320,190.010,190.020,83
20260622145800,190.020,190.020,190.020,190.020,0
20260622145900,190.020,190.020,190.020,190.020,0
20260622150000,189.600,189.600,189.600,189.600,132
20260623093000,187.610,187.610,187.610,187.610,17
20260623093100,188.500,189.080,187.670,189.080,81
20260623093200,189.560,191.010,189.560,190.590,125
20260623093300,190.000,190.410,189.490,189.580,82
20260623093400,189.140,189.660,187.770,187.970,48
20260623093500,188.470,188.470,187.810,188.420,137
20260623093600,188.460,188.460,187.850,187.900,34
20260623093700,187.910,188.460,187.900,188.200,79
20260623093800,187.980,188.740,187.980,188.540,48
20260623093900,188.220,188.570,188.060,188.060,55
20260623094000,188.140,188.140,187.090,187.590,142
20260623094100,187.240,187.770,186.440,186.550,113
20260623094200,186.550,187.240,186.540,187.240,44
20260623094300,187.030,187.820,187.030,187.800,101
20260623094400,187.760,188.770,187.760,187.890,79
20260623094500,187.830,188.500,187.830,188.320,85
20260623094600,188.680,190.000,188.660,189.610,212
20260623094700,189.710,189.900,189.330,189.510,52
20260623094800,189.360,189.960,189.220,189.960,98
20260623094900,190.180,190.980,190.050,190.610,479
20260623095000,190.620,191.450,190.620,191.250,111
20260623095100,191.020,191.770,190.960,191.750,99
20260623095200,191.610,191.660,190.760,190.760,129
20260623095300,190.830,190.840,189.140,189.400,65
20260623095400,189.170,189.500,188.670,188.960,81
20260623095500,188.970,188.970,188.410,188.410,68
20260623095600,188.700,189.220,188.190,188.720,135
20260623095700,188.930,189.450,188.930,189.200,57
20260623095800,189.250,189.970,189.250,189.810,63
20260623095900,189.720,189.720,188.980,189.680,89
20260623100000,189.630,189.630,188.870,188.950,55
20260623100100,188.960,189.270,188.500,188.500,51
20260623100200,188.500,188.500,188.100,188.100,34
20260623100300,188.020,188.020,187.500,187.500,101
20260623100400,187.090,187.800,187.030,187.800,56
20260623100500,187.390,188.000,187.390,187.800,24
20260623100600,187.570,188.060,187.380,188.010,35
20260623100700,187.780,188.000,187.740,187.740,36
20260623100800,188.070,188.400,187.520,187.520,59
20260623100900,187.550,187.610,187.050,187.260,38
20260623101000,187.330,188.030,187.160,188.030,39
20260623101100,187.970,187.970,187.080,187.460,55
20260623101200,187.640,187.660,187.200,187.660,42
20260623101300,187.650,187.650,187.310,187.420,14
20260623101400,187.440,187.690,187.440,187.670,6
20260623101500,187.670,187.700,187.400,187.400,59
20260623101600,187.580,187.850,187.480,187.660,47
20260623101700,187.400,187.400,187.330,187.330,16
20260623101800,187.330,187.650,187.310,187.650,8
20260623101900,187.400,187.400,187.000,187.000,79
20260623102000,186.600,187.030,186.600,186.720,54
20260623102100,186.730,187.050,186.730,186.730,9
20260623102200,186.730,187.040,186.730,186.990,31
20260623102300,186.770,187.230,186.760,187.020,90
20260623102400,187.130,187.360,186.900,186.910,30
20260623102500,186.910,187.200,186.900,187.000,22
20260623102600,186.950,187.080,186.820,186.820,20
20260623102700,186.820,186.820,186.300,186.300,104
20260623102800,186.480,186.590,186.390,186.590,23
20260623102900,186.830,187.200,186.670,187.040,34
20260623103000,186.800,186.800,186.440,186.440,53
20260623103100,186.670,186.940,186.670,186.830,63
20260623103200,186.860,186.870,186.740,186.740,20
20260623103300,186.740,187.060,186.740,187.050,35
20260623103400,187.130,187.200,186.860,186.990,38
20260623103500,187.010,187.180,187.010,187.130,43
20260623103600,187.130,187.360,187.020,187.120,42
20260623103700,187.130,187.130,186.960,186.960,15
20260623103800,187.200,187.460,186.950,187.280,31
20260623103900,187.280,187.370,187.180,187.180,26
20260623104000,186.500,186.790,186.500,186.580,10
20260623104100,186.610,186.790,186.600,186.790,15
20260623104200,186.850,186.880,186.650,186.650,22
20260623104300,186.580,186.890,186.580,186.730,30
20260623104400,186.930,187.000,186.750,187.000,12
20260623104500,187.000,187.000,186.630,186.740,106
20260623104600,186.840,187.990,186.840,187.990,78
20260623104700,187.510,187.510,187.130,187.130,26
20260623104800,187.480,187.710,187.480,187.710,24
20260623104900,187.410,188.200,187.410,188.180,44
20260623105000,187.910,188.190,187.890,187.890,16
20260623105100,188.000,188.000,187.770,187.770,17
20260623105200,187.840,187.990,187.520,187.990,34
20260623105300,188.000,188.200,188.000,188.200,17
20260623105400,188.200,188.200,188.170,188.170,8
20260623105500,188.240,188.500,188.080,188.350,56
20260623105600,188.090,188.370,188.000,188.370,6
20260623105700,188.010,188.350,188.010,188.340,13
20260623105800,188.000,188.290,188.000,188.290,7
20260623105900,188.050,188.110,187.950,188.110,196
20260623110000,188.150,188.150,188.150,188.150,4
20260623110100,188.350,188.500,188.290,188.500,90
20260623110200,188.590,188.600,188.150,188.150,43
20260623110300,188.150,188.150,188.040,188.080,16
20260623110400,188.370,188.370,188.000,188.000,62
20260623110500,188.120,188.120,187.940,187.980,88
20260623110600,188.120,188.360,188.050,188.050,21
20260623110700,188.370,188.370,188.370,188.370,9
20260623110800,188.300,188.300,187.840,187.860,27
20260623110900,187.740,187.740,187.100,187.230,19
20260623111000,187.220,187.850,187.220,187.590,21
20260623111100,187.590,187.590,187.590,187.590,0
20260623111200,187.660,187.930,187.660,187.930,25
20260623111300,187.770,187.830,187.770,187.830,14
20260623111400,187.830,187.910,187.770,187.770,16
20260623111500,187.830,187.830,187.330,187.380,45
20260623111600,187.400,187.690,187.400,187.690,6
20260623111700,187.500,187.680,187.440,187.680,12
20260623111800,187.690,188.020,187.490,188.020,47
20260623111900,188.060,188.280,187.770,187.780,32
20260623112000,187.780,187.780,187.780,187.780,0
20260623112100,187.770,188.200,187.770,188.200,33
20260623112200,187.910,188.180,187.910,188.180,15
20260623112300,188.180,188.180,188.180,188.180,3
20260623112400,188.190,188.190,187.890,187.910,23
20260623112500,188.060,188.150,188.060,188.150,12
20260623112600,188.170,188.180,188.170,188.180,12
20260623112700,188.180,188.350,188.090,188.350,57
20260623112800,188.260,188.310,188.090,188.300,15
20260623112900,188.320,188.320,188.290,188.290,8
20260623113000,188.290,188.300,188.290,188.300,12
20260623130100,188.150,188.150,187.040,187.740,206
20260623130200,187.730,188.600,187.640,187.640,101
20260623130300,188.410,188.410,188.360,188.360,9
20260623130400,188.150,188.360,188.020,188.020,27
20260623130500,187.820,187.920,187.630,187.920,31
20260623130600,187.740,187.970,187.640,187.970,22
20260623130700,187.870,188.030,187.680,188.030,39
20260623130800,188.020,188.020,187.800,187.800,55
20260623130900,187.790,187.790,187.070,187.510,59
20260623131000,187.710,187.710,187.140,187.140,26
20260623131100,187.430,187.430,187.160,187.160,25
20260623131200,187.140,187.360,186.970,187.130,130
20260623131300,187.190,187.750,187.190,187.750,49
20260623131400,187.750,187.820,187.750,187.820,10
20260623131500,187.820,188.000,187.520,187.520,82
20260623131600,187.720,187.720,187.010,187.010,69
20260623131700,187.000,187.000,186.980,186.980,25
20260623131800,187.310,187.380,187.310,187.380,10
20260623131900,186.950,187.230,186.800,187.000,74
20260623132000,187.000,187.000,186.890,186.890,27
20260623132100,186.890,186.890,186.500,186.860,100
20260623132200,186.760,187.160,186.760,187.160,5
20260623132300,187.100,187.100,186.820,186.820,8
20260623132400,187.060,187.110,186.660,186.770,62
20260623132500,186.960,186.960,186.960,186.960,7
20260623132600,186.660,186.660,186.500,186.500,55
20260623132700,186.520,186.790,186.520,186.790,18
20260623132800,186.780,186.780,186.600,186.600,12
20260623132900,186.780,186.950,186.780,186.830,57
20260623133000,187.010,187.040,187.010,187.020,28
20260623133100,187.050,187.110,187.000,187.110,20
20260623133200,186.950,187.000,186.830,186.960,24
20260623133300,186.690,186.920,186.610,186.610,25
20260623133400,186.770,186.770,186.550,186.740,27
20260623133500,186.810,186.910,186.810,186.910,32
20260623133600,187.010,187.010,186.840,186.920,65
20260623133700,186.940,186.940,186.810,186.810,33
20260623133800,186.630,186.780,186.300,186.300,43
20260623133900,186.500,187.000,186.500,187.000,64
20260623134000,186.950,187.100,186.950,186.950,81
20260623134100,187.220,187.350,187.210,187.350,42
20260623134200,187.600,187.600,186.950,187.360,67
20260623134300,187.360,187.360,187.360,187.360,0
20260623134400,187.360,187.460,187.360,187.460,54
20260623134500,187.460,187.800,187.130,187.800,80
20260623134600,187.590,188.500,187.590,188.500,104
20260623134700,188.400,188.500,188.070,188.070,49
20260623134800,188.440,188.440,188.060,188.440,35
20260623134900,188.110,188.310,188.080,188.310,6
20260623135000,187.970,188.300,187.970,188.280,53
20260623135100,188.250,188.250,187.750,187.750,26
20260623135200,187.680,187.680,187.360,187.420,28
20260623135300,187.400,187.400,187.390,187.390,24
20260623135400,187.370,187.450,187.040,187.450,41
20260623135500,187.450,187.470,187.330,187.330,30
20260623135600,187.240,187.540,187.240,187.390,58
20260623135700,187.500,188.060,187.500,188.060,109
20260623135800,188.090,188.090,187.940,188.090,35
20260623135900,187.940,187.990,187.860,187.990,28
20260623140000,187.720,188.030,187.600,187.970,57
20260623140100,187.950,188.040,187.660,188.040,38
20260623140200,187.910,187.970,187.760,187.970,25
20260623140300,188.000,188.030,188.000,188.030,8
20260623140400,187.760,187.760,187.760,187.760,4
20260623140500,187.990,188.090,187.990,188.090,60
20260623140600,188.000,188.430,188.000,188.430,90
20260623140700,188.430,188.430,188.080,188.080,16
20260623140800,188.130,188.200,188.070,188.190,32
20260623140900,188.040,188.040,188.000,188.000,21
20260623141000,188.160,188.160,187.970,188.060,42
20260623141100,188.010,188.010,187.170,187.170,75
20260623141200,187.490,187.610,187.490,187.600,51
20260623141300,187.600,187.670,187.530,187.530,61
20260623141400,187.490,187.670,187.450,187.570,17
20260623141500,187.660,187.660,187.290,187.550,16
20260623141600,187.670,187.670,187.290,187.360,26
20260623141700,187.300,187.390,187.100,187.390,41
20260623141800,187.300,187.300,187.070,187.070,22
20260623141900,187.100,187.190,187.100,187.190,16
20260623142000,187.190,187.190,186.930,186.930,72
20260623142100,186.930,187.060,186.800,186.800,28
20260623142200,186.720,186.730,186.510,186.700,38
20260623142300,186.660,186.660,186.500,186.550,44
20260623142400,186.550,186.910,186.550,186.910,48
20260623142500,186.910,186.910,186.800,186.800,104
20260623142600,186.760,186.900,186.760,186.840,26
20260623142700,186.770,186.990,186.700,186.990,53
20260623142800,186.630,186.690,186.500,186.690,39
20260623142900,186.310,186.670,186.300,186.670,35
20260623143000,186.480,186.600,186.260,186.600,59
20260623143100,186.360,186.540,186.100,186.410,73
20260623143200,186.310,186.680,186.310,186.600,73
20260623143300,186.370,186.750,186.370,186.650,90
20260623143400,186.370,186.800,186.370,186.680,142
20260623143500,187.040,187.310,186.790,187.310,109
20260623143600,186.980,187.270,186.970,187.120,79
20260623143700,187.110,187.110,186.590,186.840,38
20260623143800,186.950,187.200,186.780,186.790,49
20260623143900,186.650,186.910,186.580,186.800,52
20260623144000,186.940,186.940,186.580,186.780,46
20260623144100,186.940,186.940,186.750,186.770,60
20260623144200,186.770,186.840,186.690,186.840,37
20260623144300,186.760,186.960,186.700,186.960,27
20260623144400,186.730,187.490,186.730,187.070,83
20260623144500,187.240,187.660,187.080,187.660,49
20260623144600,187.410,187.410,187.330,187.350,54
20260623144700,187.430,187.430,187.020,187.180,34
20260623144800,187.200,187.210,186.890,187.210,31
20260623144900,187.070,187.600,187.070,187.280,80
20260623145000,187.290,187.590,187.120,187.310,86
20260623145100,187.320,187.600,187.030,187.460,67
20260623145200,187.250,187.500,187.250,187.290,58
20260623145300,187.290,187.500,187.290,187.500,36
20260623145400,187.500,187.620,187.400,187.500,63
20260623145500,187.580,187.850,187.550,187.830,59
20260623145600,187.430,187.600,187.170,187.170,71
20260623145700,187.650,187.650,187.090,187.370,47
20260623145800,187.370,187.370,187.370,187.370,0
20260623145900,187.370,187.370,187.370,187.370,0
20260623150000,186.880,186.880,186.880,186.880,116
20260624093000,187.850,187.850,187.850,187.850,29
20260624093100,188.000,188.000,186.060,187.000,194
20260624093200,187.000,188.780,187.000,188.070,291
20260624093300,188.590,189.660,188.130,189.660,180
20260624093400,189.140,189.280,187.760,188.420,106
20260624093500,188.250,188.250,187.180,187.180,71
20260624093600,187.210,188.340,187.210,188.340,113
20260624093700,188.290,188.290,187.680,187.840,67
20260624093800,187.840,188.510,187.840,188.180,115
20260624093900,188.180,188.670,188.180,188.640,84
20260624094000,188.250,188.410,187.250,188.150,135
20260624094100,188.150,188.400,187.670,188.180,116
20260624094200,187.900,189.000,187.900,189.000,79
20260624094300,189.000,189.500,189.000,189.350,112
20260624094400,189.260,191.580,189.260,190.990,495
20260624094500,190.950,191.680,190.800,191.580,295
20260624094600,191.580,192.590,191.580,192.590,212
20260624094700,192.240,193.390,191.840,193.170,265
20260624094800,193.170,193.200,192.190,192.720,134
20260624094900,192.510,193.000,192.210,192.890,132
20260624095000,192.900,192.900,192.170,192.180,87
20260624095100,192.200,192.200,191.600,191.600,59
20260624095200,191.690,191.820,191.400,191.700,62
20260624095300,191.550,192.600,191.430,192.600,266
20260624095400,192.800,192.810,192.320,192.500,136
20260624095500,192.540,192.800,192.150,192.150,114
20260624095600,192.440,192.810,192.090,192.810,242
20260624095700,192.780,193.170,192.660,193.170,146
20260624095800,193.170,193.170,192.540,192.540,103
20260624095900,192.550,193.280,192.410,193.280,170
20260624100000,193.350,193.880,192.890,193.440,224
20260624100100,193.450,193.960,193.380,193.780,221
20260624100200,193.790,193.890,193.330,193.890,183
20260624100300,194.000,194.880,194.000,194.350,286
20260624100400,194.440,195.000,193.800,194.550,367
20260624100500,194.530,195.000,194.020,194.950,200
20260624100600,194.710,194.900,193.890,193.890,43
20260624100700,193.800,193.970,193.520,193.570,70
20260624100800,193.570,193.570,192.880,192.960,78
20260624100900,192.890,192.940,192.580,192.930,38
20260624101000,192.580,192.580,192.000,192.480,143
20260624101100,192.060,192.380,191.880,192.200,30
20260624101200,192.200,192.200,191.750,192.070,78
20260624101300,191.700,192.030,191.640,191.800,30
20260624101400,191.640,191.790,191.600,191.600,28
20260624101500,191.340,191.410,191.190,191.410,15
20260624101600,191.290,191.340,191.010,191.020,75
20260624101700,191.190,191.910,191.100,191.910,50
20260624101800,191.520,191.970,191.520,191.870,49
20260624101900,191.580,191.640,191.270,191.280,30
20260624102000,191.570,191.570,190.590,191.020,111
20260624102100,191.050,191.200,190.700,190.850,80
20260624102200,190.850,191.360,190.850,191.080,38
20260624102300,191.080,191.300,190.850,191.300,31
20260624102400,190.950,191.270,190.940,190.950,41
20260624102500,190.770,191.160,190.770,191.160,25
20260624102600,190.810,191.310,190.770,191.310,57
20260624102700,191.200,191.420,190.930,190.930,33
20260624102800,190.830,190.830,190.590,190.610,58
20260624102900,190.760,190.760,190.490,190.490,9
20260624103000,190.050,190.300,190.050,190.070,26
20260624103100,190.050,190.190,189.850,190.010,111
20260624103200,190.000,190.030,189.670,189.920,66
20260624103300,189.910,189.920,189.570,189.920,43
20260624103400,190.030,190.210,189.770,190.190,40
20260624103500,189.810,190.180,189.810,190.180,14
20260624103600,190.350,191.070,190.350,191.030,168
20260624103700,191.300,191.300,190.690,191.120,28
20260624103800,190.700,190.910,190.560,190.560,29
20260624103900,190.490,190.790,190.490,190.790,23
20260624104000,190.700,190.840,190.510,190.780,11
20260624104100,190.250,190.600,190.250,190.250,22
20260624104200,190.250,190.250,189.560,189.560,74
20260624104300,189.630,190.000,189.630,189.750,32
20260624104400,189.920,189.970,189.750,189.750,19
20260624104500,189.750,190.140,189.750,190.140,51
20260624104600,190.040,190.580,190.040,190.150,65
20260624104700,189.750,190.000,189.620,189.880,21
20260624104800,189.870,189.870,189.830,189.830,10
20260624104900,189.500,189.810,189.350,189.810,66
20260624105000,189.810,189.810,189.300,189.310,42
20260624105100,189.240,189.700,189.240,189.700,24
20260624105200,189.350,189.700,189.300,189.300,23
20260624105300,189.180,189.570,189.180,189.420,25
20260624105400,189.130,189.460,189.100,189.450,40
20260624105500,189.590,189.610,189.160,189.210,17
20260624105600,189.170,189.170,189.170,189.170,4
20260624105700,189.230,189.580,189.220,189.580,12
20260624105800,189.580,190.040,189.580,190.010,51
20260624105900,190.110,190.110,189.710,189.980,10
20260624110000,189.580,190.100,189.580,190.100,47
20260624110100,189.700,190.830,189.580,190.830,81
20260624110200,190.400,190.830,190.200,190.200,95
20260624110300,190.200,190.200,190.200,190.200,2
20260624110400,190.410,190.830,190.410,190.830,30
20260624110500,191.100,191.100,190.740,190.740,21
20260624110600,191.070,191.070,190.610,190.880,48
20260624110700,190.790,190.800,190.450,190.790,26
20260624110800,190.730,191.760,190.730,191.500,146
20260624110900,191.500,191.500,191.360,191.360,23
20260624111000,191.380,191.390,190.990,190.990,8
20260624111100,191.040,191.040,191.040,191.040,2
20260624111200,191.050,191.050,190.500,190.510,14
20260624111300,190.920,191.000,190.920,191.000,73
20260624111400,190.670,190.770,190.500,190.770,38
20260624111500,190.200,190.350,189.900,190.300,206
20260624111600,190.280,190.280,189.930,189.930,6
20260624111700,189.930,190.300,189.920,190.300,83
20260624111800,189.840,189.840,189.830,189.830,6
20260624111900,190.160,190.170,190.160,190.170,5
20260624112000,190.160,190.160,189.830,189.830,9
20260624112100,190.110,190.240,190.110,190.240,12
20260624112200,190.260,190.660,190.140,190.660,45
20260624112300,190.550,190.700,190.340,190.700,118
20260624112400,190.520,191.000,190.520,191.000,50
20260624112500,191.150,191.720,190.860,191.720,68
20260624112600,191.700,193.400,191.700,192.850,420
20260624112700,193.400,193.410,193.090,193.100,25
20260624112800,192.880,193.450,192.780,192.790,123
20260624112900,192.780,193.350,192.780,193.330,18
20260624113000,192.780,193.230,192.410,192.800,82
20260624130100,193.330,193.710,192.270,192.650,562
20260624130200,192.620,193.100,192.210,193.070,107
20260624130300,193.080,193.090,192.510,192.960,56
20260624130400,192.280,192.870,192.280,192.810,44
20260624130500,192.810,192.820,192.400,192.400,69
20260624130600,192.760,192.760,192.390,192.750,29
20260624130700,192.750,192.750,192.110,192.360,44
20260624130800,192.340,192.340,191.570,191.890,56
20260624130900,191.890,192.050,191.880,192.050,47
20260624131000,191.690,192.030,191.690,192.020,21
20260624131100,191.600,191.980,191.380,191.810,121
20260624131200,191.390,191.780,191.390,191.780,25
20260624131300,191.790,191.790,191.390,191.780,26
20260624131400,191.410,191.780,191.390,191.390,20
20260624131500,191.390,191.680,191.010,191.600,50
20260624131600,191.200,191.520,191.200,191.200,10
20260624131700,191.190,191.500,190.800,190.800,26
20260624131800,190.800,191.000,190.700,191.000,10
20260624131900,190.990,190.990,190.700,190.730,16
20260624132000,190.940,191.300,190.940,191.300,58
20260624132100,191.200,191.440,190.820,190.820,50
20260624132200,190.850,191.350,190.850,191.350,12
20260624132300,190.960,191.000,190.700,190.700,19
20260624132400,190.700,191.250,190.700,191.250,57
20260624132500,190.850,190.990,190.850,190.990,8
20260624132600,190.970,190.970,190.500,190.810,31
20260624132700,190.810,190.810,190.380,190.730,24
20260624132800,190.360,190.690,190.360,190.660,14
20260624132900,190.700,190.960,190.460,190.780,46
20260624133000,190.550,190.550,190.550,190.550,4
20260624133100,190.390,190.840,190.390,190.800,20
20260624133200,190.490,190.760,190.400,190.760,8
20260624133300,190.500,190.720,190.500,190.720,20
20260624133400,190.720,191.030,190.550,190.940,72
20260624133500,190.840,191.130,190.840,191.120,45
20260624133600,191.130,191.180,190.500,190.500,29
20260624133700,190.500,190.830,190.450,190.500,24
20260624133800,190.500,190.810,190.500,190.760,10
20260624133900,190.500,190.500,190.410,190.450,8
20260624134000,190.710,191.460,190.460,191.460,130
20260624134100,191.450,192.170,191.450,192.000,113
20260624134200,192.170,192.210,191.680,192.100,52
20260624134300,191.860,191.880,191.240,191.260,88
20260624134400,191.690,191.690,191.230,191.620,45
20260624134500,191.670,191.720,191.180,191.670,18
20260624134600,191.160,191.530,190.900,190.900,40
20260624134700,190.720,190.720,190.720,190.720,4
20260624134800,190.700,190.700,190.370,190.680,67
20260624134900,190.530,190.660,190.390,190.660,28
20260624135000,190.660,190.710,190.390,190.710,28
20260624135100,190.390,190.890,190.390,190.890,44
20260624135200,190.900,190.910,190.900,190.910,4
20260624135300,190.500,190.810,190.500,190.550,27
20260624135400,190.750,190.750,190.550,190.550,8
20260624135500,190.550,190.550,190.390,190.450,25
20260624135600,190.510,190.700,190.510,190.700,14
20260624135700,190.700,190.700,190.500,190.500,40
20260624135800,190.740,190.860,190.500,190.500,108
20260624135900,190.450,190.500,190.000,190.000,197
20260624140000,190.000,190.730,190.000,190.730,59
20260624140100,190.730,190.730,190.730,190.730,0
20260624140200,190.400,190.490,190.030,190.490,58
20260624140300,190.620,190.630,189.220,189.220,142
20260624140400,189.230,189.230,188.700,188.700,137
20260624140500,188.600,189.120,188.550,188.640,31
20260624140600,188.640,189.590,188.640,189.590,60
20260624140700,189.590,189.590,188.940,189.420,18
20260624140800,189.030,189.430,189.030,189.430,6
20260624140900,189.030,189.640,189.030,189.430,63
20260624141000,189.630,189.630,188.800,188.800,60
20260624141100,189.180,189.230,189.180,189.230,17
20260624141200,189.000,189.100,188.550,189.100,118
20260624141300,189.090,189.090,188.740,189.060,6
20260624141400,188.620,188.980,188.540,188.640,79
20260624141500,188.730,188.730,188.460,188.540,55
20260624141600,188.840,188.940,188.560,188.610,79
20260624141700,188.560,188.580,188.000,188.000,83
20260624141800,188.030,188.340,187.500,188.340,62
20260624141900,188.340,188.340,187.950,187.950,12
20260624142000,188.320,188.600,187.670,188.260,123
20260624142100,188.620,188.640,188.520,188.640,89
20260624142200,188.640,188.640,188.640,188.640,0
20260624142300,188.650,188.650,188.370,188.640,47
20260624142400,188.380,188.630,188.000,188.000,44
20260624142500,188.510,188.520,188.020,188.030,21
20260624142600,188.410,188.560,187.890,188.520,118
20260624142700,188.230,188.560,188.100,188.560,24
20260624142800,188.560,188.570,187.950,188.550,68
20260624142900,188.510,188.820,188.310,188.790,46
20260624143000,188.800,188.820,188.400,188.820,36
20260624143100,188.310,189.260,188.310,189.130,142
20260624143200,189.200,189.610,188.910,189.610,72
20260624143300,189.130,189.500,189.130,189.330,27
20260624143400,189.340,189.510,189.220,189.230,50
20260624143500,189.490,189.490,188.780,189.070,40
20260624143600,188.330,188.890,188.330,188.820,123
20260624143700,189.050,189.490,188.730,188.790,101
20260624143800,189.100,189.190,189.100,189.190,25
20260624143900,189.170,189.170,188.540,188.540,40
20260624144000,189.130,189.130,188.540,188.560,32
20260624144100,188.950,188.950,188.470,188.530,64
20260624144200,188.530,188.850,188.000,188.010,75
20260624144300,188.120,188.440,187.890,188.380,122
20260624144400,188.000,188.400,187.970,188.400,57
20260624144500,188.030,188.370,187.760,187.760,69
20260624144600,188.230,188.230,187.000,188.110,152
20260624144700,187.880,188.080,187.880,187.900,27
20260624144800,188.090,188.090,187.410,188.060,64
20260624144900,187.580,188.220,187.580,188.180,63
20260624145000,188.230,188.590,187.800,187.900,88
20260624145100,187.920,188.720,187.920,188.210,197
20260624145200,188.670,188.700,188.100,188.640,269
20260624145300,188.650,188.900,188.650,188.810,194
20260624145400,188.810,189.230,188.800,189.230,103
20260624145500,189.230,189.230,188.390,188.420,97
20260624145600,188.440,189.060,188.410,188.410,34
20260624145700,188.310,188.840,188.310,188.840,65
20260624145800,188.840,188.840,188.840,188.840,0
20260624145900,188.840,188.840,188.840,188.840,0
20260624150000,188.490,188.490,188.490,188.490,174
20260625093000,185.010,185.010,185.010,185.010,58
20260625093100,186.000,190.730,185.810,185.810,229
20260625093200,185.510,186.000,183.360,186.000,481
20260625093300,185.530,186.000,184.500,185.670,269
20260625093400,185.710,189.490,185.710,186.540,198
20260625093500,187.530,188.040,186.600,187.110,158
20260625093600,186.660,187.570,186.540,186.840,32
20260625093700,186.840,187.140,186.160,186.160,25
20260625093800,185.820,186.170,185.810,185.830,74
20260625093900,185.030,186.410,185.030,186.410,104
20260625094000,185.870,186.480,185.870,186.480,81
20260625094100,186.810,186.810,186.070,186.070,77
20260625094200,186.030,186.150,185.450,185.600,90
20260625094300,185.390,185.600,185.070,185.370,55
20260625094400,185.220,185.600,184.750,184.750,100
20260625094500,184.680,185.280,184.620,184.620,187
20260625094600,184.650,184.770,184.020,184.620,161
20260625094700,184.520,184.520,183.610,183.610,84
20260625094800,183.630,184.060,183.380,183.400,111
20260625094900,183.300,183.660,183.230,183.660,85
20260625095000,183.880,183.880,183.060,183.440,134
20260625095100,184.120,184.570,183.580,184.430,64
20260625095200,184.370,184.370,183.460,183.800,83
20260625095300,183.800,184.510,183.800,184.000,193
20260625095400,184.170,184.170,183.500,183.500,73
20260625095500,183.450,183.570,183.110,183.500,87
20260625095600,183.800,184.190,183.800,184.190,64
20260625095700,183.920,184.290,183.500,184.290,70
20260625095800,183.920,184.130,183.500,183.680,76
20260625095900,183.710,184.990,183.710,184.520,62
20260625100000,184.390,184.790,184.380,184.790,80
20260625100100,184.400,184.710,184.400,184.550,27
20260625100200,184.600,184.620,184.050,184.050,27
20260625100300,184.060,184.230,183.800,184.230,57
20260625100400,184.190,184.190,183.810,183.810,32
20260625100500,184.180,184.190,183.820,183.820,102
20260625100600,183.790,184.190,183.720,183.720,69
20260625100700,183.910,184.220,183.910,184.220,25
20260625100800,184.150,184.500,183.970,183.970,37
20260625100900,184.010,184.360,184.010,184.210,18
20260625101000,184.070,184.160,183.800,184.160,22
20260625101100,184.160,184.160,183.550,183.570,98
20260625101200,183.650,184.000,183.180,183.180,59
20260625101300,183.180,183.420,183.180,183.370,9
20260625101400,183.190,183.380,183.180,183.380,17
20260625101500,183.220,183.220,182.860,183.030,183
20260625101600,183.020,183.160,182.800,183.000,64
20260625101700,183.160,183.670,183.160,183.440,27
20260625101800,183.410,183.410,183.010,183.010,158
20260625101900,183.160,183.180,182.710,183.180,153
20260625102000,183.160,183.160,182.760,182.810,70
20260625102100,182.730,183.330,182.720,183.290,139
20260625102200,183.290,183.350,183.200,183.200,43
20260625102300,183.520,184.180,183.520,184.010,61
20260625102400,184.000,184.090,184.000,184.010,30
20260625102500,184.070,184.290,184.000,184.050,51
20260625102600,183.870,183.870,183.300,183.490,45
20260625102700,183.570,184.300,183.570,184.300,19
20260625102800,183.870,183.870,183.310,183.640,20
20260625102900,183.350,183.640,183.350,183.640,4
20260625103000,183.630,184.010,183.510,183.510,40
20260625103100,183.360,183.360,183.270,183.270,8
20260625103200,183.220,183.280,183.140,183.150,55
20260625103300,183.280,183.350,183.100,183.100,22
20260625103400,183.190,183.190,183.020,183.020,6
20260625103500,183.250,183.370,183.040,183.040,25
20260625103600,183.360,183.650,183.210,183.650,12
20260625103700,183.660,183.940,183.550,183.940,134
20260625103800,183.930,183.950,183.610,183.950,15
20260625103900,184.320,184.330,184.320,184.330,10
20260625104000,184.050,184.130,183.310,184.020,39
20260625104100,184.510,184.520,184.300,184.300,45
20260625104200,184.570,185.000,184.570,185.000,49
20260625104300,185.020,185.470,185.000,185.450,24
20260625104400,185.500,185.500,185.110,185.110,32
20260625104500,185.250,185.490,184.990,185.200,83
20260625104600,185.150,185.300,185.000,185.060,25
20260625104700,185.500,185.550,185.420,185.550,77
20260625104800,185.350,185.350,185.040,185.270,12
20260625104900,185.280,185.670,185.000,185.650,82
20260625105000,186.000,186.460,185.690,186.460,54
20260625105100,186.470,186.480,186.460,186.480,32
20260625105200,186.500,187.670,186.500,187.670,152
20260625105300,187.710,187.710,187.330,187.330,37
20260625105400,187.580,188.770,187.580,188.690,111
20260625105500,188.300,188.490,187.840,188.200,41
20260625105600,188.490,188.600,188.120,188.480,56
20260625105700,188.470,189.880,188.410,189.510,125
20260625105800,189.880,189.880,189.500,189.880,128
20260625105900,189.830,189.990,189.420,189.950,27
20260625110000,189.950,189.950,189.560,189.560,70
20260625110100,189.850,190.520,189.570,190.520,108
20260625110200,190.470,190.470,190.010,190.450,35
20260625110300,190.410,190.850,190.410,190.420,116
20260625110400,190.200,190.260,189.830,190.260,44
20260625110500,190.640,190.850,190.260,190.500,61
20260625110600,190.550,190.550,190.210,190.260,69
20260625110700,190.300,190.840,190.250,190.840,53
20260625110800,190.560,191.300,190.560,191.270,85
20260625110900,191.270,191.360,191.080,191.080,26
20260625111000,191.080,191.080,190.410,190.430,23
20260625111100,190.430,190.700,190.270,190.700,24
20260625111200,190.280,190.420,189.800,189.800,42
20260625111300,189.800,190.200,189.800,190.100,37
20260625111400,189.940,190.320,189.930,190.320,16
20260625111500,190.350,190.350,190.210,190.250,10
20260625111600,189.970,190.420,189.650,190.200,124
20260625111700,190.400,190.600,190.000,190.000,84
20260625111800,190.000,190.060,189.870,189.870,13
20260625111900,190.000,190.360,190.000,190.290,28
20260625112000,190.030,190.030,189.500,189.820,54
20260625112100,190.290,190.500,190.280,190.280,28
20260625112200,190.280,190.280,189.830,189.880,20
20260625112300,189.590,189.590,189.390,189.540,26
20260625112400,189.210,189.500,189.210,189.500,22
20260625112500,189.460,189.880,189.460,189.880,21
20260625112600,189.640,189.640,189.640,189.640,4
20260625112700,189.770,189.840,189.710,189.840,12
20260625112800,189.850,189.850,189.430,189.430,6
20260625112900,189.430,189.570,189.260,189.260,24
20260625113000,189.230,189.840,189.230,189.410,64
20260625130100,189.200,189.800,188.970,188.970,151
20260625130200,189.040,189.040,188.220,188.300,118
20260625130300,188.800,188.850,188.530,188.530,36
20260625130400,188.550,188.960,188.520,188.530,62
20260625130500,188.950,189.300,188.910,189.290,17
20260625130600,188.940,189.270,188.940,189.260,16
20260625130700,188.930,189.250,188.740,188.770,27
20260625130800,188.790,189.180,188.570,189.000,67
20260625130900,188.990,189.480,188.760,189.370,81
20260625131000,189.380,189.800,189.380,189.800,37
20260625131100,189.800,189.800,188.940,188.940,35
20260625131200,188.940,189.220,188.780,189.140,51
20260625131300,189.180,189.180,188.610,188.620,21
20260625131400,189.080,189.530,188.650,189.480,38
20260625131500,189.990,189.990,189.360,189.770,75
20260625131600,189.660,189.660,189.030,189.530,31
20260625131700,189.530,189.540,189.190,189.540,20
20260625131800,189.240,189.430,189.110,189.430,34
20260625131900,188.940,189.320,188.840,189.180,14
20260625132000,188.630,189.160,188.170,188.700,43
20260625132100,188.680,188.680,188.200,188.200,34
20260625132200,187.690,188.240,187.690,188.180,18
20260625132300,187.840,188.190,187.840,188.060,27
20260625132400,188.080,188.100,187.880,187.880,19
20260625132500,187.870,187.870,187.300,187.310,44
20260625132600,187.600,187.700,187.320,187.340,30
20260625132700,187.450,188.080,187.300,188.080,91
20260625132800,187.590,188.080,187.450,188.030,49
20260625132900,188.030,188.030,188.030,188.030,3
20260625133000,187.740,187.980,187.220,187.550,146
20260625133100,187.240,187.660,187.240,187.660,8
20260625133200,187.230,187.230,187.000,187.000,14
20260625133300,187.300,187.950,187.300,187.550,52
20260625133400,187.340,187.640,187.310,187.320,21
20260625133500,187.000,187.560,187.000,187.080,24
20260625133600,187.060,187.500,187.000,187.030,60
20260625133700,187.370,187.370,186.860,187.320,33
20260625133800,187.130,187.220,186.860,186.880,70
20260625133900,186.890,187.160,186.860,187.160,19
20260625134000,187.160,187.210,186.500,186.500,14
20260625134100,187.160,187.160,186.710,186.710,6
20260625134200,187.100,187.100,186.760,187.100,17
20260625134300,187.090,187.090,186.740,187.080,36
20260625134400,187.100,187.200,187.100,187.200,31
20260625134500,187.200,187.220,187.020,187.220,18
20260625134600,187.210,187.320,187.090,187.090,30
20260625134700,187.170,187.260,186.980,187.260,30
20260625134800,187.250,187.340,187.160,187.160,8
20260625134900,186.980,187.140,186.760,186.800,23
20260625135000,187.130,187.130,187.130,187.130,6
20260625135100,186.960,187.520,186.960,187.460,39
20260625135200,186.980,187.260,186.860,186.880,12
20260625135300,187.250,187.250,186.910,186.940,14
20260625135400,186.940,187.180,186.900,186.900,13
20260625135500,186.820,186.820,186.820,186.820,17
20260625135600,186.510,186.910,186.510,186.900,68
20260625135700,186.570,186.570,186.540,186.540,12
20260625135800,186.790,186.820,186.440,186.760,30
20260625135900,186.780,186.780,186.410,186.460,72
20260625140000,186.690,186.740,186.690,186.740,18
20260625140100,186.740,186.750,186.510,186.750,24
20260625140200,186.840,186.880,186.840,186.880,11
20260625140300,186.880,186.880,186.630,186.760,25
20260625140400,186.500,186.880,186.500,186.500,22
20260625140500,186.880,186.880,186.500,186.820,25
20260625140600,186.560,186.870,186.490,186.490,44
20260625140700,186.480,186.880,186.390,186.630,55
20260625140800,186.370,186.600,186.030,186.460,60
20260625140900,186.450,186.450,186.000,186.350,50
20260625141000,186.420,186.450,186.040,186.450,64
20260625141100,186.160,186.570,186.140,186.570,39
20260625141200,186.570,186.760,186.370,186.380,79
20260625141300,186.400,186.400,186.040,186.040,39
20260625141400,186.440,186.450,186.120,186.120,61
20260625141500,186.440,186.520,186.000,186.520,32
20260625141600,186.180,186.550,186.180,186.550,51
20260625141700,186.550,186.680,186.400,186.680,77
20260625141800,186.680,186.690,186.400,186.400,83
20260625141900,186.320,186.440,186.180,186.390,64
20260625142000,186.490,186.900,186.460,186.900,197
20260625142100,187.150,187.430,187.150,187.420,48
20260625142200,187.230,187.410,187.140,187.140,10
20260625142300,186.840,187.230,186.800,187.200,33
20260625142400,187.200,187.630,187.200,187.630,108
20260625142500,187.610,187.910,187.610,187.910,132
20260625142600,187.860,188.050,187.480,187.970,113
20260625142700,187.350,187.970,187.350,187.960,192
20260625142800,187.960,188.510,187.940,188.280,48
20260625142900,188.270,188.270,187.800,188.120,77
20260625143000,188.270,188.270,187.760,188.230,67
20260625143100,188.230,188.260,187.630,187.810,72
20260625143200,188.210,188.260,187.860,187.860,123
20260625143300,188.220,188.220,187.800,188.220,26
20260625143400,188.220,188.260,187.730,188.200,149
20260625143500,187.680,188.200,187.670,187.680,26
20260625143600,188.250,188.250,187.780,188.250,47
20260625143700,187.780,187.810,187.780,187.780,36
20260625143800,187.790,188.140,187.680,188.140,33
20260625143900,187.680,188.120,187.360,188.100,66
20260625144000,188.100,188.110,187.590,187.680,39
20260625144100,187.670,187.670,187.030,187.070,35
20260625144200,188.160,188.220,187.900,187.900,48
20260625144300,188.220,188.220,187.330,187.330,64
20260625144400,187.710,188.180,187.350,188.160,27
20260625144500,187.940,188.110,187.620,188.110,39
20260625144600,187.630,188.110,187.590,188.070,68
20260625144700,188.050,188.050,187.450,187.450,30
20260625144800,187.560,187.930,187.560,187.930,11
20260625144900,187.930,187.990,187.670,187.940,45
20260625145000,187.980,188.070,187.690,188.070,37
20260625145100,188.080,188.420,188.060,188.340,113
20260625145200,188.500,188.800,188.500,188.800,83
20260625145300,188.790,189.270,188.680,188.870,108
20260625145400,188.690,188.920,188.580,188.580,16
20260625145500,189.230,189.230,188.580,188.670,164
20260625145600,188.670,189.000,188.650,189.000,55
20260625145700,188.580,188.990,188.170,188.990,56
20260625145800,188.990,188.990,188.990,188.990,0
20260625145900,188.990,188.990,188.990,188.990,0
20260625150000,188.330,188.330,188.330,188.330,199
20260626093000,188.000,188.000,188.000,188.000,43
20260626093100,186.000,188.800,186.000,188.800,160
20260626093200,188.800,189.000,186.060,186.060,220
20260626093300,186.710,186.850,186.060,186.410,120
20260626093400,186.360,186.360,184.600,185.000,81
20260626093500,184.960,185.340,184.610,185.340,76
20260626093600,185.470,185.700,185.400,185.400,70
20260626093700,185.700,185.700,185.050,185.070,64
20260626093800,185.070,186.400,185.070,185.920,45
20260626093900,186.400,186.410,185.360,185.390,95
20260626094000,185.500,186.390,185.500,185.690,78
20260626094100,185.610,186.000,185.100,185.260,84
20260626094200,185.120,185.120,184.160,184.550,121
20260626094300,184.550,184.830,184.060,184.320,116
20260626094400,184.520,184.520,183.610,183.730,147
20260626094500,183.880,183.900,183.690,183.720,34
20260626094600,183.600,183.640,183.180,183.220,132
20260626094700,183.250,183.470,182.720,182.720,259
20260626094800,182.760,183.200,182.220,183.060,152
20260626094900,182.820,183.390,182.690,183.390,116
20260626095000,183.350,183.690,183.350,183.690,88
20260626095100,183.880,184.570,183.700,183.700,114
20260626095200,183.780,184.490,183.590,184.220,64
20260626095300,183.820,184.500,183.820,183.870,46
20260626095400,183.630,184.490,183.540,184.480,115
20260626095500,184.650,185.760,184.650,185.220,170
20260626095600,185.220,185.250,184.260,184.260,43
20260626095700,184.260,184.260,183.880,183.880,18
20260626095800,184.040,184.040,183.540,183.540,44
20260626095900,183.540,183.540,182.600,182.680,34
20260626100000,182.560,183.140,182.560,183.140,26
20260626100100,183.190,183.390,183.000,183.390,30
20260626100200,183.080,183.280,182.940,182.990,32
20260626100300,183.340,183.720,183.140,183.720,85
20260626100400,183.740,183.900,183.470,183.470,61
20260626100500,183.460,183.520,182.940,182.940,66
20260626100600,182.890,183.100,182.740,183.060,113
20260626100700,183.070,183.310,182.780,183.310,48
20260626100800,183.310,183.440,183.000,183.000,57
20260626100900,183.000,183.230,183.000,183.230,54
20260626101000,183.480,183.690,183.340,183.400,143
20260626101100,183.920,184.060,183.640,183.720,41
20260626101200,183.720,184.060,183.260,183.630,65
20260626101300,183.510,184.800,183.510,184.690,199
20260626101400,184.800,185.000,184.800,185.000,40
20260626101500,185.000,185.380,184.910,185.000,148
20260626101600,185.000,185.350,184.780,184.970,103
20260626101700,184.990,185.150,184.790,185.150,16
20260626101800,185.100,185.100,185.080,185.080,4
20260626101900,185.050,185.050,184.780,184.850,21
20260626102000,184.900,185.020,184.870,184.870,22
20260626102100,184.840,185.060,184.750,185.060,63
20260626102200,185.140,185.360,185.140,185.360,38
20260626102300,185.380,185.640,185.380,185.400,14
20260626102400,185.320,185.390,185.080,185.090,38
20260626102500,185.080,185.080,184.740,184.740,18
20260626102600,184.750,185.210,184.610,185.210,172
20260626102700,185.210,185.580,185.200,185.580,65
20260626102800,185.390,185.580,185.050,185.050,45
20260626102900,185.140,185.270,184.770,185.270,34
20260626103000,185.120,185.120,184.550,184.550,59
20260626103100,184.800,184.800,184.300,184.770,34
20260626103200,184.790,184.800,184.590,184.590,25
20260626103300,184.430,184.430,184.010,184.010,48
20260626103400,184.070,184.300,184.030,184.270,51
20260626103500,184.280,184.760,184.080,184.760,33
20260626103600,184.240,184.460,184.070,184.460,52
20260626103700,184.050,184.050,183.690,183.690,45
20260626103800,183.690,183.690,183.290,183.370,27
20260626103900,183.360,183.510,183.000,183.510,41
20260626104000,183.300,183.690,183.230,183.630,65
20260626104100,184.030,184.030,183.640,183.880,56
20260626104200,183.700,184.010,183.700,183.990,28
20260626104300,183.820,184.270,183.820,184.270,37
20260626104400,184.330,184.370,183.990,184.360,38
20260626104500,184.120,184.550,183.620,184.040,123
20260626104600,184.030,184.030,183.010,183.010,255
20260626104700,183.500,183.500,183.030,183.450,22
20260626104800,183.490,183.490,183.030,183.030,38
20260626104900,183.330,183.330,183.000,183.000,44
20260626105000,183.000,183.360,183.000,183.360,40
20260626105100,183.440,183.440,183.140,183.150,35
20260626105200,183.320,183.430,183.010,183.030,73
20260626105300,183.200,183.300,182.800,182.810,156
20260626105400,183.290,183.290,182.700,182.700,96
20260626105500,182.780,183.000,182.710,183.000,63
20260626105600,183.040,183.190,182.800,183.050,146
20260626105700,182.830,183.050,182.810,183.050,29
20260626105800,182.840,183.040,182.840,183.040,9
20260626105900,182.800,183.040,182.760,182.800,85
20260626110000,182.820,182.940,182.720,182.780,30
20260626110100,182.950,182.950,182.660,182.660,80
20260626110200,182.660,183.020,182.640,182.660,47
20260626110300,182.800,182.850,182.630,182.630,41
20260626110400,182.790,183.040,182.660,182.960,55
20260626110500,182.960,182.960,182.960,182.960,6
20260626110600,182.790,183.030,182.780,183.030,19
20260626110700,183.050,183.070,182.920,183.070,17
20260626110800,183.060,183.630,182.940,183.630,53
20260626110900,183.590,183.590,183.250,183.570,28
20260626111000,183.730,184.070,183.680,184.040,30
20260626111100,183.920,184.450,183.920,184.040,51
20260626111200,184.440,184.450,184.000,184.000,60
20260626111300,183.940,184.200,183.660,184.200,37
20260626111400,184.180,184.360,183.900,183.940,81
20260626111500,184.330,184.330,183.690,183.690,46
20260626111600,183.660,183.890,183.590,183.890,25
20260626111700,183.940,183.940,183.540,183.540,16
20260626111800,183.830,183.830,183.820,183.820,6
20260626111900,183.470,183.710,183.470,183.470,21
20260626112000,183.700,183.700,183.700,183.700,8
20260626112100,183.170,183.450,183.170,183.450,8
20260626112200,183.460,183.590,183.070,183.070,19
20260626112300,183.030,183.030,182.810,182.810,40
20260626112400,182.740,182.760,182.650,182.760,13
20260626112500,182.850,182.850,182.660,182.810,12
20260626112600,182.680,182.810,182.680,182.810,16
20260626112700,182.600,183.390,182.550,183.390,53
20260626112800,183.200,183.200,182.620,182.640,79
20260626112900,183.010,183.030,182.530,182.560,52
20260626113000,182.580,182.930,182.510,182.510,45
20260626130100,182.500,184.500,182.500,184.160,388
20260626130200,184.110,184.300,183.020,183.020,147
20260626130300,183.320,183.490,182.920,183.330,77
20260626130400,183.060,183.400,182.820,183.400,91
20260626130500,183.390,183.400,183.390,183.390,15
20260626130600,183.380,183.520,183.020,183.190,133
20260626130700,183.210,183.500,183.020,183.500,67
20260626130800,183.250,183.420,183.120,183.420,58
20260626130900,183.270,183.270,183.110,183.270,9
20260626131000,183.360,183.360,183.090,183.110,35
20260626131100,183.100,183.420,183.010,183.420,24
20260626131200,183.510,183.600,183.510,183.600,45
20260626131300,183.600,183.990,183.540,183.700,50
20260626131400,183.510,183.970,183.490,183.950,29
20260626131500,183.950,183.950,183.610,183.890,29
20260626131600,183.890,183.900,183.620,183.620,34
20260626131700,183.500,183.650,183.430,183.430,29
20260626131800,183.650,183.670,183.480,183.490,19
20260626131900,183.490,183.580,183.400,183.580,39
20260626132000,183.590,184.390,183.490,183.900,76
20260626132100,184.240,184.490,184.060,184.490,49
20260626132200,184.180,185.000,184.180,184.340,32
20260626132300,184.670,184.770,184.450,184.770,26
20260626132400,184.260,184.290,184.200,184.290,37
20260626132500,184.290,184.290,183.890,183.920,53
20260626132600,183.940,183.960,183.640,183.960,10
20260626132700,184.030,184.100,183.870,183.980,33
20260626132800,183.930,184.190,183.930,184.190,30
20260626132900,184.130,184.540,184.130,184.180,24
20260626133000,184.060,184.060,183.760,183.770,23
20260626133100,183.950,183.960,183.950,183.960,4
20260626133200,183.970,183.970,183.430,183.660,29
20260626133300,183.430,183.750,183.430,183.750,14
20260626133400,183.750,183.750,183.440,183.440,17
20260626133500,183.440,183.660,183.290,183.330,24
20260626133600,183.290,183.400,183.150,183.150,27
20260626133700,183.390,183.400,183.230,183.400,18
20260626133800,183.400,183.460,183.400,183.460,14
20260626133900,183.190,183.400,183.020,183.020,25
20260626134000,183.020,183.180,183.000,183.000,10
20260626134100,183.180,183.290,183.170,183.170,22
20260626134200,183.200,183.460,183.200,183.460,16
20260626134300,183.460,183.460,183.240,183.450,45
20260626134400,183.510,183.510,183.210,183.210,20
20260626134500,183.240,183.240,183.010,183.240,19
20260626134600,183.050,183.240,183.050,183.100,27
20260626134700,183.060,183.100,182.830,183.100,81
20260626134800,183.100,183.770,183.100,183.750,44
20260626134900,183.390,183.750,183.370,183.750,30
20260626135000,183.410,183.660,183.310,183.630,31
20260626135100,183.650,183.650,183.370,183.420,22
20260626135200,183.420,183.720,183.420,183.720,26
20260626135300,183.510,183.750,183.510,183.750,33
20260626135400,183.410,183.680,183.410,183.540,104
20260626135500,183.720,183.730,183.560,183.560,10
20260626135600,183.550,183.720,183.550,183.720,8
20260626135700,183.550,183.720,183.520,183.720,35
20260626135800,183.610,183.770,183.610,183.770,9
20260626135900,183.920,183.920,183.730,183.870,18
20260626140000,183.870,183.930,183.870,183.930,7
20260626140100,183.990,183.990,183.700,183.940,42
20260626140200,183.920,183.930,183.630,183.930,14
20260626140300,183.930,184.000,183.700,184.000,87
20260626140400,183.800,183.970,183.710,183.710,12
20260626140500,183.700,184.000,183.650,184.000,18
20260626140600,183.870,183.870,183.650,183.850,16
20260626140700,183.640,183.740,183.560,183.740,15
20260626140800,183.740,183.740,183.300,183.620,61
20260626140900,183.320,183.630,183.270,183.270,18
20260626141000,183.390,183.390,183.100,183.100,16
20260626141100,183.370,183.530,183.110,183.530,11
20260626141200,183.160,183.160,183.140,183.140,6
20260626141300,183.070,183.350,182.930,182.930,19
20260626141400,182.930,183.100,182.840,183.100,24
20260626141500,183.100,183.100,182.800,183.080,17
20260626141600,183.090,183.100,182.910,182.910,15
20260626141700,182.910,183.120,182.900,183.120,14
20260626141800,183.100,183.100,182.930,182.930,4
20260626141900,182.960,182.970,182.880,182.930,18
20260626142000,182.880,182.880,182.850,182.880,8
20260626142100,183.060,183.270,182.890,183.270,35
20260626142200,182.890,183.450,182.890,183.390,15
20260626142300,183.390,183.410,183.070,183.080,49
20260626142400,183.080,183.310,183.080,183.310,8
20260626142500,183.310,183.310,183.310,183.310,14
20260626142600,183.310,183.420,183.130,183.130,146
20260626142700,183.090,183.130,182.930,182.930,37
20260626142800,182.930,182.930,182.800,182.820,71
20260626142900,182.800,182.800,182.420,182.430,180
20260626143000,182.430,182.520,182.430,182.520,23
20260626143100,182.520,182.520,182.430,182.440,35
20260626143200,182.440,182.520,182.400,182.430,42
20260626143300,182.430,182.800,182.430,182.570,75
20260626143400,182.720,183.030,182.650,182.800,95
20260626143500,182.810,183.000,182.520,182.990,52
20260626143600,182.990,183.030,182.750,183.000,31
20260626143700,182.890,183.100,182.850,182.860,35
20260626143800,183.040,183.040,182.680,182.830,36
20260626143900,182.690,183.040,182.690,182.810,44
20260626144000,182.830,183.040,182.830,182.830,10
20260626144100,183.000,183.090,182.770,182.860,41
20260626144200,182.860,182.860,182.410,182.510,34
20260626144300,182.510,182.610,182.400,182.470,37
20260626144400,182.610,182.840,182.610,182.620,40
20260626144500,182.620,182.620,182.410,182.420,42
20260626144600,182.720,182.980,182.560,182.770,34
20260626144700,182.760,182.780,182.760,182.760,30
20260626144800,182.720,182.720,182.600,182.600,23
20260626144900,182.580,182.600,182.440,182.590,20
20260626145000,182.510,182.600,182.450,182.450,29
20260626145100,182.710,182.820,182.510,182.570,44
20260626145200,182.570,182.820,182.310,182.310,53
20260626145300,182.280,182.300,182.220,182.240,33
20260626145400,182.070,182.070,181.880,181.880,111
20260626145500,181.870,181.870,181.330,181.600,56
20260626145600,181.340,181.590,181.150,181.160,171
20260626145700,181.160,181.480,181.130,181.180,98
20260626145800,181.180,181.180,181.180,181.180,0
20260626145900,181.180,181.180,181.180,181.180,0
20260626150000,181.270,181.270,181.270,181.270,285
20260629093000,181.010,181.010,181.010,181.010,18
20260629093100,181.000,181.500,180.080,180.100,158
20260629093200,180.760,180.820,180.010,180.010,264
20260629093300,180.050,180.050,178.600,178.830,231
20260629093400,178.830,179.810,178.830,179.430,59
20260629093500,179.350,179.350,178.010,178.010,143
20260629093600,178.010,178.460,178.010,178.060,130
20260629093700,178.160,178.500,177.770,177.770,156
20260629093800,177.610,177.660,177.090,177.110,99
20260629093900,177.120,177.400,177.000,177.070,81
20260629094000,177.070,178.150,177.070,177.510,254
20260629094100,177.490,178.000,177.490,177.880,134
20260629094200,177.570,177.570,176.750,176.800,416
20260629094300,176.750,177.340,176.750,177.090,129
20260629094400,176.950,177.300,176.760,177.040,355
20260629094500,177.050,177.050,176.760,176.760,209
20260629094600,176.750,176.750,176.280,176.480,55
20260629094700,176.330,177.040,176.330,177.040,83
20260629094800,177.040,177.840,177.040,177.640,17
20260629094900,177.500,177.500,177.220,177.500,38
20260629095000,177.240,177.750,177.090,177.590,231
20260629095100,177.500,177.500,176.760,177.270,56
20260629095200,176.880,178.000,176.880,178.000,186
20260629095300,178.000,178.020,177.210,177.670,276
20260629095400,177.850,179.110,177.850,178.600,241
20260629095500,178.400,179.000,177.840,177.840,182
20260629095600,178.220,178.390,177.860,178.390,29
20260629095700,178.190,178.910,177.660,178.230,152
20260629095800,178.550,179.080,178.290,179.080,199
20260629095900,179.170,179.290,178.370,179.290,99
20260629100000,179.280,179.280,178.470,178.580,126
20260629100100,178.920,179.660,178.920,179.400,217
20260629100200,179.600,180.430,179.600,180.210,217
20260629100300,180.710,181.810,180.710,181.580,113
20260629100400,181.610,183.300,181.610,183.060,58
20260629100500,183.290,183.990,183.280,183.990,224
20260629100600,184.110,184.620,183.580,184.160,426
20260629100700,184.190,185.650,184.190,185.080,319
20260629100800,185.170,186.000,185.170,186.000,254
20260629100900,186.000,186.900,186.000,186.740,207
20260629101000,186.880,186.880,186.100,186.460,269
20260629101100,186.110,186.110,185.590,186.090,172
20260629101200,186.360,187.400,186.360,187.040,342
20260629101300,186.520,187.020,185.840,186.210,106
20260629101400,186.110,186.310,185.890,186.240,67
20260629101500,185.740,186.200,184.770,185.010,158
20260629101600,185.550,186.320,185.100,186.300,195
20260629101700,185.860,187.380,185.860,187.380,286
20260629101800,187.370,188.500,187.370,188.420,224
20260629101900,188.500,189.390,188.500,189.300,233
20260629102000,188.930,189.920,188.530,189.800,650
20260629102100,189.850,190.640,189.850,190.200,363
20260629102200,190.200,190.300,189.800,190.000,145
20260629102300,190.290,190.980,190.270,190.980,248
20260629102400,190.990,191.280,190.680,191.280,314
20260629102500,191.520,192.000,191.000,192.000,465
20260629102600,192.570,194.330,192.090,193.600,268
20260629102700,193.460,193.510,192.330,192.340,166
20260629102800,192.370,193.500,192.370,193.040,184
20260629102900,193.220,193.910,192.470,192.810,422
20260629103000,192.810,193.350,192.560,192.660,155
20260629103100,192.670,193.280,192.310,192.310,237
20260629103200,192.440,193.200,192.030,192.360,195
20260629103300,192.360,192.370,191.900,191.900,47
20260629103400,191.820,192.950,191.820,192.320,58
20260629103500,191.550,192.300,191.530,192.300,186
20260629103600,191.880,191.880,191.180,191.200,132
20260629103700,191.520,192.150,191.200,191.950,220
20260629103800,191.540,192.150,191.040,191.120,106
20260629103900,191.480,192.000,191.180,191.300,198
20260629104000,191.240,191.890,191.240,191.890,57
20260629104100,191.910,192.150,191.500,191.910,124
20260629104200,192.000,192.000,191.390,191.400,80
20260629104300,191.450,192.330,191.450,192.330,214
20260629104400,192.330,192.990,192.330,192.740,111
20260629104500,192.900,193.060,192.900,192.990,227
20260629104600,192.810,193.370,192.590,193.210,154
20260629104700,193.030,193.220,193.030,193.190,54
20260629104800,193.050,193.400,193.010,193.010,288
20260629104900,192.990,193.790,192.990,193.770,162
20260629105000,193.790,194.000,193.770,193.790,125
20260629105100,193.790,194.000,193.790,194.000,88
20260629105200,194.000,194.500,193.970,194.500,348
20260629105300,194.350,194.950,194.270,194.870,159
20260629105400,194.860,194.970,194.750,194.970,101
20260629105500,194.680,194.940,194.680,194.860,189
20260629105600,194.500,194.700,194.200,194.700,148
20260629105700,194.910,195.000,194.830,194.830,205
20260629105800,194.710,194.710,194.380,194.480,94
20260629105900,194.490,194.650,194.050,194.050,68
20260629110000,193.750,193.750,193.620,193.620,19
20260629110100,193.380,193.570,192.580,192.860,56
20260629110200,193.000,194.500,193.000,193.700,202
20260629110300,193.910,194.270,193.380,194.160,130
20260629110400,193.500,194.450,193.500,194.450,65
20260629110500,194.140,194.240,193.590,193.620,53
20260629110600,193.600,193.990,193.000,193.000,155
20260629110700,193.000,193.380,193.000,193.000,70
20260629110800,192.860,193.420,192.860,193.420,53
20260629110900,193.590,194.440,193.530,194.040,130
20260629111000,193.710,194.900,193.710,194.900,297
20260629111100,194.950,196.490,194.950,196.270,553
20260629111200,196.030,196.490,195.470,195.470,133
20260629111300,196.030,196.030,195.510,196.000,82
20260629111400,196.000,196.000,195.500,195.500,119
20260629111500,195.810,196.160,195.490,196.160,75
20260629111600,196.300,196.400,196.140,196.140,98
20260629111700,196.400,196.490,196.140,196.490,49
20260629111800,196.490,196.500,196.090,196.100,77
20260629111900,196.410,196.870,196.110,196.790,133
20260629112000,196.170,196.680,196.170,196.580,81
20260629112100,196.240,196.660,195.810,195.810,92
20260629112200,195.810,196.500,195.810,196.170,38
20260629112300,196.150,196.500,195.860,196.040,90
20260629112400,195.850,196.000,195.810,196.000,44
20260629112500,195.060,195.610,195.000,195.610,257
20260629112600,195.210,195.730,195.210,195.300,63
20260629112700,195.760,195.760,195.270,195.760,38
20260629112800,195.360,195.870,195.290,195.520,77
20260629112900,195.220,195.600,194.470,194.960,78
20260629113000,194.500,195.000,194.500,194.980,55
20260629130100,194.640,194.650,193.330,193.450,154
20260629130200,193.330,194.940,193.300,194.940,215
20260629130300,194.940,194.940,194.170,194.450,88
20260629130400,194.290,194.300,193.200,193.280,31
20260629130500,193.280,193.980,193.280,193.980,59
20260629130600,193.610,193.980,193.610,193.610,63
20260629130700,193.300,193.560,192.850,193.100,99
20260629130800,193.060,193.110,193.010,193.110,49
20260629130900,193.110,193.190,193.050,193.140,57
20260629131000,193.140,193.190,192.000,192.820,85
20260629131100,192.990,193.400,192.930,193.210,118
20260629131200,193.210,193.290,193.130,193.130,23
20260629131300,193.110,193.110,192.970,193.080,29
20260629131400,193.090,193.140,192.620,192.890,40
20260629131500,193.000,194.250,192.920,194.250,169
20260629131600,194.250,194.250,193.150,193.200,138
20260629131700,193.530,193.790,193.500,193.790,90
20260629131800,193.270,193.270,193.230,193.230,20
20260629131900,193.000,193.110,192.780,192.840,22
20260629132000,193.030,193.030,192.500,192.500,116
20260629132100,192.620,192.720,192.210,192.210,66
20260629132200,192.200,192.590,192.000,192.000,82
20260629132300,192.000,192.490,191.450,191.700,88
20260629132400,191.700,191.990,191.580,191.980,43
20260629132500,191.980,191.990,191.950,191.950,18
20260629132600,191.960,192.550,191.960,192.550,286
20260629132700,192.550,192.550,191.630,192.090,448
20260629132800,192.090,192.500,191.880,192.000,247
20260629132900,191.700,193.000,191.700,192.940,1313
20260629133000,192.940,193.000,192.650,192.660,117
20260629133100,192.660,192.670,192.030,192.070,81
20260629133200,192.120,192.920,192.100,192.920,204
20260629133300,192.690,193.000,192.270,193.000,465
20260629133400,192.990,192.990,192.400,192.860,30
20260629133500,192.820,192.920,192.410,192.410,111
20260629133600,192.500,192.500,191.800,191.990,73
20260629133700,191.990,192.140,191.880,191.900,31
20260629133800,192.000,192.000,191.500,191.560,73
20260629133900,191.280,191.690,191.280,191.690,22
20260629134000,191.680,191.680,191.220,191.220,52
20260629134100,191.250,191.290,190.950,191.290,157
20260629134200,191.480,191.680,191.400,191.680,44
20260629134300,191.800,191.800,191.000,191.480,144
20260629134400,191.640,191.690,191.480,191.690,34
20260629134500,191.700,191.720,191.650,191.660,22
20260629134600,191.550,191.550,191.250,191.250,64
20260629134700,191.370,191.500,191.190,191.360,73
20260629134800,191.100,191.520,191.070,191.070,126
20260629134900,191.070,191.070,190.500,190.900,284
20260629135000,190.750,191.000,190.750,190.990,44
20260629135100,190.990,191.160,190.900,191.000,79
20260629135200,191.000,191.020,190.890,190.990,148
20260629135300,191.000,191.000,190.740,190.790,44
20260629135400,190.790,190.790,190.700,190.720,40
20260629135500,190.550,191.000,190.550,191.000,94
20260629135600,190.850,190.950,190.850,190.950,23
20260629135700,190.950,190.970,190.870,190.930,42
20260629135800,190.870,191.500,190.840,191.310,337
20260629135900,191.260,191.260,190.700,190.820,70
20260629140000,190.820,190.820,190.730,190.820,25
20260629140100,190.810,190.900,190.810,190.900,26
20260629140200,190.900,190.990,190.900,190.990,95
20260629140300,190.990,190.990,190.900,190.910,39
20260629140400,190.900,190.900,190.830,190.900,38
20260629140500,190.940,190.990,190.940,190.970,31
20260629140600,191.000,191.000,190.970,190.990,32
20260629140700,190.980,190.980,190.460,190.550,169
20260629140800,190.560,191.000,190.560,190.970,38
20260629140900,190.790,190.940,190.770,190.880,36
20260629141000,190.880,191.000,190.880,190.930,137
20260629141100,190.760,190.950,190.700,190.700,57
20260629141200,190.710,191.000,190.660,190.670,55
20260629141300,190.660,190.880,190.500,190.510,104
20260629141400,190.860,190.860,190.570,190.830,25
20260629141500,190.690,190.690,190.100,190.480,125
20260629141600,190.480,190.480,190.140,190.150,52
20260629141700,190.440,190.440,190.000,190.000,107
20260629141800,190.000,190.090,189.610,189.650,396
20260629141900,189.620,190.000,189.620,189.990,112
20260629142000,190.000,190.000,189.990,189.990,67
20260629142100,189.990,189.990,189.790,189.810,37
20260629142200,189.810,189.850,189.810,189.840,20
20260629142300,189.840,189.840,189.520,189.520,108
20260629142400,189.330,189.620,189.240,189.620,122
20260629142500,189.850,190.000,189.630,190.000,63
20260629142600,190.000,190.200,189.920,189.920,309
20260629142700,189.930,190.000,189.900,190.000,81
20260629142800,190.000,190.070,189.970,190.070,178
20260629142900,190.080,190.100,190.000,190.000,82
20260629143000,189.990,190.090,189.970,190.030,276
20260629143100,190.010,190.100,190.010,190.050,237
20260629143200,190.000,190.200,189.990,190.170,631
20260629143300,190.230,190.490,189.970,190.000,288
20260629143400,189.810,190.100,189.810,190.100,207
20260629143500,190.000,190.110,190.000,190.110,271
20260629143600,190.110,190.460,189.990,190.310,108
20260629143700,190.500,190.500,190.400,190.400,154
20260629143800,190.400,190.400,190.140,190.400,66
20260629143900,190.380,190.400,190.290,190.290,77
20260629144000,190.280,190.280,190.140,190.230,130
20260629144100,190.230,190.230,190.110,190.230,107
20260629144200,190.230,190.800,190.220,190.800,153
20260629144300,190.800,190.800,190.400,190.400,113
20260629144400,190.330,190.540,190.330,190.540,75
20260629144500,190.470,190.760,190.470,190.760,101
20260629144600,190.610,190.970,190.420,190.660,156
20260629144700,190.810,190.960,190.670,190.940,70
20260629144800,190.930,190.930,190.730,190.930,62
20260629144900,190.870,191.890,190.730,191.890,450
20260629145000,191.880,191.880,191.220,191.260,54
20260629145100,191.250,191.890,191.250,191.890,60
20260629145200,191.850,192.480,191.700,191.700,85
20260629145300,191.810,192.330,191.800,192.320,56
20260629145400,191.950,192.300,191.730,191.730,59
20260629145500,192.150,192.150,191.600,192.000,73
20260629145600,191.790,191.870,191.600,191.650,88
20260629145700,191.690,191.830,191.170,191.830,72
20260629145800,191.830,191.830,191.830,191.830,0
20260629145900,191.830,191.830,191.830,191.830,0
20260629150000,191.110,191.110,191.110,191.110,114
20260630093000,191.410,191.410,191.410,191.410,45
20260630093100,191.410,191.500,188.500,188.520,195
20260630093200,188.530,188.760,188.090,188.610,244
20260630093300,188.530,188.810,187.780,188.150,239
20260630093400,188.770,189.050,188.210,188.210,75
20260630093500,188.170,188.440,187.700,187.710,129
20260630093600,187.710,187.760,187.010,187.050,185
20260630093700,187.090,187.150,186.730,186.730,146
20260630093800,186.230,186.800,185.690,186.000,356
20260630093900,186.000,186.310,185.680,185.910,168
20260630094000,186.290,187.100,186.270,186.330,163
20260630094100,186.290,188.150,186.270,188.150,221
20260630094200,188.120,188.130,187.380,187.380,141
20260630094300,187.380,188.560,187.200,188.240,195
20260630094400,188.490,188.500,187.680,187.790,164
20260630094500,188.020,188.800,187.640,188.090,219
20260630094600,188.120,188.120,187.270,187.310,177
20260630094700,187.310,187.600,187.000,187.050,204
20260630094800,187.220,187.840,187.060,187.060,109
20260630094900,187.060,187.180,186.300,186.300,119
20260630095000,186.330,186.810,186.030,186.030,47
20260630095100,186.430,186.430,185.000,185.780,360
20260630095200,185.510,185.900,185.050,185.090,166
20260630095300,185.320,185.320,184.660,184.710,210
20260630095400,184.980,185.190,184.440,185.150,246
20260630095500,184.970,185.230,184.700,185.230,85
20260630095600,184.820,185.260,184.820,184.940,31
20260630095700,184.820,185.060,184.500,185.060,131
20260630095800,184.700,185.260,184.700,184.730,89
20260630095900,184.510,185.050,184.510,184.640,168
20260630100000,184.660,184.960,184.500,184.500,109
20260630100100,184.510,184.670,184.480,184.670,85
20260630100200,184.570,184.570,183.050,183.900,396
20260630100300,183.280,183.500,183.160,183.160,129
20260630100400,183.140,183.230,183.030,183.050,154
20260630100500,183.010,183.030,182.500,182.520,167
20260630100600,182.740,182.750,182.230,182.230,160
20260630100700,182.150,182.150,181.650,181.880,171
20260630100800,181.850,181.860,181.180,181.180,286
20260630100900,181.160,181.160,181.020,181.070,108
20260630101000,180.880,181.010,180.640,181.010,176
20260630101100,180.820,181.040,180.820,181.010,143
20260630101200,181.040,181.520,180.820,180.820,202
20260630101300,180.830,181.300,180.600,181.020,213
20260630101400,181.000,181.030,180.260,180.400,164
20260630101500,180.500,180.740,180.390,180.560,149
20260630101600,180.710,180.960,180.590,180.730,138
20260630101700,180.790,180.800,180.390,180.640,299
20260630101800,180.630,181.010,180.570,180.880,70
20260630101900,181.200,181.200,180.630,180.890,125
20260630102000,181.040,181.040,180.650,180.860,69
20260630102100,180.850,181.030,180.270,180.270,309
20260630102200,180.270,180.270,179.760,179.760,309
20260630102300,179.980,180.010,179.590,179.660,104
20260630102400,179.900,179.900,179.560,179.560,70
20260630102500,179.570,179.580,179.000,179.360,417
20260630102600,179.260,179.840,179.180,179.590,103
20260630102700,179.590,179.840,179.560,179.840,118
20260630102800,179.730,179.850,179.500,179.520,87
20260630102900,179.500,179.620,179.500,179.620,58
20260630103000,179.620,179.770,179.570,179.650,208
20260630103100,179.710,179.740,179.250,179.260,120
20260630103200,179.250,179.650,179.250,179.430,75
20260630103300,179.530,179.530,179.380,179.440,61
20260630103400,179.440,179.480,179.250,179.280,126
20260630103500,179.480,180.810,179.480,180.100,442
20260630103600,180.010,180.470,180.010,180.210,97
20260630103700,180.410,180.410,179.970,179.990,115
20260630103800,179.970,179.970,179.460,179.460,184
20260630103900,179.450,180.200,179.450,180.190,94
20260630104000,179.960,180.050,179.760,180.050,112
20260630104100,180.190,180.270,180.190,180.190,26
20260630104200,180.270,180.270,179.950,179.950,100
20260630104300,179.920,179.920,179.660,179.660,73
20260630104400,179.660,179.830,179.660,179.820,117
20260630104500,179.950,180.040,179.740,180.030,119
20260630104600,179.980,180.010,179.770,179.770,86
20260630104700,179.850,179.900,179.710,179.770,30
20260630104800,179.700,179.820,179.540,179.820,121
20260630104900,180.110,180.110,179.650,179.650,50
20260630105000,179.540,180.090,179.540,180.070,101
20260630105100,179.900,180.230,179.650,180.010,121
20260630105200,180.010,180.010,179.710,179.710,58
20260630105300,179.870,180.100,179.620,180.000,162
20260630105400,179.940,179.940,179.750,179.750,49
20260630105500,179.860,179.860,179.630,179.660,18
20260630105600,179.850,179.850,179.580,179.800,137
20260630105700,179.920,179.920,179.700,179.710,49
20260630105800,179.720,179.850,179.570,179.580,44
20260630105900,179.800,179.800,179.800,179.800,2
20260630110000,179.580,179.780,179.500,179.780,69
20260630110100,179.780,180.220,179.750,180.010,213
20260630110200,180.200,180.200,179.800,179.800,88
20260630110300,179.800,180.000,179.800,179.920,17
20260630110400,179.770,179.970,179.770,179.970,8
20260630110500,179.760,179.970,179.600,179.600,22
20260630110600,179.720,179.750,179.720,179.750,83
20260630110700,179.810,179.810,179.500,179.560,91
20260630110800,179.800,179.800,179.590,179.590,16
20260630110900,179.760,179.760,179.520,179.600,31
20260630111000,179.520,179.520,179.450,179.500,93
20260630111100,179.470,179.470,179.450,179.450,9
20260630111200,179.450,179.570,179.450,179.570,59
20260630111300,179.730,179.730,179.550,179.550,10
20260630111400,179.730,179.790,179.730,179.790,26
20260630111500,179.630,179.830,179.630,179.820,20
20260630111600,179.800,179.860,179.750,179.750,15
20260630111700,179.750,179.750,179.700,179.700,16
20260630111800,179.580,179.700,179.580,179.700,15
20260630111900,179.710,179.720,179.710,179.720,5
20260630112000,179.720,179.990,179.720,179.990,45
20260630112100,179.990,180.280,179.920,179.920,129
20260630112200,179.900,179.910,179.700,179.910,12
20260630112300,179.910,179.910,179.700,179.710,16
20260630112400,179.880,179.880,179.700,179.820,8
20260630112500,179.830,179.900,179.710,179.900,32
20260630112600,179.720,179.870,179.570,179.570,41
20260630112700,179.690,179.690,179.500,179.650,35
20260630112800,179.650,179.940,179.370,179.760,86
20260630112900,179.500,179.950,179.460,179.920,50
20260630113000,179.890,179.920,179.710,179.710,27
20260630130100,179.700,180.350,179.680,180.340,244
20260630130200,180.360,180.990,180.360,180.360,189
20260630130300,180.080,180.300,179.990,180.010,121
20260630130400,179.770,179.770,179.370,179.430,105
20260630130500,179.430,179.490,179.370,179.370,61
20260630130600,179.370,179.530,179.370,179.500,130
20260630130700,179.630,179.940,179.450,179.620,53
20260630130800,179.610,179.980,179.610,179.950,32
20260630130900,179.690,179.770,179.580,179.690,64
20260630131000,179.770,180.000,179.770,179.960,171
20260630131100,179.970,179.970,179.780,179.790,57
20260630131200,179.750,179.860,179.680,179.860,60
20260630131300,179.970,179.970,179.280,179.340,114
20260630131400,179.280,179.280,179.020,179.280,217
20260630131500,179.280,179.470,179.040,179.330,86
20260630131600,179.370,179.840,179.370,179.840,66
20260630131700,179.840,180.150,179.840,180.150,105
20260630131800,180.190,180.260,179.800,179.800,68
